Date,open,high,low,close,adj close,volume
2016-02-03,18.0,18.8799991607666,16.0,18.200000762939453,18.200000762939453,4157900
2016-02-04,18.26000022888184,19.420000076293945,17.56999969482422,18.5,18.5,469900
2016-02-05,18.84000015258789,18.8799991607666,17.520000457763672,17.600000381469727,17.600000381469727,219900
2016-02-08,17.520000457763672,18.0,15.720000267028809,15.850000381469728,15.850000381469728,372100
2016-02-09,15.5,15.5,12.748000144958496,12.8100004196167,12.8100004196167,744100
2016-02-10,13.010000228881836,14.0,12.789999961853027,13.09000015258789,13.09000015258789,260800
2016-02-11,12.970000267028809,16.899999618530273,12.56999969482422,15.770000457763672,15.770000457763672,258900
2016-02-12,16.0,17.440000534057617,15.050000190734863,15.399999618530272,15.399999618530272,216300
2016-02-16,15.850000381469728,16.204999923706055,15.729999542236328,15.9399995803833,15.9399995803833,142500
2016-02-17,16.739999771118164,17.15999984741211,15.960000038146973,16.700000762939453,16.700000762939453,245500
2016-02-18,17.149999618530273,17.389999389648438,16.200000762939453,16.75,16.75,129900
2016-02-19,16.860000610351562,19.979999542236328,16.65999984741211,18.479999542236328,18.479999542236328,345700
2016-02-22,19.600000381469727,21.89999961853028,19.100000381469727,21.6200008392334,21.6200008392334,417000
2016-02-23,21.299999237060547,23.479999542236328,21.26000022888184,22.6200008392334,22.6200008392334,411800
2016-02-24,22.89999961853028,24.559999465942383,22.0,23.21999931335449,23.21999931335449,498300
2016-02-25,22.84000015258789,24.280000686645508,22.799999237060547,23.950000762939453,23.950000762939453,325800
2016-02-26,25.36000061035156,29.39999961853028,24.31999969482422,27.489999771118164,27.489999771118164,583100
2016-02-29,28.0,30.1200008392334,27.440000534057617,28.950000762939453,28.950000762939453,618700
2016-03-01,29.46999931335449,29.799999237060547,26.690000534057617,28.959999084472656,28.959999084472656,532700
2016-03-02,29.0,31.89999961853028,28.049999237060547,31.89999961853028,31.89999961853028,394300
2016-03-03,32.91999816894531,39.07500076293945,31.51099967956543,37.4900016784668,37.4900016784668,590000
2016-03-04,39.0,39.130001068115234,34.25,35.560001373291016,35.560001373291016,577300
2016-03-07,35.88999938964844,41.59999847412109,35.88999938964844,39.11000061035156,39.11000061035156,421100
2016-03-08,41.9900016784668,43.9900016784668,40.130001068115234,41.9900016784668,41.9900016784668,603900
2016-03-09,42.70000076293945,43.40999984741211,30.0,31.100000381469727,31.100000381469727,1444300
2016-03-10,32.5,32.5,25.63999938964844,26.739999771118164,26.739999771118164,816900
2016-03-11,27.979999542236328,32.0,27.25,31.25,31.25,467800
2016-03-14,31.25,34.29999923706055,30.51000022888184,30.770000457763672,30.770000457763672,305500
2016-03-15,29.850000381469727,33.349998474121094,29.39999961853028,32.34000015258789,32.34000015258789,197800
2016-03-16,32.08000183105469,35.20000076293945,31.01000022888184,31.020000457763672,31.020000457763672,278500
2016-03-17,31.170000076293945,32.53900146484375,30.309999465942383,30.43000030517578,30.43000030517578,290400
2016-03-18,31.56999969482422,31.56999969482422,28.020000457763672,29.36000061035156,29.36000061035156,1080500
2016-03-21,30.239999771118164,30.5,29.0,29.959999084472656,29.959999084472656,229900
2016-03-22,29.950000762939453,30.3799991607666,29.200000762939453,29.8799991607666,29.8799991607666,100100
2016-03-23,30.0,30.8799991607666,29.11000061035156,30.450000762939453,30.450000762939453,294000
2016-03-24,30.440000534057617,31.56999969482422,30.049999237060547,31.309999465942383,31.309999465942383,185400
2016-03-28,31.780000686645508,31.989999771118164,30.049999237060547,30.530000686645508,30.530000686645508,104100
2016-03-29,30.1299991607666,33.2400016784668,30.1299991607666,32.61000061035156,32.61000061035156,158500
2016-03-30,33.0,34.32500076293945,31.020000457763672,31.190000534057617,31.190000534057617,122500
2016-03-31,32.0,35.0,31.5,34.540000915527344,34.540000915527344,976300
2016-04-01,35.0,37.40999984741211,33.16999816894531,36.900001525878906,36.900001525878906,230300
2016-04-04,37.290000915527344,40.5,37.0,39.58000183105469,39.58000183105469,333900
2016-04-05,39.45000076293945,42.845001220703125,38.59999847412109,42.040000915527344,42.040000915527344,403700
2016-04-06,41.97999954223633,43.5,41.61199951171875,41.83000183105469,41.83000183105469,271900
2016-04-07,41.5,41.56399917602539,38.59999847412109,39.86000061035156,39.86000061035156,372000
2016-04-08,40.40999984741211,41.13199996948242,40.0,40.45000076293945,40.45000076293945,236900
2016-04-11,41.04999923706055,41.18999862670898,37.2599983215332,37.869998931884766,37.869998931884766,241900
2016-04-12,37.47999954223633,37.90999984741211,35.41999816894531,37.11000061035156,37.11000061035156,275100
2016-04-13,38.61000061035156,38.61000061035156,37.150001525878906,38.18999862670898,38.18999862670898,107900
2016-04-14,38.09999847412109,40.757999420166016,38.09999847412109,39.72999954223633,39.72999954223633,159200
2016-04-15,39.66999816894531,41.400001525878906,39.66999816894531,39.869998931884766,39.869998931884766,161200
2016-04-18,40.5,41.2599983215332,40.0,40.36000061035156,40.36000061035156,57000
2016-04-19,40.7599983215332,41.09999847412109,38.75,39.59000015258789,39.59000015258789,144900
2016-04-20,39.7400016784668,40.96599960327149,39.09999847412109,40.63999938964844,40.63999938964844,67600
2016-04-21,41.040000915527344,41.2400016784668,39.52000045776367,40.22999954223633,40.22999954223633,91000
2016-04-22,40.47999954223633,40.757999420166016,37.7599983215332,38.09999847412109,38.09999847412109,210600
2016-04-25,38.09000015258789,39.5,38.09000015258789,38.709999084472656,38.709999084472656,121900
2016-04-26,39.27999877929688,39.40999984741211,36.5,37.0,37.0,141200
2016-04-27,36.86000061035156,36.97999954223633,36.02000045776367,36.369998931884766,36.369998931884766,141600
2016-04-28,36.97999954223633,38.02999877929688,34.040000915527344,34.13999938964844,34.13999938964844,152300
2016-04-29,34.0,34.54999923706055,32.029998779296875,33.04999923706055,33.04999923706055,215000
2016-05-02,33.06999969482422,34.30899810791016,33.06999969482422,33.5099983215332,33.5099983215332,91100
2016-05-03,33.470001220703125,33.52000045776367,30.989999771118164,30.989999771118164,30.989999771118164,181900
2016-05-04,32.04999923706055,32.18000030517578,30.0,30.200000762939453,30.200000762939453,169900
2016-05-05,31.0,32.5,30.292999267578125,31.989999771118164,31.989999771118164,199700
2016-05-06,31.89999961853028,32.560001373291016,29.43000030517578,30.1299991607666,30.1299991607666,169800
2016-05-09,30.040000915527344,30.972999572753903,30.040000915527344,30.299999237060547,30.299999237060547,76000
2016-05-10,30.299999237060547,30.88999938964844,30.200000762939453,30.61000061035156,30.61000061035156,79100
2016-05-11,30.440000534057617,30.940000534057617,30.299999237060547,30.38999938964844,30.38999938964844,105700
2016-05-12,30.40999984741211,30.40999984741211,27.979999542236328,28.540000915527344,28.540000915527344,251100
2016-05-13,28.63999938964844,30.34499931335449,28.6200008392334,30.09000015258789,30.09000015258789,114400
2016-05-16,31.0,36.244998931884766,30.88999938964844,34.0,34.0,573800
2016-05-17,35.099998474121094,35.599998474121094,32.20000076293945,32.20000076293945,32.20000076293945,185800
2016-05-18,31.950000762939453,33.52000045776367,31.8799991607666,33.34000015258789,33.34000015258789,106100
2016-05-19,33.4900016784668,34.43000030517578,32.47999954223633,32.849998474121094,32.849998474121094,160700
2016-05-20,32.93000030517578,33.73699951171875,32.66999816894531,33.25,33.25,131400
2016-05-23,33.13999938964844,34.55799865722656,33.06999969482422,33.779998779296875,33.779998779296875,203100
2016-05-24,33.86000061035156,36.09999847412109,33.86000061035156,35.75,35.75,201800
2016-05-25,36.0,37.0,35.150001525878906,36.02000045776367,36.02000045776367,254400
2016-05-26,36.0,36.584999084472656,35.189998626708984,35.38999938964844,35.38999938964844,77700
2016-05-27,36.0,36.25,34.400001525878906,35.220001220703125,35.220001220703125,162800
2016-05-31,35.220001220703125,37.2400016784668,35.02000045776367,37.09000015258789,37.09000015258789,227500
2016-06-01,37.11000061035156,38.25,36.52000045776367,36.790000915527344,36.790000915527344,154900
2016-06-02,36.08000183105469,37.95000076293945,34.02000045776367,34.84000015258789,34.84000015258789,167600
2016-06-03,34.209999084472656,35.47999954223633,33.02000045776367,33.709999084472656,33.709999084472656,182100
2016-06-06,33.75,33.81999969482422,32.04999923706055,32.88999938964844,32.88999938964844,216400
2016-06-07,32.68000030517578,35.08000183105469,32.52000045776367,33.56999969482422,33.56999969482422,193400
2016-06-08,33.689998626708984,35.0,33.08000183105469,34.470001220703125,34.470001220703125,217800
2016-06-09,34.0,34.92499923706055,32.290000915527344,32.38999938964844,32.38999938964844,142200
2016-06-10,32.0,32.02199935913086,30.39999961853028,30.540000915527344,30.540000915527344,189200
2016-06-13,30.100000381469727,30.952999114990234,29.709999084472656,30.030000686645508,30.030000686645508,243400
2016-06-14,30.25,31.01000022888184,29.700000762939453,30.8700008392334,30.8700008392334,179200
2016-06-15,30.920000076293945,32.66999816894531,30.920000076293945,32.529998779296875,32.529998779296875,141100
2016-06-16,32.220001220703125,32.54499816894531,30.51000022888184,31.299999237060547,31.299999237060547,287000
2016-06-17,31.40999984741211,31.549999237060547,29.690000534057617,29.690000534057617,29.690000534057617,646900
2016-06-20,30.01000022888184,31.25,29.06999969482422,29.68000030517578,29.68000030517578,185100
2016-06-21,29.700000762939453,30.190000534057617,26.799999237060547,27.59000015258789,27.59000015258789,361500
2016-06-22,27.8799991607666,29.440000534057617,26.799999237060547,28.07999992370605,28.07999992370605,153500
2016-06-23,28.14999961853028,28.64800071716309,27.5,28.350000381469727,28.350000381469727,133200
2016-06-24,26.559999465942383,27.309999465942383,25.450000762939453,26.06999969482422,26.06999969482422,328600
2016-06-27,25.25,27.38999938964844,22.5,23.86000061035156,23.86000061035156,374500
2016-06-28,24.299999237060547,25.76000022888184,24.299999237060547,24.809999465942383,24.809999465942383,169800
2016-06-29,25.25,25.540000915527344,24.520000457763672,25.18000030517578,25.18000030517578,123300
2016-06-30,25.21999931335449,25.459999084472656,23.600000381469727,24.39999961853028,24.39999961853028,189500
2016-07-01,24.450000762939453,25.82999992370605,24.450000762939453,25.450000762939453,25.450000762939453,129700
2016-07-05,25.700000762939453,26.989999771118164,24.39699935913086,25.200000762939453,25.200000762939453,110500
2016-07-06,24.850000381469727,25.5,24.540000915527344,25.5,25.5,140900
2016-07-07,25.690000534057617,26.395000457763672,25.11000061035156,25.6200008392334,25.6200008392334,64700
2016-07-08,25.0,25.61000061035156,24.63999938964844,25.31999969482422,25.31999969482422,146800
2016-07-11,25.5,26.14200019836425,25.0,25.239999771118164,25.239999771118164,78300
2016-07-12,25.39999961853028,25.690000534057617,24.82099914550781,25.63999938964844,25.63999938964844,117800
2016-07-13,25.84000015258789,26.670000076293945,25.17399978637696,25.3700008392334,25.3700008392334,104100
2016-07-14,25.63999938964844,25.799999237060547,24.68000030517578,24.770000457763672,24.770000457763672,88400
2016-07-15,24.850000381469727,24.97599983215332,24.31999969482422,24.729999542236328,24.729999542236328,60300
2016-07-18,24.739999771118164,25.604999542236328,24.43000030517578,24.559999465942383,24.559999465942383,69200
2016-07-19,24.440000534057617,25.5,24.26000022888184,24.57999992370605,24.57999992370605,54200
2016-07-20,24.799999237060547,25.540000915527344,24.57999992370605,25.479999542236328,25.479999542236328,85300
2016-07-21,25.600000381469727,26.4379997253418,25.51000022888184,25.84000015258789,25.84000015258789,162700
2016-07-22,26.01000022888184,28.31100082397461,25.86000061035156,27.11000061035156,27.11000061035156,214400
2016-07-25,28.21999931335449,28.21999931335449,26.200000762939453,26.450000762939453,26.450000762939453,107400
2016-07-26,26.520000457763672,27.299999237060547,26.049999237060547,27.07999992370605,27.07999992370605,58800
2016-07-27,27.32999992370605,28.25900077819824,26.809999465942383,28.200000762939453,28.200000762939453,87800
2016-07-28,28.489999771118164,28.631999969482425,27.11000061035156,27.280000686645508,27.280000686645508,66000
2016-07-29,27.39999961853028,27.56599998474121,25.59000015258789,25.71999931335449,25.71999931335449,183600
2016-08-01,25.75,26.049999237060547,25.51000022888184,25.700000762939453,25.700000762939453,123600
2016-08-02,25.700000762939453,25.82999992370605,24.32999992370605,24.96999931335449,24.96999931335449,142000
2016-08-03,25.549999237060547,25.732999801635746,24.63999938964844,25.059999465942383,25.059999465942383,70200
2016-08-04,25.229999542236328,25.540000915527344,24.549999237060547,24.989999771118164,24.989999771118164,83300
2016-08-05,25.14999961853028,25.46999931335449,24.690000534057617,24.8700008392334,24.8700008392334,160100
2016-08-08,25.01000022888184,25.200000762939453,22.89999961853028,23.700000762939453,23.700000762939453,411800
2016-08-09,23.600000381469727,24.097999572753903,22.799999237060547,23.280000686645508,23.280000686645508,214100
2016-08-10,24.89999961853028,24.950000762939453,21.5,21.5,21.5,469200
2016-08-11,21.549999237060547,21.63999938964844,20.25,20.739999771118164,20.739999771118164,448100
2016-08-12,20.5,20.5,19.753999710083008,20.11000061035156,20.11000061035156,324700
2016-08-15,20.11000061035156,20.540000915527344,20.100000381469727,20.36000061035156,20.36000061035156,208100
2016-08-16,20.100000381469727,20.299999237060547,19.63999938964844,19.940000534057617,19.940000534057617,251500
2016-08-17,19.950000762939453,19.950000762939453,18.8700008392334,19.059999465942383,19.059999465942383,352600
2016-08-18,19.049999237060547,19.36000061035156,17.5,17.760000228881836,17.760000228881836,539400
2016-08-19,17.56999969482422,18.790000915527344,17.520000457763672,18.670000076293945,18.670000076293945,403400
2016-08-22,18.93000030517578,19.641000747680664,18.770000457763672,19.420000076293945,19.420000076293945,367200
2016-08-23,19.75,20.709999084472656,19.63999938964844,20.1299991607666,20.1299991607666,427500
2016-08-24,20.25,20.64999961853028,18.21999931335449,18.350000381469727,18.350000381469727,437700
2016-08-25,18.39999961853028,19.43000030517578,18.1299991607666,18.350000381469727,18.350000381469727,235500
2016-08-26,18.290000915527344,18.38500022888184,17.709999084472656,18.32999992370605,18.32999992370605,247900
2016-08-29,18.15999984741211,18.232999801635746,16.56399917602539,17.420000076293945,17.420000076293945,398500
2016-08-30,17.420000076293945,18.450000762939453,17.059999465942383,17.709999084472656,17.709999084472656,457900
2016-08-31,17.6299991607666,17.75200080871582,16.670000076293945,16.81999969482422,16.81999969482422,285900
2016-09-01,16.799999237060547,17.059999465942383,16.5,16.739999771118164,16.739999771118164,176400
2016-09-02,16.700000762939453,16.700000762939453,15.899999618530272,16.110000610351562,16.110000610351562,287200
2016-09-06,16.06999969482422,16.15999984741211,15.06999969482422,16.020000457763672,16.020000457763672,772700
2016-09-07,16.170000076293945,16.969999313354492,15.93000030517578,16.610000610351562,16.610000610351562,217500
2016-09-08,16.450000762939453,17.649999618530273,16.3700008392334,17.209999084472656,17.209999084472656,380900
2016-09-09,17.280000686645508,17.360000610351562,16.399999618530273,16.510000228881836,16.510000228881836,426000
2016-09-12,16.34000015258789,16.670000076293945,16.211999893188477,16.56999969482422,16.56999969482422,241800
2016-09-13,16.389999389648438,16.415000915527344,15.369999885559082,15.539999961853027,15.539999961853027,342900
2016-09-14,15.4399995803833,15.82900047302246,14.899999618530272,14.970000267028809,14.970000267028809,361700
2016-09-15,15.0,15.300000190734863,14.920000076293944,15.0600004196167,15.0600004196167,238900
2016-09-16,14.9399995803833,15.154000282287598,14.25,14.489999771118164,14.489999771118164,1068200
2016-09-19,14.510000228881836,15.25,14.289999961853027,14.75,14.75,525500
2016-09-20,14.869999885559082,15.739999771118164,14.800000190734863,14.899999618530272,14.899999618530272,338400
2016-09-21,15.15999984741211,15.460000038146973,14.359999656677246,14.9399995803833,14.9399995803833,263700
2016-09-22,15.0,15.12399959564209,14.699999809265137,14.800000190734863,14.800000190734863,223900
2016-09-23,14.710000038146973,15.050000190734863,14.25,14.460000038146973,14.460000038146973,290000
2016-09-26,14.420000076293944,14.435999870300291,13.68000030517578,14.119999885559082,14.119999885559082,337500
2016-09-27,13.869999885559082,14.43000030517578,13.869999885559082,14.119999885559082,14.119999885559082,225900
2016-09-28,14.199999809265137,14.25,13.550000190734863,13.920000076293944,13.920000076293944,226900
2016-09-29,13.84000015258789,13.859999656677246,13.479999542236328,13.539999961853027,13.539999961853027,234300
2016-09-30,13.529999732971191,13.663999557495115,13.100000381469728,13.479999542236328,13.479999542236328,173500
2016-10-03,13.5,13.95400047302246,13.119999885559082,13.489999771118164,13.489999771118164,204900
2016-10-04,13.84000015258789,15.399999618530272,13.545000076293944,14.920000076293944,14.920000076293944,721400
2016-10-05,14.920000076293944,16.424999237060547,14.600000381469728,15.479999542236328,15.479999542236328,771900
2016-10-06,15.529999732971191,15.529999732971191,14.329999923706056,15.010000228881836,15.010000228881836,580600
2016-10-07,15.0,15.100000381469728,14.0,14.0600004196167,14.0600004196167,459900
2016-10-10,13.899999618530272,14.630000114440918,13.850000381469728,14.510000228881836,14.510000228881836,188800
2016-10-11,14.390000343322754,14.5,13.880000114440918,14.050000190734863,14.050000190734863,181900
2016-10-12,14.0,14.0,13.050000190734863,13.140000343322754,13.140000343322754,315500
2016-10-13,13.149999618530272,13.899999618530272,13.149999618530272,13.770000457763672,13.770000457763672,338600
2016-10-14,13.9399995803833,14.31999969482422,13.380000114440918,13.4399995803833,13.4399995803833,194800
2016-10-17,13.470000267028809,13.65999984741211,13.029999732971191,13.260000228881836,13.260000228881836,180400
2016-10-18,13.5,13.989999771118164,13.399999618530272,13.8100004196167,13.8100004196167,149600
2016-10-19,13.850000381469728,14.015000343322754,13.5,13.90999984741211,13.90999984741211,123600
2016-10-20,13.920000076293944,14.789999961853027,13.920000076293944,14.699999809265137,14.699999809265137,183500
2016-10-21,14.699999809265137,15.420000076293944,14.479999542236328,15.31999969482422,15.31999969482422,542000
2016-10-24,15.550000190734863,16.32900047302246,15.140000343322754,16.280000686645508,16.280000686645508,643000
2016-10-25,16.5,16.5,14.5,14.640000343322754,14.640000343322754,462400
2016-10-26,14.550000190734863,14.859999656677246,13.93000030517578,14.0,14.0,259500
2016-10-27,14.100000381469728,14.848999977111816,12.989999771118164,13.220000267028809,13.220000267028809,391300
2016-10-28,13.079999923706056,13.260000228881836,12.890000343322754,13.100000381469728,13.100000381469728,274400
2016-10-31,13.100000381469728,14.229999542236328,13.0,14.140000343322754,14.140000343322754,268500
2016-11-01,14.199999809265137,14.520000457763672,13.68000030517578,13.989999771118164,13.989999771118164,194900
2016-11-02,14.020000457763672,14.119000434875488,13.029999732971191,13.100000381469728,13.100000381469728,239600
2016-11-03,13.1899995803833,13.550000190734863,12.43000030517578,12.460000038146973,12.460000038146973,400500
2016-11-04,12.5,13.5,12.460000038146973,13.229999542236328,13.229999542236328,239900
2016-11-07,13.5,13.979999542236328,13.3100004196167,13.460000038146973,13.460000038146973,301700
2016-11-08,13.5,14.18000030517578,12.75,13.899999618530272,13.899999618530272,438600
2016-11-09,13.800000190734863,14.489999771118164,13.612000465393066,14.460000038146973,14.460000038146973,403500
2016-11-10,14.5,15.579999923706056,14.489999771118164,15.109999656677246,15.109999656677246,544500
2016-11-11,15.010000228881836,16.5,14.970000267028809,16.350000381469727,16.350000381469727,427600
2016-11-14,16.399999618530273,17.790000915527344,16.364999771118164,17.0,17.0,539600
2016-11-15,17.170000076293945,17.920000076293945,15.720000267028809,16.489999771118164,16.489999771118164,621000
2016-11-16,16.6200008392334,16.6299991607666,15.56999969482422,15.600000381469728,15.600000381469728,301400
2016-11-17,15.510000228881836,16.040000915527344,15.510000228881836,15.65999984741211,15.65999984741211,204900
2016-11-18,15.710000038146973,15.81999969482422,15.050000190734863,15.210000038146973,15.210000038146973,158600
2016-11-21,15.130000114440918,15.760000228881836,14.59000015258789,15.65999984741211,15.65999984741211,231700
2016-11-22,15.890000343322754,15.942999839782717,15.079999923706056,15.729999542236328,15.729999542236328,180100
2016-11-23,15.4399995803833,15.859999656677246,14.899999618530272,15.68000030517578,15.68000030517578,191600
2016-11-25,15.649999618530272,15.649999618530272,15.06999969482422,15.289999961853027,15.289999961853027,93300
2016-11-28,15.25,15.498000144958496,14.640000343322754,15.029999732971191,15.029999732971191,274000
2016-11-29,15.0,15.166999816894531,14.010000228881836,14.020000457763672,14.020000457763672,329700
2016-11-30,14.0600004196167,14.489999771118164,13.789999961853027,14.270000457763672,14.270000457763672,408400
2016-12-01,14.40999984741211,14.710000038146973,13.869999885559082,13.989999771118164,13.989999771118164,356300
2016-12-02,13.850000381469728,15.600000381469728,13.75,15.539999961853027,15.539999961853027,312600
2016-12-05,15.43000030517578,15.960000038146973,15.100000381469728,15.760000228881836,15.760000228881836,430800
2016-12-06,15.800000190734863,16.0,15.149999618530272,15.979999542236328,15.979999542236328,386600
2016-12-07,16.0,16.0,15.359999656677246,15.800000190734863,15.800000190734863,378100
2016-12-08,15.81999969482422,16.760000228881836,15.41100025177002,16.700000762939453,16.700000762939453,401600
2016-12-09,16.8799991607666,17.049999237060547,15.68000030517578,15.960000038146973,15.960000038146973,330200
2016-12-12,16.0,16.434999465942383,15.289999961853027,15.56999969482422,15.56999969482422,291200
2016-12-13,15.539999961853027,16.0,15.3100004196167,15.880000114440918,15.880000114440918,328600
2016-12-14,15.9399995803833,16.989999771118164,15.59000015258789,16.760000228881836,16.760000228881836,324200
2016-12-15,16.760000228881836,16.950000762939453,16.06999969482422,16.940000534057617,16.940000534057617,437400
2016-12-16,17.0,18.89999961853028,16.959999084472656,17.010000228881836,17.010000228881836,1981400
2016-12-19,16.950000762939453,17.65999984741211,16.43000030517578,16.780000686645508,16.780000686645508,444600
2016-12-20,17.059999465942383,18.3799991607666,16.81999969482422,17.84000015258789,17.84000015258789,530600
2016-12-21,18.0,18.940000534057617,18.0,18.690000534057617,18.690000534057617,514500
2016-12-22,18.89999961853028,18.93899917602539,16.40999984741211,16.860000610351562,16.860000610351562,613600
2016-12-23,16.950000762939453,17.549999237060547,16.7810001373291,17.079999923706055,17.079999923706055,268800
2016-12-27,17.209999084472656,18.25,17.190000534057617,17.559999465942383,17.559999465942383,221100
2016-12-28,17.68000030517578,17.8799991607666,16.760000228881836,17.059999465942383,17.059999465942383,216700
2016-12-29,17.0,17.079999923706055,16.030000686645508,16.100000381469727,16.100000381469727,363000
2016-12-30,16.040000915527344,16.474000930786133,16.040000915527344,16.229999542236328,16.229999542236328,175400
2017-01-03,16.489999771118164,17.110000610351562,16.299999237060547,17.040000915527344,17.040000915527344,238000
2017-01-04,17.170000076293945,18.75,17.059999465942383,18.5,18.5,445400
2017-01-05,18.25,18.98900032043457,17.3799991607666,17.530000686645508,17.530000686645508,467500
2017-01-06,17.610000610351562,18.239999771118164,17.3799991607666,17.510000228881836,17.510000228881836,195200
2017-01-09,18.049999237060547,18.75,17.579999923706055,18.38999938964844,18.38999938964844,447900
2017-01-10,18.65999984741211,18.8700008392334,17.815000534057617,18.600000381469727,18.600000381469727,473200
2017-01-11,18.940000534057617,19.71999931335449,17.5310001373291,18.489999771118164,18.489999771118164,618300
2017-01-12,18.600000381469727,18.999000549316406,18.270000457763672,18.530000686645508,18.530000686645508,192000
2017-01-13,18.5,19.36899948120117,18.309999465942383,18.76000022888184,18.76000022888184,485100
2017-01-17,18.76000022888184,18.809999465942383,17.31999969482422,17.8799991607666,17.8799991607666,446700
2017-01-18,18.049999237060547,18.14999961853028,17.535999298095703,18.1299991607666,18.1299991607666,266600
2017-01-19,18.170000076293945,18.21999931335449,17.549999237060547,18.14999961853028,18.14999961853028,195900
2017-01-20,18.100000381469727,18.86000061035156,17.95800018310547,18.31999969482422,18.31999969482422,330400
2017-01-23,18.39999961853028,19.229999542236328,17.860000610351562,18.540000915527344,18.540000915527344,243100
2017-01-24,18.63999938964844,18.819000244140625,17.549999237060547,18.059999465942383,18.059999465942383,405300
2017-01-25,18.190000534057617,18.479999542236328,17.77199935913086,18.14999961853028,18.14999961853028,174200
2017-01-26,18.290000915527344,18.71999931335449,17.959999084472656,18.06999969482422,18.06999969482422,226900
2017-01-27,18.010000228881836,18.479999542236328,17.889999389648438,18.31999969482422,18.31999969482422,182800
2017-01-30,18.020000457763672,18.13999938964844,17.030000686645508,17.06999969482422,17.06999969482422,356400
2017-01-31,17.06999969482422,17.860000610351562,17.010000228881836,17.420000076293945,17.420000076293945,319400
2017-02-01,17.549999237060547,18.31999969482422,17.5,18.239999771118164,18.239999771118164,348200
2017-02-02,18.229999542236328,18.280000686645508,17.829999923706055,17.969999313354492,17.969999313354492,134700
2017-02-03,18.14999961853028,18.51000022888184,18.06999969482422,18.440000534057617,18.440000534057617,221600
2017-02-06,18.479999542236328,19.0,18.459999084472656,18.739999771118164,18.739999771118164,161000
2017-02-07,18.89999961853028,18.93000030517578,18.229999542236328,18.559999465942383,18.559999465942383,192200
2017-02-08,18.57999992370605,18.631000518798828,17.700000762939453,17.8700008392334,17.8700008392334,225600
2017-02-09,17.860000610351562,18.77499961853028,17.792999267578125,18.57999992370605,18.57999992370605,319000
2017-02-10,18.65999984741211,18.89999961853028,18.450000762939453,18.56999969482422,18.56999969482422,153700
2017-02-13,18.68000030517578,18.88999938964844,18.46999931335449,18.600000381469727,18.600000381469727,147300
2017-02-14,18.5,18.950000762939453,18.11000061035156,18.86000061035156,18.86000061035156,213300
2017-02-15,18.709999084472656,25.0,18.61000061035156,24.299999237060547,24.299999237060547,5629100
2017-02-16,24.31999969482422,26.97900009155273,23.5,24.75,24.75,3259900
2017-02-17,24.540000915527344,26.440000534057617,23.76000022888184,26.020000457763672,26.020000457763672,1676300
2017-02-21,26.57999992370605,28.5,26.1299991607666,27.270000457763672,27.270000457763672,1755100
2017-02-22,27.489999771118164,28.09000015258789,23.459999084472656,23.600000381469727,23.600000381469727,2245400
2017-02-23,24.40999984741211,24.964000701904297,22.809999465942383,23.59000015258789,23.59000015258789,861300
2017-02-24,23.200000762939453,24.14999961853028,22.89999961853028,23.540000915527344,23.540000915527344,514800
2017-02-27,23.3700008392334,23.59000015258789,22.8700008392334,23.0,23.0,689000
2017-02-28,22.799999237060547,25.55299949645996,22.350000381469727,24.93000030517578,24.93000030517578,865200
2017-03-01,25.0,25.799999237060547,24.31999969482422,24.600000381469727,24.600000381469727,545600
2017-03-02,24.59000015258789,25.790000915527344,23.530000686645508,23.6299991607666,23.6299991607666,574600
2017-03-03,23.540000915527344,23.958999633789062,21.71999931335449,22.020000457763672,22.020000457763672,790500
2017-03-06,21.75,22.3799991607666,20.600000381469727,21.020000457763672,21.020000457763672,862700
2017-03-07,21.0,21.600000381469727,20.61000061035156,21.280000686645508,21.280000686645508,546300
2017-03-08,20.5,22.5,20.26000022888184,21.940000534057617,21.940000534057617,921000
2017-03-09,22.06999969482422,24.28700065612793,22.06999969482422,23.700000762939453,23.700000762939453,975600
2017-03-10,23.540000915527344,25.13999938964844,23.34000015258789,25.059999465942383,25.059999465942383,655600
2017-03-13,25.200000762939453,25.200000762939453,24.030000686645508,24.90999984741211,24.90999984741211,423700
2017-03-14,26.729999542236328,29.200000762939453,25.8799991607666,26.040000915527344,26.040000915527344,2347800
2017-03-15,26.40999984741211,27.0,23.86000061035156,24.63999938964844,24.63999938964844,1266400
2017-03-16,24.63999938964844,26.459999084472656,24.6299991607666,24.90999984741211,24.90999984741211,1219100
2017-03-17,22.799999237060547,23.82999992370605,22.209999084472656,22.299999237060547,22.299999237060547,6599700
2017-03-20,22.64999961853028,22.809999465942383,22.176000595092773,22.40999984741211,22.40999984741211,1434400
2017-03-21,22.450000762939453,22.6299991607666,20.09000015258789,20.86000061035156,20.86000061035156,2343000
2017-03-22,20.71999931335449,21.18000030517578,20.600000381469727,20.8700008392334,20.8700008392334,872400
2017-03-23,20.790000915527344,21.07999992370605,19.190000534057617,19.270000457763672,19.270000457763672,1828500
2017-03-24,19.61000061035156,20.336000442504883,18.700000762939453,19.26000022888184,19.26000022888184,1241600
2017-03-27,19.040000915527344,20.77899932861328,18.850000381469727,20.690000534057617,20.690000534057617,1288300
2017-03-28,22.0,22.815000534057617,21.020000457763672,21.8799991607666,21.8799991607666,2256600
2017-03-29,21.88999938964844,22.5,21.718000411987305,22.21999931335449,22.21999931335449,1079800
2017-03-30,22.239999771118164,22.549999237060547,21.01000022888184,22.1299991607666,22.1299991607666,979600
2017-03-31,22.15999984741211,22.690000534057617,21.790000915527344,22.31999969482422,22.31999969482422,965600
2017-04-03,22.479999542236328,22.739999771118164,21.809999465942383,22.25,22.25,757800
2017-04-04,22.229999542236328,22.38999938964844,21.709999084472656,21.940000534057617,21.940000534057617,425500
2017-04-05,21.96999931335449,22.07999992370605,20.3799991607666,20.46999931335449,20.46999931335449,636500
2017-04-06,20.520000457763672,21.26000022888184,20.31999969482422,21.190000534057617,21.190000534057617,484000
2017-04-07,21.190000534057617,21.350000381469727,20.700000762939453,20.89999961853028,20.89999961853028,420900
2017-04-10,20.89999961853028,21.75,20.89999961853028,20.96999931335449,20.96999931335449,372900
2017-04-11,21.020000457763672,21.415000915527344,20.01000022888184,20.51000022888184,20.51000022888184,601700
2017-04-12,20.670000076293945,20.73699951171875,19.57999992370605,19.6299991607666,19.6299991607666,625700
2017-04-13,19.57999992370605,20.61000061035156,19.1200008392334,20.479999542236328,20.479999542236328,847400
2017-04-17,20.479999542236328,20.850000381469727,19.93000030517578,20.790000915527344,20.790000915527344,588500
2017-04-18,20.780000686645508,20.780000686645508,19.200000762939453,19.420000076293945,19.420000076293945,681200
2017-04-19,19.489999771118164,19.91900062561035,19.1200008392334,19.25,19.25,570900
2017-04-20,19.450000762939453,19.708999633789062,19.14999961853028,19.200000762939453,19.200000762939453,348500
2017-04-21,19.21999931335449,19.420000076293945,18.75,18.989999771118164,18.989999771118164,395200
2017-04-24,19.26000022888184,19.700000762939453,18.63999938964844,19.40999984741211,19.40999984741211,596000
2017-04-25,19.57999992370605,19.950000762939453,19.270000457763672,19.729999542236328,19.729999542236328,402100
2017-04-26,19.799999237060547,19.8700008392334,19.420000076293945,19.600000381469727,19.600000381469727,338300
2017-04-27,19.68000030517578,19.799999237060547,19.38999938964844,19.43000030517578,19.43000030517578,341500
2017-04-28,19.420000076293945,19.559999465942383,18.520000457763672,18.850000381469727,18.850000381469727,525200
2017-05-01,18.950000762939453,20.5,18.739999771118164,20.270000457763672,20.270000457763672,555800
2017-05-02,20.40999984741211,20.729999542236328,20.01000022888184,20.43000030517578,20.43000030517578,382600
2017-05-03,20.350000381469727,20.402000427246094,19.530000686645508,19.56999969482422,19.56999969482422,292000
2017-05-04,19.68000030517578,19.8799991607666,18.56999969482422,18.96999931335449,18.96999931335449,707500
2017-05-05,18.979999542236328,19.350000381469727,18.39999961853028,18.6299991607666,18.6299991607666,558800
2017-05-08,18.6299991607666,18.82900047302246,17.549999237060547,17.989999771118164,17.989999771118164,657400
2017-05-09,18.0,18.93000030517578,18.0,18.82999992370605,18.82999992370605,465000
2017-05-10,18.75,19.459999084472656,18.59000015258789,19.13999938964844,19.13999938964844,419700
2017-05-11,19.030000686645508,19.350000381469727,18.3700008392334,18.51000022888184,18.51000022888184,454700
2017-05-12,18.479999542236328,19.46999931335449,18.450000762939453,19.290000915527344,19.290000915527344,356600
2017-05-15,20.020000457763672,20.440000534057617,19.74099922180176,20.01000022888184,20.01000022888184,912400
2017-05-16,19.14999961853028,19.950000762939453,17.899999618530273,18.299999237060547,18.299999237060547,1661200
2017-05-17,18.18000030517578,18.559999465942383,17.600000381469727,17.739999771118164,17.739999771118164,982000
2017-05-18,17.75,18.780000686645508,17.709999084472656,18.729999542236328,18.729999542236328,524100
2017-05-19,18.38999938964844,18.757999420166016,17.84000015258789,17.90999984741211,17.90999984741211,513900
2017-05-22,17.510000228881836,17.600000381469727,16.860000610351562,17.450000762939453,17.450000762939453,1108500
2017-05-23,17.559999465942383,17.799999237060547,17.040000915527344,17.299999237060547,17.299999237060547,441900
2017-05-24,17.280000686645508,17.489999771118164,17.118000030517578,17.219999313354492,17.219999313354492,353400
2017-05-25,17.260000228881836,17.260000228881836,16.260000228881836,16.309999465942383,16.309999465942383,651400
2017-05-26,16.309999465942383,16.433000564575195,15.56999969482422,15.619999885559082,15.619999885559082,600200
2017-05-30,15.56999969482422,15.630000114440918,13.15999984741211,13.75,13.75,2514000
2017-05-31,13.779999732971191,14.352999687194824,13.119999885559082,13.65999984741211,13.65999984741211,1469000
2017-06-01,13.899999618530272,14.138999938964844,13.520000457763672,13.949999809265137,13.949999809265137,832700
2017-06-02,13.949999809265137,14.359999656677246,13.899999618530272,14.210000038146973,14.210000038146973,893300
2017-06-05,14.300000190734863,14.399999618530272,13.529999732971191,13.6899995803833,13.6899995803833,503100
2017-06-06,13.649999618530272,14.289999961853027,13.199999809265137,14.1899995803833,14.1899995803833,796800
2017-06-07,14.5600004196167,15.699999809265137,14.550000190734863,15.640000343322754,15.640000343322754,1363600
2017-06-08,15.800000190734863,16.280000686645508,15.170000076293944,16.209999084472656,16.209999084472656,999000
2017-06-09,16.079999923706055,16.280000686645508,15.260000228881836,15.720000267028809,15.720000267028809,999000
2017-06-12,15.8100004196167,16.1299991607666,14.039999961853027,16.06999969482422,16.06999969482422,815000
2017-06-13,16.0,16.349000930786133,15.699999809265137,16.040000915527344,16.040000915527344,515600
2017-06-14,16.040000915527344,16.261999130249023,15.75,16.0,16.0,559300
2017-06-15,15.829999923706056,16.700000762939453,15.56999969482422,15.630000114440918,15.630000114440918,595800
2017-06-16,15.539999961853027,16.309999465942383,15.5,16.280000686645508,16.280000686645508,739600
2017-06-19,16.239999771118164,17.274999618530273,16.209999084472656,16.81999969482422,16.81999969482422,826400
2017-06-20,16.90999984741211,17.343000411987305,16.320999145507812,16.600000381469727,16.600000381469727,718500
2017-06-21,16.549999237060547,16.950000762939453,16.549999237060547,16.90999984741211,16.90999984741211,721700
2017-06-22,16.940000534057617,17.8700008392334,16.940000534057617,17.540000915527344,17.540000915527344,1097500
2017-06-23,17.770000457763672,17.959999084472656,17.200000762939453,17.950000762939453,17.950000762939453,3686600
2017-06-26,18.0,18.25,17.559999465942383,17.959999084472656,17.959999084472656,673500
2017-06-27,17.90999984741211,18.229999542236328,17.420000076293945,17.440000534057617,17.440000534057617,517600
2017-06-28,17.610000610351562,18.09000015258789,17.5,17.989999771118164,17.989999771118164,371000
2017-06-29,18.0,18.0,16.75,17.1200008392334,17.1200008392334,462900
2017-06-30,17.18000030517578,17.200000762939453,16.530000686645508,16.780000686645508,16.780000686645508,594000
2017-07-03,16.780000686645508,17.5,16.780000686645508,17.43000030517578,17.43000030517578,173300
2017-07-05,17.350000381469727,17.93000030517578,17.06999969482422,17.510000228881836,17.510000228881836,428600
2017-07-06,17.56999969482422,17.600000381469727,16.899999618530273,17.020000457763672,17.020000457763672,334200
2017-07-07,17.040000915527344,17.420000076293945,17.010000228881836,17.18000030517578,17.18000030517578,274500
2017-07-10,17.1200008392334,17.3700008392334,16.799999237060547,16.889999389648438,16.889999389648438,329200
2017-07-11,16.799999237060547,17.18000030517578,16.799999237060547,17.040000915527344,17.040000915527344,400500
2017-07-12,17.1299991607666,17.3799991607666,17.020000457763672,17.280000686645508,17.280000686645508,296400
2017-07-13,17.280000686645508,17.889999389648438,17.079999923706055,17.709999084472656,17.709999084472656,436800
2017-07-14,17.170000076293945,17.610000610351562,16.979999542236328,17.299999237060547,17.299999237060547,777000
2017-07-17,17.299999237060547,17.52199935913086,15.5600004196167,16.280000686645508,16.280000686645508,1204000
2017-07-18,16.6299991607666,16.6299991607666,15.420000076293944,15.449999809265137,15.449999809265137,802700
2017-07-19,15.579999923706056,15.890000343322754,15.5,15.869999885559082,15.869999885559082,508100
2017-07-20,15.890000343322754,16.040000915527344,15.5,15.739999771118164,15.739999771118164,344200
2017-07-21,15.8100004196167,16.290000915527344,15.600000381469728,15.81999969482422,15.81999969482422,420900
2017-07-24,15.829999923706056,16.34000015258789,15.5600004196167,16.31999969482422,16.31999969482422,269400
2017-07-25,16.43000030517578,16.649999618530273,16.010000228881836,16.309999465942383,16.309999465942383,328000
2017-07-26,16.270000457763672,16.55299949645996,15.84000015258789,15.880000114440918,15.880000114440918,392800
2017-07-27,16.0,16.474000930786133,15.279999732971191,15.899999618530272,15.899999618530272,706100
2017-07-28,16.0,17.549999237060547,16.0,17.139999389648438,17.139999389648438,1092000
2017-07-31,17.770000457763672,18.14999961853028,16.899999618530273,16.920000076293945,16.920000076293945,1099000
2017-08-01,17.139999389648438,17.280000686645508,16.079999923706055,16.389999389648438,16.389999389648438,501900
2017-08-02,16.43000030517578,16.773000717163086,15.6899995803833,15.8100004196167,15.8100004196167,642800
2017-08-03,16.25,17.466999053955078,16.049999237060547,17.239999771118164,17.239999771118164,1248500
2017-08-04,17.600000381469727,17.600000381469727,16.81999969482422,17.059999465942383,17.059999465942383,600200
2017-08-07,17.75,19.770000457763672,17.649999618530273,18.61000061035156,18.61000061035156,2562800
2017-08-08,19.5,19.64999961853028,18.549999237060547,18.86000061035156,18.86000061035156,1311700
2017-08-09,18.850000381469727,19.0,17.799999237060547,17.979999542236328,17.979999542236328,860700
2017-08-10,19.18000030517578,20.38999938964844,18.309999465942383,19.71999931335449,19.71999931335449,1856900
2017-08-11,19.950000762939453,22.05500030517578,19.88999938964844,21.950000762939453,21.950000762939453,1767000
2017-08-14,22.190000534057617,23.799999237060547,22.100000381469727,23.15999984741211,23.15999984741211,1722800
2017-08-15,23.1299991607666,23.1299991607666,20.3700008392334,20.64999961853028,20.64999961853028,1944500
2017-08-16,20.6200008392334,21.88999938964844,20.5,20.739999771118164,20.739999771118164,779700
2017-08-17,20.440000534057617,20.479999542236328,18.700000762939453,18.799999237060547,18.799999237060547,1855100
2017-08-18,18.65999984741211,18.799999237060547,17.799999237060547,17.829999923706055,17.829999923706055,1304900
2017-08-21,17.920000076293945,18.350000381469727,17.350000381469727,17.81999969482422,17.81999969482422,1022200
2017-08-22,17.8799991607666,19.01000022888184,17.8799991607666,18.40999984741211,18.40999984741211,941200
2017-08-23,18.270000457763672,18.809999465942383,18.0,18.450000762939453,18.450000762939453,717300
2017-08-24,18.5,19.549999237060547,18.280000686645508,19.51000022888184,19.51000022888184,774400
2017-08-25,19.559999465942383,20.39999961853028,19.0,19.100000381469727,19.100000381469727,1458700
2017-08-28,20.25,20.799999237060547,19.75,20.729999542236328,20.729999542236328,1867000
2017-08-29,20.270000457763672,21.450000762939453,19.89999961853028,20.8799991607666,20.8799991607666,1618200
2017-08-30,20.88999938964844,21.489999771118164,20.88999938964844,21.26000022888184,21.26000022888184,911600
2017-08-31,21.36000061035156,21.82999992370605,20.920000076293945,21.11000061035156,21.11000061035156,1054200
2017-09-01,21.1200008392334,21.420000076293945,20.040000915527344,20.59000015258789,20.59000015258789,861800
2017-09-05,20.520000457763672,20.920000076293945,19.049999237060547,20.040000915527344,20.040000915527344,1276300
2017-09-06,20.14999961853028,20.32999992370605,19.5,19.690000534057617,19.690000534057617,794100
2017-09-07,19.8799991607666,20.540000915527344,19.32999992370605,20.200000762939453,20.200000762939453,942800
2017-09-08,20.18000030517578,20.45199966430664,19.8799991607666,20.09000015258789,20.09000015258789,973800
2017-09-11,20.290000915527344,20.540000915527344,19.90999984741211,19.979999542236328,19.979999542236328,717000
2017-09-12,19.82999992370605,20.13999938964844,19.549999237060547,19.93000030517578,19.93000030517578,864000
2017-09-13,19.8700008392334,21.21999931335449,19.8700008392334,21.07999992370605,21.07999992370605,1186000
2017-09-14,21.100000381469727,21.540000915527344,20.6299991607666,21.100000381469727,21.100000381469727,813300
2017-09-15,21.01000022888184,21.3799991607666,20.690000534057617,20.940000534057617,20.940000534057617,3322200
2017-09-18,20.790000915527344,21.98900032043457,20.76000022888184,21.3700008392334,21.3700008392334,852100
2017-09-19,21.5,22.09000015258789,21.3700008392334,22.030000686645508,22.030000686645508,1282700
2017-09-20,22.100000381469727,22.665000915527344,21.71999931335449,22.540000915527344,22.540000915527344,831900
2017-09-21,22.540000915527344,24.5,22.450000762939453,23.15999984741211,23.15999984741211,1547800
2017-09-22,23.13999938964844,23.38999938964844,22.549999237060547,22.850000381469727,22.850000381469727,618300
2017-09-25,22.850000381469727,23.209999084472656,21.020000457763672,21.1299991607666,21.1299991607666,1204900
2017-09-26,21.100000381469727,21.25,20.15999984741211,20.299999237060547,20.299999237060547,1110400
2017-09-27,21.0,21.38999938964844,19.059999465942383,19.93000030517578,19.93000030517578,1826900
2017-09-28,20.68000030517578,23.940000534057617,20.13999938964844,23.13999938964844,23.13999938964844,2716800
2017-09-29,23.299999237060547,24.3799991607666,23.1200008392334,24.01000022888184,24.01000022888184,1816800
2017-10-02,24.38999938964844,25.3700008392334,24.049999237060547,24.559999465942383,24.559999465942383,1607300
2017-10-03,24.729999542236328,25.559999465942383,24.340999603271484,25.540000915527344,25.540000915527344,1327900
2017-10-04,25.56999969482422,26.75,23.01000022888184,23.5,23.5,2263800
2017-10-05,23.799999237060547,25.020000457763672,22.75,25.0,25.0,1374700
2017-10-06,24.82999992370605,26.0,24.5,25.01000022888184,25.01000022888184,1237800
2017-10-09,25.1299991607666,25.93000030517578,24.84000015258789,25.020000457763672,25.020000457763672,734600
2017-10-10,25.09000015258789,25.46999931335449,24.14999961853028,25.209999084472656,25.209999084472656,830500
2017-10-11,25.0,25.020000457763672,23.645000457763672,24.11000061035156,24.11000061035156,1179600
2017-10-12,24.270000457763672,25.349000930786133,24.270000457763672,24.88999938964844,24.88999938964844,1253800
2017-10-13,24.809999465942383,24.89900016784668,23.020000457763672,23.3700008392334,23.3700008392334,1479100
2017-10-16,23.459999084472656,24.190000534057617,22.549999237060547,22.790000915527344,22.790000915527344,1112000
2017-10-17,22.75,23.93000030517578,22.700000762939453,23.200000762939453,23.200000762939453,657800
2017-10-18,23.39999961853028,23.71199989318848,22.540000915527344,23.32999992370605,23.32999992370605,622500
2017-10-19,23.25,24.0,22.86800003051757,23.950000762939453,23.950000762939453,854900
2017-10-20,24.01000022888184,24.63999938964844,23.420000076293945,24.01000022888184,24.01000022888184,632200
2017-10-23,24.34000015258789,24.989999771118164,23.75,23.8700008392334,23.8700008392334,839800
2017-10-24,23.84000015258789,24.32999992370605,22.700000762939453,22.75,22.75,979100
2017-10-25,22.75,23.11000061035156,22.549999237060547,22.809999465942383,22.809999465942383,769200
2017-10-26,22.76000022888184,22.799999237060547,21.26000022888184,21.88999938964844,21.88999938964844,931400
2017-10-27,21.8799991607666,22.488000869750977,21.36000061035156,22.280000686645508,22.280000686645508,977800
2017-10-30,22.26000022888184,24.690000534057617,22.200000762939453,23.89999961853028,23.89999961853028,1033400
2017-10-31,24.25,25.14999961853028,23.88999938964844,24.799999237060547,24.799999237060547,831900
2017-11-01,24.96999931335449,25.190000534057617,22.849000930786133,23.3700008392334,23.3700008392334,960600
2017-11-02,23.40999984741211,23.940000534057617,23.040000915527344,23.93000030517578,23.93000030517578,507100
2017-11-03,24.5,25.200000762939453,23.940000534057617,24.93000030517578,24.93000030517578,998400
2017-11-06,25.68000030517578,25.700000762939453,23.64999961853028,24.020000457763672,24.020000457763672,865900
2017-11-07,24.100000381469727,24.350000381469727,23.040000915527344,23.06999969482422,23.06999969482422,729200
2017-11-08,22.75,23.11000061035156,20.28700065612793,22.3700008392334,22.3700008392334,1635100
2017-11-09,22.14999961853028,22.920000076293945,21.700000762939453,22.68000030517578,22.68000030517578,595600
2017-11-10,22.64999961853028,24.468000411987305,22.549999237060547,24.3799991607666,24.3799991607666,761300
2017-11-13,24.14999961853028,24.93000030517578,23.729999542236328,24.68000030517578,24.68000030517578,734200
2017-11-14,24.540000915527344,24.75,22.53499984741211,23.549999237060547,23.549999237060547,917900
2017-11-15,23.09000015258789,24.46999931335449,23.049999237060547,24.34000015258789,24.34000015258789,568600
2017-11-16,24.38999938964844,25.89999961853028,24.31999969482422,25.030000686645508,25.030000686645508,1181400
2017-11-17,24.93000030517578,25.61000061035156,24.350000381469727,25.049999237060547,25.049999237060547,576600
2017-11-20,25.040000915527344,25.89999961853028,25.01000022888184,25.459999084472656,25.459999084472656,572500
2017-11-21,25.6299991607666,26.57999992370605,25.600000381469727,25.950000762939453,25.950000762939453,787100
2017-11-22,25.940000534057617,28.450000762939453,25.92099952697754,28.25,28.25,1502300
2017-11-24,28.350000381469727,28.350000381469727,25.26099967956543,25.799999237060547,25.799999237060547,1007500
2017-11-27,26.040000915527344,27.972999572753903,26.0,26.96999931335449,26.96999931335449,1190700
2017-11-28,27.239999771118164,27.38999938964844,26.100000381469727,27.1299991607666,27.1299991607666,1129400
2017-11-29,27.25,28.690000534057617,27.25,28.049999237060547,28.049999237060547,1191900
2017-11-30,28.07999992370605,30.0,28.049999237060547,28.8700008392334,28.8700008392334,1764500
2017-12-01,28.8700008392334,30.39999961853028,28.3700008392334,29.8700008392334,29.8700008392334,1022500
2017-12-04,30.38999938964844,31.81100082397461,27.68000030517578,27.76000022888184,27.76000022888184,1316300
2017-12-05,27.81999969482422,28.780000686645508,27.10099983215332,27.290000915527344,27.290000915527344,931900
2017-12-06,25.670000076293945,25.799999237060547,24.5,25.174999237060547,25.174999237060547,3714800
2017-12-07,25.5,26.0,24.89999961853028,25.780000686645508,25.780000686645508,1286300
2017-12-08,26.0,26.190000534057617,24.5,24.959999084472656,24.959999084472656,1248900
2017-12-11,25.25,25.57999992370605,23.200000762939453,23.600000381469727,23.600000381469727,1606100
2017-12-12,23.93000030517578,24.290000915527344,22.5,23.57999992370605,23.57999992370605,1720700
2017-12-13,23.31999969482422,24.549999237060547,23.066999435424805,24.3700008392334,24.3700008392334,960200
2017-12-14,24.600000381469727,25.049999237060547,24.11000061035156,24.420000076293945,24.420000076293945,952400
2017-12-15,24.489999771118164,25.25,23.82900047302246,25.0,25.0,1907300
2017-12-18,25.21999931335449,25.25,24.06999969482422,25.1200008392334,25.1200008392334,799600
2017-12-19,25.15999984741211,25.850000381469727,24.21999931335449,24.57999992370605,24.57999992370605,715500
2017-12-20,24.61000061035156,25.350000381469727,24.549999237060547,24.88999938964844,24.88999938964844,624000
2017-12-21,25.5,27.43000030517578,25.34000015258789,26.709999084472656,26.709999084472656,1948600
2017-12-22,27.0,28.690000534057617,26.920000076293945,28.43000030517578,28.43000030517578,1338500
2017-12-26,28.020000457763672,30.3700008392334,28.0,29.26000022888184,29.26000022888184,1104600
2017-12-27,29.450000762939453,31.0,29.3799991607666,29.89999961853028,29.89999961853028,1234200
2017-12-28,30.5,31.790000915527344,29.82999992370605,31.34000015258789,31.34000015258789,1259200
2017-12-29,31.450000762939453,32.849998474121094,30.729999542236328,30.729999542236328,30.729999542236328,1092800
2018-01-02,30.8799991607666,34.810001373291016,30.75,34.31999969482422,34.31999969482422,2149400
2018-01-03,35.0,36.0,32.40999984741211,33.33000183105469,33.33000183105469,1597000
2018-01-04,33.41999816894531,34.75,32.810001373291016,33.91999816894531,33.91999816894531,1224300
2018-01-05,34.20000076293945,34.599998474121094,33.099998474121094,33.59000015258789,33.59000015258789,1117100
2018-01-08,29.46999931335449,30.440000534057617,27.0,30.020000457763672,30.020000457763672,6031200
2018-01-09,30.25,32.0099983215332,30.14999961853028,31.170000076293945,31.170000076293945,1530700
2018-01-10,30.920000076293945,31.790000915527344,30.049999237060547,31.6200008392334,31.6200008392334,980900
2018-01-11,31.82999992370605,32.79999923706055,31.200000762939453,32.349998474121094,32.349998474121094,1258300
2018-01-12,32.41999816894531,33.13999938964844,31.989999771118164,32.0,32.0,929900
2018-01-16,32.13999938964844,33.0,29.01700019836425,30.020000457763672,30.020000457763672,1718100
2018-01-17,30.479999542236328,31.790000915527344,29.84000015258789,30.3799991607666,30.3799991607666,1278300
2018-01-18,30.21999931335449,30.350000381469727,29.15999984741211,29.84000015258789,29.84000015258789,1147200
2018-01-19,29.950000762939453,30.700000762939453,29.25,30.39999961853028,30.39999961853028,817400
2018-01-22,30.8799991607666,34.75,30.71999931335449,34.619998931884766,34.619998931884766,3218700
2018-01-23,35.209999084472656,36.20000076293945,33.4900016784668,34.79999923706055,34.79999923706055,2523000
2018-01-24,35.0,36.34999847412109,33.0,33.880001068115234,33.880001068115234,2138300
2018-01-25,34.0099983215332,34.75,33.00199890136719,34.22999954223633,34.22999954223633,1400900
2018-01-26,34.66999816894531,37.36000061035156,34.2599983215332,35.959999084472656,35.959999084472656,2993700
2018-01-29,35.810001373291016,41.59999847412109,35.5099983215332,40.70000076293945,40.70000076293945,3406700
2018-01-30,38.95000076293945,40.810001373291016,37.91999816894531,39.2599983215332,39.2599983215332,2497900
2018-01-31,39.58000183105469,39.68000030517578,35.560001373291016,36.5099983215332,36.5099983215332,2340300
2018-02-01,36.13999938964844,37.95000076293945,35.119998931884766,36.56999969482422,36.56999969482422,1359700
2018-02-02,36.0099983215332,36.5,34.61000061035156,34.75,34.75,989200
2018-02-05,34.0,35.630001068115234,32.599998474121094,33.97999954223633,33.97999954223633,1538700
2018-02-06,33.0,35.369998931884766,31.309999465942383,35.06999969482422,35.06999969482422,1520600
2018-02-07,35.25,37.70000076293945,35.2400016784668,36.66999816894531,36.66999816894531,2172800
2018-02-08,36.84000015258789,37.0,33.279998779296875,33.279998779296875,33.279998779296875,1293600
2018-02-09,33.84000015258789,34.56999969482422,29.920000076293945,33.689998626708984,33.689998626708984,2118900
2018-02-12,34.25,34.66999816894531,31.799999237060547,32.849998474121094,32.849998474121094,1326200
2018-02-13,31.790000915527344,33.66999816894531,31.700000762939453,33.099998474121094,33.099998474121094,1284400
2018-02-14,32.66999816894531,34.880001068115234,32.27000045776367,34.59000015258789,34.59000015258789,1066900
2018-02-15,34.880001068115234,35.40999984741211,33.900001525878906,34.790000915527344,34.790000915527344,851000
2018-02-16,34.84000015258789,35.91999816894531,33.779998779296875,33.81999969482422,33.81999969482422,1190000
2018-02-20,33.79999923706055,34.970001220703125,33.02000045776367,33.279998779296875,33.279998779296875,873100
2018-02-21,33.5,37.209999084472656,33.36000061035156,34.4900016784668,34.4900016784668,2039400
2018-02-22,35.060001373291016,36.70000076293945,34.770999908447266,35.11000061035156,35.11000061035156,1293300
2018-02-23,35.5,36.33000183105469,34.20000076293945,35.88999938964844,35.88999938964844,1106800
2018-02-26,36.20000076293945,38.20000076293945,36.04999923706055,37.91999816894531,37.91999816894531,2223700
2018-02-27,38.09999847412109,38.5,36.720001220703125,36.810001373291016,36.810001373291016,1516700
2018-02-28,37.0,38.119998931884766,36.630001068115234,36.63999938964844,36.63999938964844,867300
2018-03-01,36.33000183105469,36.999000549316406,34.0,35.29999923706055,35.29999923706055,1295200
2018-03-02,34.529998779296875,38.5,34.1510009765625,37.959999084472656,37.959999084472656,1802500
2018-03-05,37.790000915527344,39.08000183105469,37.06999969482422,38.47999954223633,38.47999954223633,1433300
2018-03-06,39.0,39.34999847412109,37.619998931884766,38.43999862670898,38.43999862670898,1550600
2018-03-07,37.41999816894531,43.25,37.09999847412109,42.27999877929688,42.27999877929688,4423100
2018-03-08,42.310001373291016,43.630001068115234,41.61000061035156,42.810001373291016,42.810001373291016,2243000
2018-03-09,43.02000045776367,45.02000045776367,42.56999969482422,44.08000183105469,44.08000183105469,2336600
2018-03-12,44.95000076293945,44.9900016784668,41.150001525878906,41.77000045776367,41.77000045776367,2352300
2018-03-13,40.25,42.900001525878906,40.04999923706055,41.41999816894531,41.41999816894531,1704200
2018-03-14,41.290000915527344,41.9900016784668,40.45000076293945,41.5099983215332,41.5099983215332,872300
2018-03-15,41.869998931884766,41.970001220703125,36.5,39.34000015258789,39.34000015258789,2326300
2018-03-16,39.810001373291016,40.65999984741211,37.650001525878906,38.02000045776367,38.02000045776367,1911600
2018-03-19,37.63999938964844,38.25299835205078,36.08000183105469,37.29999923706055,37.29999923706055,1343600
2018-03-20,37.58000183105469,38.9900016784668,37.09999847412109,38.13999938964844,38.13999938964844,1076000
2018-03-21,38.310001373291016,39.4900016784668,38.040000915527344,39.2400016784668,39.2400016784668,854800
2018-03-22,39.0,40.06999969482422,37.880001068115234,38.0,38.0,1156900
2018-03-23,37.75,39.38999938964844,37.64699935913086,37.900001525878906,37.900001525878906,838600
2018-03-26,38.959999084472656,38.959999084472656,34.279998779296875,36.41999816894531,36.41999816894531,2457200
2018-03-27,36.68999862670898,36.79999923706055,33.04999923706055,33.18000030517578,33.18000030517578,1551500
2018-03-28,33.04999923706055,33.91999816894531,30.559999465942383,32.630001068115234,32.630001068115234,2486200
2018-03-29,33.099998474121094,34.189998626708984,32.099998474121094,33.150001525878906,33.150001525878906,1592500
2018-04-02,32.90999984741211,33.45899963378906,31.25,31.770000457763672,31.770000457763672,1279200
2018-04-03,32.040000915527344,32.84000015258789,31.31999969482422,32.20000076293945,32.20000076293945,916500
2018-04-04,31.489999771118164,33.90999984741211,31.170000076293945,33.779998779296875,33.779998779296875,1064100
2018-04-05,34.0,34.31999969482422,32.5,32.90999984741211,32.90999984741211,873600
2018-04-06,32.849998474121094,34.571998596191406,31.64999961853028,31.940000534057617,31.940000534057617,1045400
2018-04-09,33.18000030517578,34.97999954223633,32.34000015258789,32.40999984741211,32.40999984741211,1338500
2018-04-10,33.0,34.25,32.880001068115234,34.150001525878906,34.150001525878906,885000
2018-04-11,33.93000030517578,36.650001525878906,33.840999603271484,34.52000045776367,34.52000045776367,1259800
2018-04-12,34.88999938964844,36.060001373291016,34.61000061035156,35.560001373291016,35.560001373291016,675900
2018-04-13,35.959999084472656,36.09999847412109,33.849998474121094,34.689998626708984,34.689998626708984,990700
2018-04-16,34.93000030517578,35.040000915527344,33.9010009765625,34.459999084472656,34.459999084472656,648000
2018-04-17,34.560001373291016,36.369998931884766,34.5,35.68000030517578,35.68000030517578,947900
2018-04-18,35.72999954223633,36.130001068115234,35.2859992980957,35.349998474121094,35.349998474121094,579500
2018-04-19,35.099998474121094,35.970001220703125,34.68000030517578,34.810001373291016,34.810001373291016,784700
2018-04-20,34.869998931884766,35.36000061035156,34.20000076293945,34.459999084472656,34.459999084472656,595200
2018-04-23,34.349998474121094,34.77000045776367,32.40999984741211,33.439998626708984,33.439998626708984,856000
2018-04-24,33.47999954223633,35.099998474121094,32.07099914550781,32.41999816894531,32.41999816894531,1003000
2018-04-25,32.45000076293945,33.06100082397461,31.440000534057617,31.780000686645508,31.780000686645508,816600
2018-04-26,31.8799991607666,33.22999954223633,31.729999542236328,32.95000076293945,32.95000076293945,835600
2018-04-27,32.970001220703125,33.189998626708984,32.11000061035156,32.97999954223633,32.97999954223633,583200
2018-04-30,33.310001373291016,33.779998779296875,31.1200008392334,31.39999961853028,31.39999961853028,1039900
2018-05-01,31.450000762939453,32.560001373291016,31.450000762939453,32.4900016784668,32.4900016784668,588500
2018-05-02,32.400001525878906,33.25,32.02000045776367,32.68000030517578,32.68000030517578,672100
2018-05-03,32.41999816894531,32.84000015258789,31.14999961853028,31.600000381469727,31.600000381469727,907900
2018-05-04,32.040000915527344,35.54999923706055,31.6200008392334,33.0,33.0,1701100
2018-05-07,33.43000030517578,34.65999984741211,32.61000061035156,33.560001373291016,33.560001373291016,1044400
2018-05-08,34.0,34.029998779296875,32.20000076293945,33.459999084472656,33.459999084472656,725000
2018-05-09,33.45000076293945,34.56999969482422,33.17100143432617,34.459999084472656,34.459999084472656,545000
2018-05-10,34.459999084472656,34.619998931884766,33.40999984741211,33.560001373291016,33.560001373291016,720800
2018-05-11,33.5,35.349998474121094,33.5,35.18000030517578,35.18000030517578,874800
2018-05-14,35.25,37.20000076293945,35.25,36.0,36.0,1259000
2018-05-15,36.040000915527344,37.560001373291016,35.172000885009766,36.43999862670898,36.43999862670898,1174000
2018-05-16,36.5,37.59999847412109,36.0,37.060001373291016,37.060001373291016,978200
2018-05-17,37.0,38.66999816894531,36.619998931884766,37.97999954223633,37.97999954223633,1323100
2018-05-18,38.060001373291016,38.4900016784668,34.290000915527344,34.849998474121094,34.849998474121094,2144000
2018-05-21,35.22999954223633,35.59000015258789,33.09000015258789,33.380001068115234,33.380001068115234,1439300
2018-05-22,33.779998779296875,34.75,33.2400016784668,34.15999984741211,34.15999984741211,863000
2018-05-23,34.130001068115234,36.45000076293945,34.09000015258789,36.060001373291016,36.060001373291016,1217500
2018-05-24,35.97999954223633,37.43999862670898,35.470001220703125,36.630001068115234,36.630001068115234,1000300
2018-05-25,36.560001373291016,37.119998931884766,35.54100036621094,36.52999877929688,36.52999877929688,587100
2018-05-29,36.36000061035156,36.36000061035156,34.7130012512207,35.650001525878906,35.650001525878906,763700
2018-05-30,35.7400016784668,38.34000015258789,35.72600173950195,37.93000030517578,37.93000030517578,1051500
2018-05-31,36.93000030517578,38.525001525878906,35.81999969482422,38.31999969482422,38.31999969482422,1299800
2018-06-01,38.75,40.43000030517578,36.650001525878906,37.0099983215332,37.0099983215332,1682900
2018-06-04,37.09999847412109,37.470001220703125,35.36000061035156,36.59999847412109,36.59999847412109,1121200
2018-06-05,36.58000183105469,38.540000915527344,36.52000045776367,38.33000183105469,38.33000183105469,1026400
2018-06-06,38.5,39.08700180053711,37.619998931884766,38.22999954223633,38.22999954223633,798500
2018-06-07,38.40999984741211,38.93000030517578,37.63999938964844,37.810001373291016,37.810001373291016,744400
2018-06-08,37.66999816894531,39.43999862670898,37.54999923706055,39.209999084472656,39.209999084472656,689900
2018-06-11,39.33000183105469,40.22999954223633,35.0,36.150001525878906,36.150001525878906,4483700
2018-06-12,36.15999984741211,37.77000045776367,35.68000030517578,36.0099983215332,36.0099983215332,1241600
2018-06-13,36.09999847412109,37.36000061035156,35.56100082397461,36.209999084472656,36.209999084472656,1320400
2018-06-14,36.25,37.27799987792969,35.869998931884766,37.25,37.25,819200
2018-06-15,36.970001220703125,38.0,36.65999984741211,37.5,37.5,1103400
2018-06-18,37.34000015258789,39.790000915527344,37.33000183105469,39.22999954223633,39.22999954223633,985400
2018-06-19,38.25,39.41999816894531,37.67499923706055,39.38999938964844,39.38999938964844,1009000
2018-06-20,39.61000061035156,41.40999984741211,39.595001220703125,41.0099983215332,41.0099983215332,1464400
2018-06-21,41.0099983215332,41.42900085449219,38.70000076293945,39.77999877929688,39.77999877929688,939600
2018-06-22,39.79999923706055,40.11000061035156,39.04999923706055,39.369998931884766,39.369998931884766,2336600
2018-06-25,39.060001373291016,39.310001373291016,37.220001220703125,37.470001220703125,37.470001220703125,837600
2018-06-26,37.5,38.13999938964844,37.060001373291016,37.5099983215332,37.5099983215332,615900
2018-06-27,37.459999084472656,37.650001525878906,35.0,35.68000030517578,35.68000030517578,898800
2018-06-28,35.599998474121094,36.03499984741211,34.02000045776367,35.849998474121094,35.849998474121094,745700
2018-06-29,36.220001220703125,36.72299957275391,35.58000183105469,35.83000183105469,35.83000183105469,623900
2018-07-02,35.5,37.02000045776367,35.29999923706055,36.9900016784668,36.9900016784668,564300
2018-07-03,37.25,37.470001220703125,36.59000015258789,36.81999969482422,36.81999969482422,442000
2018-07-05,37.02999877929688,37.54999923706055,36.08000183105469,36.83000183105469,36.83000183105469,734600
2018-07-06,36.900001525878906,38.34000015258789,36.880001068115234,37.93999862670898,37.93999862670898,654100
2018-07-09,38.02000045776367,38.65999984741211,37.33000183105469,38.38999938964844,38.38999938964844,792500
2018-07-10,38.59000015258789,38.76900100708008,37.79999923706055,37.970001220703125,37.970001220703125,559700
2018-07-11,37.560001373291016,38.2400016784668,37.20100021362305,38.0,38.0,491800
2018-07-12,38.2400016784668,38.4900016784668,37.54999923706055,37.84999847412109,37.84999847412109,609600
2018-07-13,37.900001525878906,38.29999923706055,37.0,37.900001525878906,37.900001525878906,622300
2018-07-16,37.959999084472656,38.20000076293945,34.529998779296875,35.20000076293945,35.20000076293945,1525900
2018-07-17,34.65999984741211,36.68000030517578,34.650001525878906,36.459999084472656,36.459999084472656,643100
2018-07-18,36.45000076293945,36.45000076293945,35.04999923706055,35.380001068115234,35.380001068115234,708400
2018-07-19,35.20000076293945,36.34999847412109,34.380001068115234,36.130001068115234,36.130001068115234,704400
2018-07-20,36.0,36.70000076293945,35.78499984741211,36.25,36.25,420800
2018-07-23,36.09999847412109,36.29999923706055,35.20000076293945,35.369998931884766,35.369998931884766,435900
2018-07-24,35.65999984741211,35.65999984741211,31.5,32.459999084472656,32.459999084472656,1925800
2018-07-25,32.40999984741211,33.540000915527344,31.6200008392334,31.81999969482422,31.81999969482422,1070800
2018-07-26,31.64999961853028,32.14899826049805,30.56999969482422,31.540000915527344,31.540000915527344,814900
2018-07-27,31.459999084472656,31.499000549316406,29.01000022888184,29.700000762939453,29.700000762939453,1479100
2018-07-30,29.489999771118164,30.170000076293945,28.40999984741211,29.40999984741211,29.40999984741211,1091500
2018-07-31,29.3700008392334,30.65999984741211,29.299999237060547,29.739999771118164,29.739999771118164,693300
2018-08-01,29.670000076293945,30.51000022888184,28.81999969482422,29.420000076293945,29.420000076293945,701800
2018-08-02,29.170000076293945,29.799999237060547,28.979999542236328,29.489999771118164,29.489999771118164,464700
2018-08-03,29.549999237060547,29.819000244140625,28.420000076293945,28.68000030517578,28.68000030517578,637500
2018-08-06,29.01000022888184,29.549999237060547,28.21999931335449,29.09000015258789,29.09000015258789,909500
2018-08-07,28.01000022888184,29.0,26.0,28.82999992370605,28.82999992370605,1897600
2018-08-08,28.71999931335449,28.71999931335449,27.59000015258789,27.64999961853028,27.64999961853028,734500
2018-08-09,27.700000762939453,30.600000381469727,27.6299991607666,28.65999984741211,28.65999984741211,1584400
2018-08-10,28.5,29.8799991607666,28.5,29.63999938964844,29.63999938964844,618300
2018-08-13,29.700000762939453,30.07999992370605,29.01000022888184,29.36000061035156,29.36000061035156,670100
2018-08-14,29.40999984741211,30.420000076293945,29.05299949645996,29.600000381469727,29.600000381469727,606500
2018-08-15,29.46999931335449,29.96999931335449,28.21999931335449,29.06999969482422,29.06999969482422,551600
2018-08-16,29.26000022888184,30.11000061035156,28.989999771118164,29.940000534057617,29.940000534057617,542900
2018-08-17,29.96999931335449,30.13999938964844,29.25,29.86000061035156,29.86000061035156,380600
2018-08-20,30.0,30.56999969482422,29.280000686645508,30.40999984741211,30.40999984741211,491300
2018-08-21,30.690000534057617,32.06999969482422,30.450000762939453,31.31999969482422,31.31999969482422,711900
2018-08-22,31.229999542236328,32.06999969482422,30.979999542236328,31.36000061035156,31.36000061035156,433900
2018-08-23,30.815000534057617,31.600000381469727,29.940000534057617,30.43000030517578,30.43000030517578,552900
2018-08-24,30.39999961853028,30.920000076293945,30.309999465942383,30.65999984741211,30.65999984741211,484000
2018-08-27,30.8799991607666,31.520000457763672,30.31999969482422,30.76000022888184,30.76000022888184,553900
2018-08-28,30.520000457763672,31.190000534057617,30.24399948120117,30.96999931335449,30.96999931335449,528500
2018-08-29,31.07999992370605,32.04999923706055,30.51000022888184,31.729999542236328,31.729999542236328,566900
2018-08-30,31.690000534057617,32.470001220703125,31.670000076293945,32.06999969482422,32.06999969482422,468900
2018-08-31,32.0,33.130001068115234,31.82999992370605,32.83000183105469,32.83000183105469,769100
2018-09-04,33.18000030517578,33.34000015258789,31.729999542236328,32.79999923706055,32.79999923706055,701700
2018-09-05,32.439998626708984,32.439998626708984,30.739999771118164,32.0,32.0,842000
2018-09-06,32.0,32.439998626708984,29.920000076293945,30.01000022888184,30.01000022888184,612600
2018-09-07,29.93000030517578,30.799999237060547,29.6200008392334,30.25,30.25,462000
2018-09-10,30.34000015258789,32.310001373291016,29.85400009155273,31.06999969482422,31.06999969482422,1507600
2018-09-11,31.299999237060547,32.29999923706055,30.825000762939453,32.2400016784668,32.2400016784668,653700
2018-09-12,32.18000030517578,32.900001525878906,31.61899948120117,32.4900016784668,32.4900016784668,501300
2018-09-13,32.65999984741211,32.92599868774414,31.674999237060547,32.220001220703125,32.220001220703125,555800
2018-09-14,32.2599983215332,33.20000076293945,32.24100112915039,32.40999984741211,32.40999984741211,668700
2018-09-17,32.33000183105469,32.790000915527344,31.309999465942383,31.8700008392334,31.8700008392334,622900
2018-09-18,31.790000915527344,33.099998474121094,31.5,32.81999969482422,32.81999969482422,549300
2018-09-19,32.650001525878906,33.79999923706055,32.650001525878906,33.189998626708984,33.189998626708984,718800
2018-09-20,33.290000915527344,33.75,31.670000076293945,32.56999969482422,32.56999969482422,675200
2018-09-21,33.0099983215332,33.0099983215332,29.8799991607666,30.100000381469727,30.100000381469727,1806500
2018-09-24,30.229999542236328,30.850000381469727,30.049999237060547,30.549999237060547,30.549999237060547,615500
2018-09-25,30.56999969482422,32.81999969482422,30.26000022888184,32.56999969482422,32.56999969482422,825600
2018-09-26,32.70000076293945,32.900001525878906,32.2400016784668,32.459999084472656,32.459999084472656,363200
2018-09-27,32.34000015258789,33.540000915527344,32.095001220703125,32.40999984741211,32.40999984741211,431600
2018-09-28,32.16999816894531,32.880001068115234,31.68000030517578,31.81999969482422,31.81999969482422,548000
2018-10-01,31.979999542236328,32.0,30.200000762939453,30.46999931335449,30.46999931335449,600300
2018-10-02,30.450000762939453,30.809999465942383,28.86000061035156,29.11000061035156,29.11000061035156,1171800
2018-10-03,29.25,30.270000457763672,28.5,30.209999084472656,30.209999084472656,850500
2018-10-04,29.989999771118164,30.0,28.11000061035156,28.61000061035156,28.61000061035156,804700
2018-10-05,28.739999771118164,29.413000106811523,27.75,28.56999969482422,28.56999969482422,693200
2018-10-08,28.309999465942383,28.549999237060547,27.14999961853028,27.86000061035156,27.86000061035156,865800
2018-10-09,27.690000534057617,28.63999938964844,27.440000534057617,27.76000022888184,27.76000022888184,458400
2018-10-10,27.63999938964844,27.950000762939453,25.89999961853028,25.989999771118164,25.989999771118164,846500
2018-10-11,26.520000457763672,27.100000381469727,25.65999984741211,26.549999237060547,26.549999237060547,1279100
2018-10-12,26.81999969482422,28.020000457763672,26.64999961853028,27.31999969482422,27.31999969482422,640700
2018-10-15,27.31999969482422,27.5,26.18000030517578,27.100000381469727,27.100000381469727,465100
2018-10-16,27.299999237060547,29.15999984741211,26.700000762939453,29.059999465942383,29.059999465942383,676600
2018-10-17,28.959999084472656,29.628999710083008,28.1299991607666,29.559999465942383,29.559999465942383,448500
2018-10-18,29.450000762939453,29.850000381469727,27.8700008392334,28.350000381469727,28.350000381469727,406600
2018-10-19,28.46999931335449,29.18000030517578,27.34000015258789,27.489999771118164,27.489999771118164,573900
2018-10-22,27.56999969482422,27.863000869750977,26.350000381469727,26.809999465942383,26.809999465942383,564200
2018-10-23,26.049999237060547,27.31999969482422,25.799999237060547,26.82999992370605,26.82999992370605,841500
2018-10-24,26.88999938964844,27.76000022888184,24.350000381469727,24.38999938964844,24.38999938964844,1145200
2018-10-25,24.709999084472656,26.82999992370605,24.59000015258789,26.229999542236328,26.229999542236328,781100
2018-10-26,25.65999984741211,26.26000022888184,24.9060001373291,25.979999542236328,25.979999542236328,611000
2018-10-29,26.5,26.82999992370605,24.39999961853028,25.049999237060547,25.049999237060547,468400
2018-10-30,24.89999961853028,25.93000030517578,24.214000701904297,24.700000762939453,24.700000762939453,583100
2018-10-31,25.030000686645508,26.190000534057617,25.030000686645508,25.32999992370605,25.32999992370605,638400
2018-11-01,25.489999771118164,27.57999992370605,25.44700050354004,27.459999084472656,27.459999084472656,785600
2018-11-02,27.530000686645508,28.489999771118164,27.030000686645508,28.0,28.0,544500
2018-11-05,28.13999938964844,28.25,26.76000022888184,27.799999237060547,27.799999237060547,342700
2018-11-06,27.81999969482422,28.21999931335449,26.6299991607666,27.07999992370605,27.07999992370605,704800
2018-11-07,27.239999771118164,28.71999931335449,27.0,28.6200008392334,28.6200008392334,678100
2018-11-08,29.850000381469727,30.989999771118164,29.049999237060547,29.979999542236328,29.979999542236328,1310200
2018-11-09,29.64999961853028,30.03700065612793,28.420000076293945,28.950000762939453,28.950000762939453,706300
2018-11-12,28.90999984741211,29.190000534057617,27.989999771118164,28.190000534057617,28.190000534057617,491900
2018-11-13,28.489999771118164,29.700000762939453,28.239999771118164,28.979999542236328,28.979999542236328,394900
2018-11-14,29.31999969482422,29.479999542236328,26.850000381469727,26.89999961853028,26.89999961853028,702200
2018-11-15,26.84000015258789,28.32999992370605,26.739999771118164,28.07999992370605,28.07999992370605,754200
2018-11-16,27.63999938964844,29.030000686645508,27.06999969482422,28.959999084472656,28.959999084472656,652500
2018-11-19,28.81999969482422,28.950000762939453,26.770000457763672,27.14999961853028,27.14999961853028,564000
2018-11-20,26.63999938964844,27.01000022888184,25.059999465942383,25.559999465942383,25.559999465942383,640300
2018-11-21,25.989999771118164,28.420000076293945,25.56999969482422,27.96999931335449,27.96999931335449,1774700
2018-11-23,27.479999542236328,28.6299991607666,27.479999542236328,28.030000686645508,28.030000686645508,359300
2018-11-26,28.600000381469727,29.40999984741211,28.200000762939453,28.76000022888184,28.76000022888184,620800
2018-11-27,28.420000076293945,28.56999969482422,27.334999084472656,27.420000076293945,27.420000076293945,485700
2018-11-28,27.600000381469727,29.450000762939453,27.09000015258789,29.3700008392334,29.3700008392334,637400
2018-11-29,29.07999992370605,30.540000915527344,29.0,30.11000061035156,30.11000061035156,741700
2018-11-30,30.39999961853028,31.209999084472656,30.15999984741211,31.15999984741211,31.15999984741211,696100
2018-12-03,32.220001220703125,32.46099853515625,31.299999237060547,31.790000915527344,31.790000915527344,952500
2018-12-04,31.76000022888184,32.400001525878906,30.420000076293945,30.489999771118164,30.489999771118164,1072900
2018-12-06,29.89999961853028,30.3799991607666,28.850000381469727,29.690000534057617,29.690000534057617,720200
2018-12-07,29.479999542236328,30.26000022888184,28.270000457763672,28.38999938964844,28.38999938964844,749300
2018-12-10,28.530000686645508,29.209999084472656,27.65999984741211,28.989999771118164,28.989999771118164,574600
2018-12-11,29.530000686645508,30.25,28.96999931335449,29.600000381469727,29.600000381469727,497200
2018-12-12,30.15999984741211,31.100000381469727,30.01000022888184,30.309999465942383,30.309999465942383,509700
2018-12-13,30.40999984741211,30.5,28.600000381469727,28.940000534057617,28.940000534057617,597200
2018-12-14,28.59000015258789,29.350000381469727,28.25,28.450000762939453,28.450000762939453,367200
2018-12-17,28.43000030517578,28.850000381469727,27.09000015258789,27.63999938964844,27.63999938964844,727200
2018-12-18,27.959999084472656,27.959999084472656,25.51000022888184,26.309999465942383,26.309999465942383,927600
2018-12-19,26.190000534057617,27.38999938964844,24.35400009155273,24.950000762939453,24.950000762939453,995900
2018-12-20,24.739999771118164,25.32999992370605,22.65999984741211,22.959999084472656,22.959999084472656,1127200
2018-12-21,22.850000381469727,22.89999961853028,18.18000030517578,18.190000534057617,18.190000534057617,3594800
2018-12-24,18.0,20.200000762939453,17.799999237060547,19.530000686645508,19.530000686645508,1128600
2018-12-26,19.68000030517578,20.768999099731445,19.530000686645508,20.59000015258789,20.59000015258789,1013100
2018-12-27,20.14999961853028,20.51000022888184,19.06999969482422,20.31999969482422,20.31999969482422,815700
2018-12-28,20.64999961853028,21.38999938964844,20.309999465942383,20.71999931335449,20.71999931335449,679000
2018-12-31,20.8700008392334,22.950000762939453,20.854999542236328,22.75,22.75,1045500
2019-01-02,22.030000686645508,23.38999938964844,21.670000076293945,23.34000015258789,23.34000015258789,959400
2019-01-03,23.07999992370605,23.799999237060547,21.68000030517578,21.959999084472656,21.959999084472656,920100
2019-01-04,22.420000076293945,23.48600006103516,22.030000686645508,23.200000762939453,23.200000762939453,985100
2019-01-07,23.780000686645508,24.989999771118164,23.200000762939453,24.93000030517578,24.93000030517578,882800
2019-01-08,25.32999992370605,25.90699958801269,24.1200008392334,25.450000762939453,25.450000762939453,1193500
2019-01-09,25.6200008392334,26.825000762939453,25.459999084472656,26.39999961853028,26.39999961853028,878000
2019-01-10,26.1200008392334,26.5,25.200000762939453,26.40999984741211,26.40999984741211,990900
2019-01-11,26.229999542236328,26.65999984741211,25.65999984741211,26.200000762939453,26.200000762939453,448100
2019-01-14,25.989999771118164,26.26000022888184,24.920000076293945,24.989999771118164,24.989999771118164,732000
2019-01-15,25.18000030517578,26.65999984741211,25.1299991607666,26.39999961853028,26.39999961853028,882200
2019-01-16,26.549999237060547,28.14999961853028,26.07999992370605,26.26000022888184,26.26000022888184,909600
2019-01-17,26.15999984741211,26.61000061035156,25.850000381469727,26.209999084472656,26.209999084472656,409400
2019-01-18,26.31999969482422,26.86000061035156,25.89999961853028,26.13999938964844,26.13999938964844,648300
2019-01-22,23.51000022888184,23.71999931335449,20.299999237060547,20.950000762939453,20.950000762939453,5641200
2019-01-23,20.6200008392334,21.26000022888184,19.32999992370605,20.100000381469727,20.100000381469727,2963700
2019-01-24,20.200000762939453,21.540000915527344,19.979999542236328,21.32999992370605,21.32999992370605,1763900
2019-01-25,21.38999938964844,21.540000915527344,20.5,21.459999084472656,21.459999084472656,1100300
2019-01-28,21.11000061035156,21.21999931335449,20.25,20.65999984741211,20.65999984741211,945900
2019-01-29,20.64999961853028,20.989999771118164,19.93000030517578,20.290000915527344,20.290000915527344,993100
2019-01-30,20.450000762939453,21.479999542236328,20.299999237060547,21.280000686645508,21.280000686645508,960300
2019-01-31,21.170000076293945,22.0,20.959999084472656,21.729999542236328,21.729999542236328,840000
2019-02-01,21.790000915527344,21.979999542236328,21.26000022888184,21.600000381469727,21.600000381469727,523300
2019-02-04,21.65999984741211,22.049999237060547,21.100000381469727,21.90999984741211,21.90999984741211,599800
2019-02-05,21.940000534057617,22.57999992370605,21.07999992370605,21.13999938964844,21.13999938964844,697100
2019-02-06,21.13999938964844,21.530000686645508,20.63999938964844,21.100000381469727,21.100000381469727,636300
2019-02-07,20.950000762939453,21.18000030517578,19.0,19.43000030517578,19.43000030517578,1746500
2019-02-08,19.5,19.989999771118164,19.09000015258789,19.75,19.75,1365600
2019-02-11,19.850000381469727,20.5,19.75,19.96999931335449,19.96999931335449,531100
2019-02-12,20.11000061035156,20.520000457763672,19.959999084472656,20.290000915527344,20.290000915527344,786900
2019-02-13,20.36000061035156,20.607999801635746,19.84000015258789,19.950000762939453,19.950000762939453,506900
2019-02-14,19.89999961853028,20.299999237060547,19.63999938964844,19.86000061035156,19.86000061035156,619800
2019-02-15,19.989999771118164,20.39999961853028,19.850000381469727,20.07999992370605,20.07999992370605,665800
2019-02-19,20.040000915527344,20.440000534057617,20.0,20.21999931335449,20.21999931335449,674900
2019-02-20,20.309999465942383,20.989999771118164,20.309999465942383,20.549999237060547,20.549999237060547,645700
2019-02-21,20.5,20.770000457763672,19.700000762939453,19.729999542236328,19.729999542236328,792500
2019-02-22,19.780000686645508,20.125,19.5,19.8700008392334,19.8700008392334,657600
2019-02-25,21.21999931335449,22.209999084472656,20.68000030517578,20.93000030517578,20.93000030517578,1915500
2019-02-26,20.809999465942383,21.600000381469727,20.700000762939453,20.71999931335449,20.71999931335449,784100
2019-02-27,20.71999931335449,21.290000915527344,20.63999938964844,20.950000762939453,20.950000762939453,827800
2019-02-28,21.049999237060547,21.270000457763672,20.1299991607666,20.6299991607666,20.6299991607666,1181500
2019-03-01,21.020000457763672,23.959999084472656,20.81999969482422,23.63999938964844,23.63999938964844,2536900
2019-03-04,24.799999237060547,24.799999237060547,22.75,23.81999969482422,23.81999969482422,1497600
2019-03-05,23.809999465942383,24.790000915527344,23.420000076293945,23.63999938964844,23.63999938964844,1268100
2019-03-06,23.56999969482422,23.989999771118164,22.15999984741211,22.6299991607666,22.6299991607666,1175000
2019-03-07,22.56999969482422,23.290000915527344,21.89999961853028,22.86000061035156,22.86000061035156,662600
2019-03-08,22.8700008392334,23.290000915527344,22.465999603271484,22.600000381469727,22.600000381469727,900500
2019-03-11,22.6200008392334,23.8700008392334,22.350000381469727,23.84000015258789,23.84000015258789,822100
2019-03-12,23.84000015258789,24.63999938964844,23.823999404907227,24.270000457763672,24.270000457763672,730500
2019-03-13,24.39999961853028,24.600000381469727,23.76000022888184,24.21999931335449,24.21999931335449,704000
2019-03-14,24.21999931335449,24.459999084472656,23.540000915527344,23.940000534057617,23.940000534057617,511900
2019-03-15,24.030000686645508,24.700000762939453,23.959999084472656,24.290000915527344,24.290000915527344,1974300
2019-03-18,24.5,24.799999237060547,23.6299991607666,23.96999931335449,23.96999931335449,779100
2019-03-19,24.1200008392334,24.600000381469727,23.74399948120117,24.11000061035156,24.11000061035156,800000
2019-03-20,24.11000061035156,24.90999984741211,24.0,24.1200008392334,24.1200008392334,1121300
2019-03-21,23.799999237060547,24.799999237060547,23.700000762939453,24.739999771118164,24.739999771118164,964800
2019-03-22,24.6299991607666,24.68000030517578,22.530000686645508,22.61000061035156,22.61000061035156,1125800
2019-03-25,22.57999992370605,23.03499984741211,21.86000061035156,22.799999237060547,22.799999237060547,620000
2019-03-26,23.25,23.36000061035156,22.6200008392334,23.190000534057617,23.190000534057617,523900
2019-03-27,23.06999969482422,23.34000015258789,22.5,22.950000762939453,22.950000762939453,507600
2019-03-28,22.959999084472656,23.65999984741211,22.86000061035156,23.6299991607666,23.6299991607666,365300
2019-03-29,23.86000061035156,24.5049991607666,23.64999961853028,24.450000762939453,24.450000762939453,631100
2019-04-01,24.729999542236328,25.1299991607666,24.38999938964844,24.709999084472656,24.709999084472656,639900
2019-04-02,24.82999992370605,26.1299991607666,24.729999542236328,26.020000457763672,26.020000457763672,987100
2019-04-03,26.34000015258789,26.89999961853028,26.0,26.75,26.75,816000
2019-04-04,26.76000022888184,26.88999938964844,26.01000022888184,26.670000076293945,26.670000076293945,772400
2019-04-05,26.71999931335449,27.57999992370605,26.09000015258789,27.479999542236328,27.479999542236328,775200
2019-04-08,27.3799991607666,27.86000061035156,26.81999969482422,27.25,27.25,743400
2019-04-09,27.209999084472656,27.5,26.59000015258789,26.670000076293945,26.670000076293945,578600
2019-04-10,26.690000534057617,27.68000030517578,26.61899948120117,27.670000076293945,27.670000076293945,547700
2019-04-11,27.670000076293945,27.89999961853028,25.25,25.489999771118164,25.489999771118164,1197200
2019-04-12,26.0,26.440000534057617,25.729999542236328,26.09000015258789,26.09000015258789,791200
2019-04-15,26.170000076293945,26.56999969482422,25.61599922180176,26.540000915527344,26.540000915527344,525300
2019-04-16,26.93000030517578,27.489999771118164,26.57999992370605,27.21999931335449,27.21999931335449,726700
2019-04-17,27.34000015258789,27.40999984741211,25.440000534057617,25.71999931335449,25.71999931335449,1097100
2019-04-18,25.61000061035156,25.952999114990234,24.670000076293945,25.799999237060547,25.799999237060547,866100
2019-04-22,25.68000030517578,26.43000030517578,25.5,26.31999969482422,26.31999969482422,595700
2019-04-23,26.43000030517578,27.600000381469727,26.229999542236328,27.440000534057617,27.440000534057617,626100
2019-04-24,27.520000457763672,27.600000381469727,26.46999931335449,27.01000022888184,27.01000022888184,527800
2019-04-25,26.920000076293945,27.51499938964844,26.559999465942383,27.15999984741211,27.15999984741211,455900
2019-04-26,27.25,27.809999465942383,26.68000030517578,27.76000022888184,27.76000022888184,465700
2019-04-29,27.82999992370605,28.07999992370605,26.200000762939453,26.270000457763672,26.270000457763672,1015000
2019-04-30,26.049999237060547,26.357999801635746,24.600000381469727,24.75,24.75,1033700
2019-05-01,25.0,25.049999237060547,23.15999984741211,23.21999931335449,23.21999931335449,1343500
2019-05-02,23.309999465942383,24.1299991607666,23.229999542236328,24.0,24.0,1112100
2019-05-03,24.200000762939453,25.1200008392334,24.06999969482422,25.07999992370605,25.07999992370605,802800
2019-05-06,24.57999992370605,25.89999961853028,24.40999984741211,25.86000061035156,25.86000061035156,641300
2019-05-07,25.549999237060547,25.61000061035156,24.3700008392334,24.68000030517578,24.68000030517578,794300
2019-05-08,23.75,25.989999771118164,23.75,25.1299991607666,25.1299991607666,822800
2019-05-09,24.63999938964844,24.96500015258789,23.799999237060547,24.559999465942383,24.559999465942383,522100
2019-05-10,24.450000762939453,24.850000381469727,23.75,24.450000762939453,24.450000762939453,588100
2019-05-13,23.63999938964844,23.96500015258789,22.26000022888184,22.270000457763672,22.270000457763672,1034100
2019-05-14,22.34000015258789,22.8799991607666,21.709999084472656,22.489999771118164,22.489999771118164,1036900
2019-05-15,22.46999931335449,22.700000762939453,21.809999465942383,22.63999938964844,22.63999938964844,984200
2019-05-16,22.809999465942383,23.25,22.76700019836425,23.190000534057617,23.190000534057617,631500
2019-05-17,22.809999465942383,23.100000381469727,22.301000595092773,22.5,22.5,582700
2019-05-20,22.170000076293945,22.1879997253418,21.350000381469727,21.450000762939453,21.450000762939453,776700
2019-05-21,21.690000534057617,23.01000022888184,21.530000686645508,22.989999771118164,22.989999771118164,767600
2019-05-22,22.75,23.100000381469727,21.893999099731445,22.0,22.0,616500
2019-05-23,21.64999961853028,21.90999984741211,20.768999099731445,21.18000030517578,21.18000030517578,852700
2019-05-24,21.299999237060547,21.81999969482422,21.25,21.71999931335449,21.71999931335449,455300
2019-05-28,21.81999969482422,21.81999969482422,21.09000015258789,21.43000030517578,21.43000030517578,648100
2019-05-29,21.1299991607666,21.549999237060547,20.799999237060547,21.14999961853028,21.14999961853028,548800
2019-05-30,21.229999542236328,21.440000534057617,20.96999931335449,21.229999542236328,21.229999542236328,485100
2019-05-31,20.76000022888184,21.049999237060547,20.520000457763672,20.549999237060547,20.549999237060547,543000
2019-06-03,20.520000457763672,21.114999771118164,20.440000534057617,20.76000022888184,20.76000022888184,597200
2019-06-04,21.01000022888184,21.18000030517578,20.209999084472656,20.82999992370605,20.82999992370605,1110100
2019-06-05,21.030000686645508,21.184999465942383,20.39999961853028,20.479999542236328,20.479999542236328,838500
2019-06-06,20.520000457763672,20.90999984741211,20.309999465942383,20.57999992370605,20.57999992370605,769400
2019-06-07,20.979999542236328,22.530000686645508,20.950000762939453,22.40999984741211,22.40999984741211,1066800
2019-06-10,22.549999237060547,22.950000762939453,22.040000915527344,22.049999237060547,22.049999237060547,669300
2019-06-11,22.59000015258789,22.690000534057617,21.114999771118164,21.549999237060547,21.549999237060547,643200
2019-06-12,21.530000686645508,21.739999771118164,21.06999969482422,21.739999771118164,21.739999771118164,484400
2019-06-13,21.96999931335449,22.540000915527344,21.56399917602539,22.51000022888184,22.51000022888184,565900
2019-06-14,22.5,22.76000022888184,21.700000762939453,21.729999542236328,21.729999542236328,532000
2019-06-17,22.0,22.65999984741211,21.799999237060547,22.61000061035156,22.61000061035156,788500
2019-06-18,22.81999969482422,23.559999465942383,22.56999969482422,22.989999771118164,22.989999771118164,776100
2019-06-19,23.09000015258789,23.309999465942383,22.645000457763672,22.700000762939453,22.700000762939453,432700
2019-06-20,23.059999465942383,23.25300025939941,22.30900001525879,22.40999984741211,22.40999984741211,646000
2019-06-21,22.3799991607666,22.920000076293945,21.77899932861328,22.82999992370605,22.82999992370605,985200
2019-06-24,22.770000457763672,22.920000076293945,21.770000457763672,21.790000915527344,21.790000915527344,719200
2019-06-25,21.89999961853028,22.93000030517578,21.790000915527344,22.82999992370605,22.82999992370605,808600
2019-06-26,23.0,23.1299991607666,22.14999961853028,22.309999465942383,22.309999465942383,602000
2019-06-27,22.540000915527344,23.43000030517578,22.51000022888184,23.40999984741211,23.40999984741211,590400
2019-06-28,23.739999771118164,24.75,23.51000022888184,24.739999771118164,24.739999771118164,3207100
2019-07-01,25.40999984741211,25.40999984741211,24.07999992370605,24.239999771118164,24.239999771118164,729600
2019-07-02,24.31999969482422,24.34000015258789,23.64999961853028,23.93000030517578,23.93000030517578,377200
2019-07-03,24.059999465942383,24.600000381469727,23.77499961853028,24.57999992370605,24.57999992370605,285800
2019-07-05,24.36000061035156,24.450000762939453,23.799999237060547,24.059999465942383,24.059999465942383,451100
2019-07-08,24.059999465942383,24.299999237060547,23.520000457763672,23.96999931335449,23.96999931335449,392000
2019-07-09,23.5,24.489999771118164,23.32999992370605,24.479999542236328,24.479999542236328,481900
2019-07-10,24.56999969482422,24.96999931335449,24.391000747680664,24.940000534057617,24.940000534057617,475600
2019-07-11,24.89999961853028,25.190000534057617,24.32999992370605,24.780000686645508,24.780000686645508,424400
2019-07-12,24.600000381469727,24.96999931335449,24.34000015258789,24.850000381469727,24.850000381469727,453600
2019-07-15,24.979999542236328,25.59000015258789,24.770000457763672,25.299999237060547,25.299999237060547,496000
2019-07-16,25.25,25.25,24.26000022888184,24.32999992370605,24.32999992370605,541700
2019-07-17,24.309999465942383,24.670000076293945,23.799999237060547,24.059999465942383,24.059999465942383,641500
2019-07-18,23.8799991607666,24.68000030517578,23.850000381469727,24.670000076293945,24.670000076293945,638500
2019-07-19,24.75,25.01000022888184,23.670000076293945,23.850000381469727,23.850000381469727,617500
2019-07-22,23.920000076293945,24.920000076293945,23.79899978637696,24.790000915527344,24.790000915527344,572900
2019-07-23,25.01000022888184,25.6200008392334,24.709999084472656,25.38999938964844,25.38999938964844,612000
2019-07-24,25.290000915527344,26.06999969482422,25.020000457763672,26.0,26.0,589500
2019-07-25,26.11000061035156,26.11000061035156,24.89999961853028,24.920000076293945,24.920000076293945,509000
2019-07-26,25.07999992370605,26.239999771118164,25.07999992370605,26.18000030517578,26.18000030517578,619400
2019-07-29,26.5,26.59000015258789,25.559999465942383,26.270000457763672,26.270000457763672,426400
2019-07-30,26.01000022888184,26.809999465942383,25.61000061035156,26.809999465942383,26.809999465942383,526100
2019-07-31,26.88999938964844,27.0,24.809999465942383,25.25,25.25,764300
2019-08-01,25.25,26.09000015258789,24.950000762939453,25.780000686645508,25.780000686645508,647200
2019-08-02,25.489999771118164,25.76499938964844,24.75,24.96999931335449,24.96999931335449,668600
2019-08-05,24.31999969482422,24.75,23.51000022888184,23.93000030517578,23.93000030517578,1030100
2019-08-06,23.959999084472656,24.68000030517578,23.38999938964844,24.6299991607666,24.6299991607666,812900
2019-08-07,23.489999771118164,24.780000686645508,22.545000076293945,24.5,24.5,835700
2019-08-08,24.59000015258789,25.270000457763672,24.549999237060547,24.780000686645508,24.780000686645508,542600
2019-08-09,24.6200008392334,25.05500030517578,24.3799991607666,24.84000015258789,24.84000015258789,742000
2019-08-12,24.65999984741211,24.979999542236328,23.89999961853028,24.040000915527344,24.040000915527344,647400
2019-08-13,23.86000061035156,24.790000915527344,23.670000076293945,24.59000015258789,24.59000015258789,1207000
2019-08-14,24.76000022888184,25.46999931335449,24.670000076293945,25.09000015258789,25.09000015258789,852200
2019-08-15,25.15999984741211,25.86000061035156,24.93000030517578,25.36000061035156,25.36000061035156,585600
2019-08-16,25.59000015258789,26.059999465942383,25.440000534057617,25.63999938964844,25.63999938964844,654900
2019-08-19,25.979999542236328,26.06999969482422,25.549999237060547,25.780000686645508,25.780000686645508,549900
2019-08-20,25.729999542236328,26.11000061035156,25.325000762939453,25.59000015258789,25.59000015258789,432500
2019-08-21,25.950000762939453,26.170000076293945,25.5,25.8700008392334,25.8700008392334,384600
2019-08-22,25.770000457763672,26.0,24.920000076293945,25.290000915527344,25.290000915527344,568800
2019-08-23,25.15999984741211,25.63999938964844,23.940000534057617,24.059999465942383,24.059999465942383,585500
2019-08-26,24.489999771118164,24.71500015258789,23.739999771118164,24.34000015258789,24.34000015258789,684200
2019-08-27,24.5,25.0,23.56999969482422,23.71999931335449,23.71999931335449,509100
2019-08-28,23.75,24.46500015258789,23.520000457763672,24.299999237060547,24.299999237060547,461100
2019-08-29,24.51000022888184,25.09000015258789,24.39999961853028,25.07999992370605,25.07999992370605,715600
2019-08-30,25.18000030517578,25.450000762939453,24.6299991607666,24.82999992370605,24.82999992370605,349600
2019-09-03,24.809999465942383,25.09000015258789,23.520000457763672,23.850000381469727,23.850000381469727,549000
2019-09-04,24.190000534057617,24.43000030517578,22.799999237060547,23.15999984741211,23.15999984741211,789600
2019-09-05,23.479999542236328,24.43000030517578,23.0,24.190000534057617,24.190000534057617,685800
2019-09-06,24.34000015258789,25.15999984741211,24.020000457763672,24.459999084472656,24.459999084472656,620600
2019-09-09,24.670000076293945,25.14999961853028,24.1299991607666,24.280000686645508,24.280000686645508,425400
2019-09-10,24.200000762939453,25.549999237060547,24.020000457763672,25.530000686645508,25.530000686645508,588700
2019-09-11,25.670000076293945,26.8799991607666,25.5,26.56999969482422,26.56999969482422,851000
2019-09-12,26.6299991607666,27.0,25.93000030517578,26.09000015258789,26.09000015258789,685500
2019-09-13,26.209999084472656,26.6200008392334,25.420000076293945,25.5,25.5,624700
2019-09-16,25.309999465942383,26.059999465942383,25.299999237060547,25.75,25.75,494600
2019-09-17,25.780000686645508,26.1299991607666,25.520000457763672,25.76000022888184,25.76000022888184,339600
2019-09-18,26.0,26.059999465942383,24.944000244140625,25.290000915527344,25.290000915527344,452500
2019-09-19,25.239999771118164,25.5,24.920000076293945,25.18000030517578,25.18000030517578,396200
2019-09-20,25.15999984741211,25.479999542236328,24.790000915527344,24.989999771118164,24.989999771118164,1853500
2019-09-23,24.8700008392334,25.420000076293945,24.299999237060547,24.350000381469727,24.350000381469727,327600
2019-09-24,24.38999938964844,24.5,23.489999771118164,23.96999931335449,23.96999931335449,538100
2019-09-25,23.76000022888184,24.239999771118164,23.25,23.73500061035156,23.73500061035156,458200
2019-09-26,23.739999771118164,23.850000381469727,22.600000381469727,22.709999084472656,22.709999084472656,557600
2019-09-27,22.709999084472656,23.309999465942383,22.200000762939453,22.48500061035156,22.48500061035156,459200
2019-09-30,22.450000762939453,23.0,22.32699966430664,22.739999771118164,22.739999771118164,313300
2019-10-01,22.81999969482422,23.489999771118164,21.950000762939453,22.040000915527344,22.040000915527344,524600
2019-10-02,21.65999984741211,21.90699958801269,21.25,21.76000022888184,21.76000022888184,604400
2019-10-03,21.76000022888184,22.0,21.25,21.63999938964844,21.63999938964844,506600
2019-10-04,21.6299991607666,21.979999542236328,21.23500061035156,21.780000686645508,21.780000686645508,536400
2019-10-07,21.850000381469727,22.1200008392334,21.32999992370605,21.34000015258789,21.34000015258789,677300
2019-10-08,21.14999961853028,21.309999465942383,20.049999237060547,20.06999969482422,20.06999969482422,899700
2019-10-09,20.31999969482422,20.450000762939453,19.63999938964844,19.89999961853028,19.89999961853028,799900
2019-10-10,19.8700008392334,20.09000015258789,19.290000915527344,19.489999771118164,19.489999771118164,592900
2019-10-11,19.6200008392334,20.475000381469727,19.5,20.190000534057617,20.190000534057617,580100
2019-10-14,20.059999465942383,20.5,19.489999771118164,19.82999992370605,19.82999992370605,444400
2019-10-15,19.86000061035156,20.440000534057617,19.82999992370605,20.280000686645508,20.280000686645508,360200
2019-10-16,20.25,20.76000022888184,20.200000762939453,20.39999961853028,20.39999961853028,544900
2019-10-17,20.46999931335449,20.559999465942383,20.13999938964844,20.350000381469727,20.350000381469727,430700
2019-10-18,20.209999084472656,20.5,19.61000061035156,19.729999542236328,19.729999542236328,387700
2019-10-21,19.8700008392334,20.559999465942383,19.809999465942383,20.459999084472656,20.459999084472656,427900
2019-10-22,20.68000030517578,21.0,20.200000762939453,20.299999237060547,20.299999237060547,353600
2019-10-23,20.559999465942383,21.14999961853028,20.39999961853028,20.834999084472656,20.834999084472656,344800
2019-10-24,20.89999961853028,21.040000915527344,20.3799991607666,20.68000030517578,20.68000030517578,296700
2019-10-25,20.40999984741211,21.09000015258789,20.31999969482422,20.959999084472656,20.959999084472656,299000
2019-10-28,20.979999542236328,21.64999961853028,20.950000762939453,21.61000061035156,21.61000061035156,442400
2019-10-29,21.61000061035156,21.700000762939453,20.940000534057617,21.540000915527344,21.540000915527344,457600
2019-10-30,21.540000915527344,21.63999938964844,21.190000534057617,21.39999961853028,21.39999961853028,381300
2019-10-31,21.39999961853028,21.809999465942383,20.690000534057617,20.84000015258789,20.84000015258789,645300
2019-11-01,21.100000381469727,21.809999465942383,20.86000061035156,21.530000686645508,21.530000686645508,816900
2019-11-04,21.809999465942383,21.920000076293945,21.0,21.030000686645508,21.030000686645508,607800
2019-11-05,21.1299991607666,21.65999984741211,20.86400032043457,21.229999542236328,21.229999542236328,462900
2019-11-06,21.190000534057617,21.21999931335449,20.36000061035156,20.43000030517578,20.43000030517578,488500
2019-11-07,20.6200008392334,21.309999465942383,20.56999969482422,20.90999984741211,20.90999984741211,617900
2019-11-08,20.82999992370605,21.229999542236328,20.270000457763672,20.489999771118164,20.489999771118164,647800
2019-11-11,20.489999771118164,20.530000686645508,19.89999961853028,20.38999938964844,20.38999938964844,513100
2019-11-12,20.799999237060547,22.450000762939453,19.61000061035156,22.31999969482422,22.31999969482422,1028100
2019-11-13,22.31999969482422,23.520000457763672,21.920000076293945,22.989999771118164,22.989999771118164,918800
2019-11-14,23.059999465942383,23.257999420166016,22.239999771118164,22.65999984741211,22.65999984741211,540300
2019-11-15,22.81999969482422,23.299999237060547,22.63999938964844,22.86000061035156,22.86000061035156,503700
2019-11-18,22.780000686645508,23.5,22.51000022888184,23.14999961853028,23.14999961853028,533600
2019-11-19,23.34000015258789,27.059999465942383,23.34000015258789,24.959999084472656,24.959999084472656,2718500
2019-11-20,24.8700008392334,25.170000076293945,23.549999237060547,24.190000534057617,24.190000534057617,917800
2019-11-21,24.049999237060547,24.450000762939453,23.93000030517578,24.40999984741211,24.40999984741211,598800
2019-11-22,24.46999931335449,24.950000762939453,24.229999542236328,24.36000061035156,24.36000061035156,827200
2019-11-25,25.21999931335449,27.46999931335449,24.82999992370605,27.18000030517578,27.18000030517578,3093600
2019-11-26,29.229999542236328,29.25,27.64999961853028,28.3799991607666,28.3799991607666,2593500
2019-11-27,29.309999465942383,29.93000030517578,28.6200008392334,29.229999542236328,29.229999542236328,1855400
2019-11-29,29.81999969482422,30.559999465942383,29.5,30.280000686645508,30.280000686645508,1703200
2019-12-02,31.0,31.780000686645508,29.59000015258789,29.89999961853028,29.89999961853028,1844900
2019-12-03,29.989999771118164,30.82999992370605,29.600000381469727,30.290000915527344,30.290000915527344,1244900
2019-12-04,30.71999931335449,31.520000457763672,30.200000762939453,30.770000457763672,30.770000457763672,1411500
2019-12-05,30.989999771118164,31.1299991607666,29.959999084472656,30.38999938964844,30.38999938964844,1383000
2019-12-06,30.600000381469727,31.131999969482425,30.11000061035156,30.920000076293945,30.920000076293945,1144500
2019-12-09,30.96999931335449,31.600000381469727,30.309999465942383,30.31999969482422,30.31999969482422,869400
2019-12-10,30.489999771118164,31.31999969482422,30.36000061035156,30.690000534057617,30.690000534057617,1041400
2019-12-11,30.670000076293945,31.100000381469727,29.3700008392334,29.57999992370605,29.57999992370605,849400
2019-12-12,29.51000022888184,30.3700008392334,29.270000457763672,30.1299991607666,30.1299991607666,746700
2019-12-13,30.32999992370605,30.56999969482422,29.57999992370605,29.89999961853028,29.89999961853028,702700
2019-12-16,30.540000915527344,31.540000915527344,30.13500022888184,31.1299991607666,31.1299991607666,1466100
2019-12-17,31.3700008392334,31.46999931335449,30.920000076293945,31.334999084472656,31.334999084472656,557300
2019-12-18,31.049999237060547,32.75,31.049999237060547,32.06999969482422,32.06999969482422,1174000
2019-12-19,32.189998626708984,32.428001403808594,31.6299991607666,32.16999816894531,32.16999816894531,659000
2019-12-20,32.2400016784668,32.5,31.309999465942383,31.88999938964844,31.88999938964844,1224100
2019-12-23,32.36000061035156,32.38999938964844,31.520000457763672,32.2400016784668,32.2400016784668,810200
2019-12-24,32.13999938964844,32.689998626708984,31.920000076293945,32.630001068115234,32.630001068115234,215900
2019-12-26,32.7400016784668,32.81999969482422,32.0099983215332,32.04999923706055,32.04999923706055,341000
2019-12-27,32.11000061035156,32.25,30.26000022888184,30.459999084472656,30.459999084472656,1003300
2019-12-30,30.51000022888184,30.792999267578125,29.049999237060547,29.5,29.5,783200
2019-12-31,29.350000381469727,29.850000381469727,29.11000061035156,29.61000061035156,29.61000061035156,795600
2020-01-02,29.86000061035156,29.89999961853028,28.75,29.440000534057617,29.440000534057617,604100
2020-01-03,28.82999992370605,29.7189998626709,28.75,29.0,29.0,551100
2020-01-06,28.81999969482422,29.86000061035156,28.11000061035156,29.729999542236328,29.729999542236328,594100
2020-01-07,30.0,30.71999931335449,29.75,29.959999084472656,29.959999084472656,782900
2020-01-08,29.780000686645508,31.07999992370605,29.459999084472656,30.989999771118164,30.989999771118164,703700
2020-01-09,31.530000686645508,31.90999984741211,30.440000534057617,30.64999961853028,30.64999961853028,565400
2020-01-10,30.88999938964844,31.5,30.6200008392334,30.68000030517578,30.68000030517578,632000
2020-01-13,31.3799991607666,31.90999984741211,30.209999084472656,31.15999984741211,31.15999984741211,885000
2020-01-14,31.239999771118164,33.005001068115234,30.74300003051757,32.5099983215332,32.5099983215332,915900
2020-01-15,32.810001373291016,34.369998931884766,32.5,32.779998779296875,32.779998779296875,1282100
2020-01-16,33.0099983215332,33.2140007019043,31.36000061035156,32.02000045776367,32.02000045776367,950200
2020-01-17,32.20000076293945,32.20000076293945,30.420000076293945,30.63999938964844,30.63999938964844,1008000
2020-01-21,30.63999938964844,30.8700008392334,29.700000762939453,29.93000030517578,29.93000030517578,626500
2020-01-22,29.93000030517578,30.530000686645508,29.600000381469727,30.040000915527344,30.040000915527344,421400
2020-01-23,29.940000534057617,29.940000534057617,28.8799991607666,28.96999931335449,28.96999931335449,618800
2020-01-24,29.309999465942383,29.350000381469727,27.89999961853028,28.350000381469727,28.350000381469727,706200
2020-01-27,27.309999465942383,28.26000022888184,27.030000686645508,27.96999931335449,27.96999931335449,584000
2020-01-28,28.200000762939453,29.01000022888184,27.82999992370605,28.239999771118164,28.239999771118164,483400
2020-01-29,28.25,28.665000915527344,27.76000022888184,27.799999237060547,27.799999237060547,379100
2020-01-30,27.51000022888184,27.63999938964844,26.69499969482422,26.84000015258789,26.84000015258789,610000
2020-01-31,26.770000457763672,26.940000534057617,26.049999237060547,26.43000030517578,26.43000030517578,784100
2020-02-03,26.690000534057617,27.3700008392334,25.90999984741211,27.13999938964844,27.13999938964844,870600
2020-02-04,27.68000030517578,28.440000534057617,27.68000030517578,28.3700008392334,28.3700008392334,739100
2020-02-05,28.63999938964844,29.170000076293945,28.200000762939453,28.63999938964844,28.63999938964844,653600
2020-02-06,28.920000076293945,28.979999542236328,27.89999961853028,28.049999237060547,28.049999237060547,868100
2020-02-07,28.36000061035156,28.39999961853028,26.23699951171875,26.350000381469727,26.350000381469727,830100
2020-02-10,26.51000022888184,28.229999542236328,26.5,27.90999984741211,27.90999984741211,940500
2020-02-11,28.059999465942383,28.200000762939453,26.75,26.989999771118164,26.989999771118164,706100
2020-02-12,27.36000061035156,27.600000381469727,26.59000015258789,26.86000061035156,26.86000061035156,671800
2020-02-13,27.030000686645508,27.31999969482422,26.31999969482422,26.84000015258789,26.84000015258789,777800
2020-02-14,26.86000061035156,27.059999465942383,26.3700008392334,26.81999969482422,26.81999969482422,493400
2020-02-18,26.81999969482422,27.07999992370605,26.309999465942383,26.90999984741211,26.90999984741211,510100
2020-02-19,27.01000022888184,27.25,26.440000534057617,26.540000915527344,26.540000915527344,604000
2020-02-20,26.5,27.190000534057617,25.799999237060547,26.299999237060547,26.299999237060547,672000
2020-02-21,26.11000061035156,26.26000022888184,24.64999961853028,24.729999542236328,24.729999542236328,1005300
2020-02-24,24.100000381469727,24.20400047302246,23.020000457763672,23.690000534057617,23.690000534057617,832100
2020-02-25,24.0,24.290000915527344,22.43000030517578,22.479999542236328,22.479999542236328,929800
2020-02-26,22.46999931335449,23.350000381469727,22.09000015258789,22.40999984741211,22.40999984741211,1074300
2020-02-27,21.790000915527344,21.850000381469727,20.049999237060547,20.979999542236328,20.979999542236328,1880900
2020-02-28,20.25,22.25,20.11000061035156,22.18000030517578,22.18000030517578,1568400
2020-03-02,22.39999961853028,22.850000381469727,21.57999992370605,22.71999931335449,22.71999931335449,1062200
2020-03-03,22.57999992370605,23.440000534057617,21.434999465942383,21.959999084472656,21.959999084472656,686500
2020-03-04,23.549999237060547,23.71999931335449,22.38999938964844,23.01000022888184,23.01000022888184,828100
2020-03-05,22.489999771118164,25.444000244140625,22.160999298095703,25.14999961853028,25.14999961853028,2274400
2020-03-06,24.709999084472656,25.38999938964844,23.655000686645508,23.96999931335449,23.96999931335449,1248100
2020-03-09,21.950000762939453,22.780000686645508,21.14999961853028,21.280000686645508,21.280000686645508,1166500
2020-03-10,22.1299991607666,22.75,20.229999542236328,21.709999084472656,21.709999084472656,1060200
2020-03-11,20.959999084472656,21.709999084472656,20.13999938964844,20.270000457763672,20.270000457763672,959000
2020-03-12,19.01000022888184,19.18000030517578,16.940000534057617,17.760000228881836,17.760000228881836,1757500
2020-03-13,19.43000030517578,19.459999084472656,16.760000228881836,19.350000381469727,19.350000381469727,1615600
2020-03-16,14.829999923706056,17.049999237060547,14.010000228881836,14.880000114440918,14.880000114440918,1518500
2020-03-17,15.489999771118164,17.22599983215332,14.100000381469728,16.780000686645508,16.780000686645508,1642500
2020-03-18,16.059999465942383,18.82299995422364,15.369999885559082,18.290000915527344,18.290000915527344,1918000
2020-03-19,18.18000030517578,20.959999084472656,17.739999771118164,20.0,20.0,1674000
2020-03-20,20.5,20.940000534057617,18.520000457763672,19.07999992370605,19.07999992370605,1421600
2020-03-23,19.0,20.420000076293945,18.799999237060547,19.57999992370605,19.57999992370605,1348400
2020-03-24,20.479999542236328,21.8700008392334,19.96999931335449,21.700000762939453,21.700000762939453,1166100
2020-03-25,21.90999984741211,23.26300048828125,20.540000915527344,20.84000015258789,20.84000015258789,1528800
2020-03-26,21.200000762939453,22.34499931335449,20.26499938964844,21.0,21.0,775200
2020-03-27,20.479999542236328,20.86000061035156,19.700000762939453,19.959999084472656,19.959999084472656,919100
2020-03-30,20.1299991607666,20.80500030517578,19.429000854492188,20.25,20.25,722600
2020-03-31,20.170000076293945,20.299999237060547,19.229999542236328,19.82999992370605,19.82999992370605,706500
2020-04-01,19.63999938964844,20.48500061035156,18.299999237060547,18.5,18.5,993500
2020-04-02,18.5,20.0,18.200000762939453,19.979999542236328,,701100
2020-04-03,20.170000076293945,20.32999992370605,18.950000762939453,19.559999465942383,,537700
2020-04-06,20.200000762939453,21.440000534057617,20.200000762939453,21.350000381469727,,836600
2020-04-07,21.950000762939453,22.25,20.8799991607666,21.1200008392334,,1422700
2020-04-08,21.520000457763672,21.549999237060547,20.149999618530277,20.61000061035156,,893800
2020-04-09,21.25,22.239999771118164,20.979999542236328,22.1299991607666,,783200
2020-04-13,22.059999465942383,22.56999969482422,21.520000457763672,22.350000381469727,,484000
2020-04-14,22.5,23.57999992370605,22.5,23.309999465942383,,630700
2020-04-15,22.600000381469727,23.15999984741211,21.864999771118164,22.530000686645508,,606500
2020-04-16,22.6200008392334,23.36000061035156,22.21999931335449,23.25,,484400
2020-04-17,23.950000762939453,24.18000030517578,23.32999992370605,24.0,,590300
2020-04-20,23.950000762939453,26.5,23.56999969482422,24.81999969482422,,1136600
2020-04-21,24.5,24.90999984741211,23.18000030517578,23.63999938964844,,667200
2020-04-22,24.11000061035156,24.739999771118164,23.7450008392334,24.31999969482422,,474600
2020-04-23,24.280000686645508,25.545000076293945,24.018999099731445,24.049999237060547,,553300
2020-04-24,24.049999237060547,25.187000274658203,23.71500015258789,25.01000022888184,,524900
2020-04-27,25.38999938964844,26.5049991607666,25.13999938964844,25.399999618530277,,835200
2020-04-28,25.700000762939453,25.75,24.209999084472656,24.56999969482422,,587300
2020-04-29,25.200000762939453,25.24799919128418,24.149999618530277,24.299999237060547,,745800
2020-04-30,24.0,24.78499984741211,23.01000022888184,23.1200008392334,,847500
2020-05-01,22.68000030517578,22.929000854492188,21.40999984741211,22.200000762939453,,898200
2020-05-04,22.450000762939453,25.0,21.950000762939453,24.940000534057617,,819600
2020-05-05,25.21999931335449,26.11000061035156,25.07999992370605,25.600000381469727,,813300
2020-05-06,25.34000015258789,25.65999984741211,24.51000022888184,25.01000022888184,,701300
2020-05-07,25.280000686645508,25.479999542236328,23.81999969482422,24.100000381469727,,1088800
2020-05-08,24.36000061035156,25.18000030517578,23.780000686645508,24.709999084472656,,723300
2020-05-11,24.82999992370605,27.81999969482422,24.40999984741211,27.43000030517578,,1919300
2020-05-12,27.5,27.899999618530277,25.46999931335449,25.475000381469727,,1121400
2020-05-13,26.0,26.68000030517578,23.51000022888184,24.51000022888184,,938300
2020-05-14,24.440000534057617,24.8799991607666,23.600000381469727,24.32999992370605,,787800
2020-05-15,24.549999237060547,26.43000030517578,24.47100067138672,26.280000686645508,,780900
2020-05-18,27.26000022888184,27.809999465942383,26.440000534057617,27.059999465942383,,1378000
2020-05-19,26.8700008392334,28.0,26.8700008392334,27.06999969482422,,792500
2020-05-20,27.6299991607666,28.790000915527344,27.395000457763672,28.559999465942383,,909800
2020-05-21,28.61000061035156,29.700000762939453,27.76000022888184,29.280000686645508,,810200
2020-05-22,29.3700008392334,30.190000534057617,28.690000534057617,30.100000381469727,,693000
2020-05-26,31.0,31.280000686645508,27.299999237060547,27.40999984741211,,1620400
2020-05-27,27.5,28.049999237060547,25.81999969482422,27.86000061035156,,1056400
2020-05-28,27.84000015258789,28.399999618530277,27.08799934387207,27.290000915527344,,623000
2020-05-29,27.290000915527344,27.839000701904297,26.209999084472656,27.06999969482422,,1041300
2020-06-01,27.8700008392334,28.020000457763672,26.61000061035156,27.420000076293945,,858300
2020-06-02,27.420000076293945,28.46999931335449,26.71999931335449,28.21999931335449,,880900
2020-06-03,28.21999931335449,28.950000762939453,27.40999984741211,27.459999084472656,,678700
2020-06-04,27.32999992370605,28.5,26.90999984741211,27.040000915527344,,644300
2020-06-05,27.100000381469727,28.0,26.527999877929688,26.65999984741211,,733100
2020-06-08,26.899999618530277,27.200000762939453,26.34000015258789,27.1200008392334,,744100
2020-06-09,26.739999771118164,27.61000061035156,26.729999542236328,26.809999465942383,,770600
2020-06-10,26.920000076293945,27.850000381469727,26.700000762939453,27.489999771118164,,683500
2020-06-11,26.600000381469727,27.19499969482422,24.979999542236328,25.01000022888184,,926100
2020-06-12,27.100000381469727,27.489999771118164,25.5,26.989999771118164,,769700
2020-06-15,26.5,29.020000457763672,26.5,28.940000534057617,,926900
2020-06-16,30.0,31.1200008392334,29.351999282836918,30.8799991607666,,1330800
2020-06-17,30.84000015258789,31.729999542236328,29.6299991607666,29.88999938964844,,1339700
2020-06-18,31.0,33.54999923706055,30.32999992370605,32.45000076293945,,1855800
2020-06-19,32.869998931884766,33.45000076293945,32.13999938964844,32.15999984741211,,2620800
2020-06-22,32.25,33.33000183105469,31.270000457763672,33.189998626708984,,1285500
2020-06-23,33.689998626708984,36.77999877929688,33.571998596191406,34.34000015258789,,2214400
2020-06-24,32.79999923706055,33.84000015258789,30.729999542236328,30.729999542236328,,4501100
2020-06-25,31.020000457763672,32.130001068115234,30.3799991607666,31.40999984741211,,2574000
2020-06-26,31.09000015258789,31.34000015258789,28.8700008392334,28.920000076293945,,2285400
2020-06-29,29.479999542236328,30.6299991607666,28.399999618530277,29.34000015258789,,1021800
2020-06-30,29.1299991607666,29.799999237060547,28.68000030517578,29.57999992370605,,910600
2020-07-01,29.68000030517578,31.270000457763672,29.65999984741211,30.850000381469727,,1839500
2020-07-02,31.6299991607666,31.729999542236328,30.09000015258789,30.530000686645508,,955800
2020-07-06,31.270000457763672,31.540000915527344,30.489999771118164,30.68000030517578,,817800
2020-07-07,30.68000030517578,33.09000015258789,30.399999618530277,32.16999816894531,,1052800
2020-07-08,32.63999938964844,34.72999954223633,32.2599983215332,34.630001068115234,,1182700
2020-07-09,34.70000076293945,35.525001525878906,33.33000183105469,34.4900016784668,,859200
2020-07-10,34.33000183105469,34.93000030517578,32.59000015258789,32.875,,771600
2020-07-13,33.11000061035156,34.0099983215332,31.350000381469727,31.479999542236328,,1092900
2020-07-14,31.01000022888184,32.05799865722656,30.299999237060547,31.6200008392334,,1038700
2020-07-15,32.220001220703125,32.91400146484375,31.459999084472656,32.619998931884766,,856800
2020-07-16,32.15999984741211,32.63999938964844,31.149999618530277,32.209999084472656,,702000
2020-07-17,32.33000183105469,32.619998931884766,31.64900016784668,32.22999954223633,,639400
2020-07-20,32.279998779296875,32.81999969482422,31.8799991607666,32.560001373291016,,777900
2020-07-21,32.63999938964844,32.959999084472656,30.26000022888184,30.31999969482422,,1138800
2020-07-22,30.5,30.790000915527344,29.790000915527344,30.200000762939453,,638700
2020-07-23,30.21999931335449,31.100000381469727,29.71999931335449,30.32999992370605,,810500
2020-07-24,29.790000915527344,30.32999992370605,28.8700008392334,29.8799991607666,,781000
2020-07-27,30.350000381469727,31.93000030517578,30.100000381469727,31.700000762939453,,756800
2020-07-28,31.459999084472656,31.63999938964844,30.18000030517578,30.200000762939453,,697200
2020-07-29,30.5,30.7549991607666,29.850000381469727,30.040000915527344,,500000
2020-07-30,29.81999969482422,30.81999969482422,29.700000762939453,30.6299991607666,,460500
2020-07-31,30.780000686645508,30.850000381469727,29.200000762939453,29.36000061035156,,847700
2020-08-03,29.90999984741211,31.979999542236328,29.5,31.56999969482422,,1115900
2020-08-04,31.780000686645508,31.989999771118164,30.905000686645508,31.8799991607666,,705700
2020-08-05,32.349998474121094,32.619998931884766,31.309999465942383,32.4900016784668,,855200
2020-08-06,37.44300079345703,39.959999084472656,36.02999877929688,36.84000015258789,,3890700
2020-08-07,35.0,36.2400016784668,33.40999984741211,34.709999084472656,,2141400
2020-08-10,35.900001525878906,36.880001068115234,34.81999969482422,35.5099983215332,,1044000
2020-08-11,35.40999984741211,35.959999084472656,33.97999954223633,34.189998626708984,,791700
2020-08-12,34.7599983215332,35.060001373291016,34.15999984741211,34.75,,555900
2020-08-13,34.599998474121094,35.56999969482422,34.52000045776367,35.31999969482422,,447400
2020-08-14,35.2599983215332,35.650001525878906,34.290000915527344,34.91999816894531,,441200
2020-08-17,34.970001220703125,36.93000030517578,34.79899978637695,36.650001525878906,,667700
2020-08-18,36.84999847412109,37.400001525878906,35.810001373291016,37.15999984741211,,638300
2020-08-19,37.25,38.220001220703125,36.56999969482422,36.970001220703125,,738400
2020-08-20,36.65999984741211,37.20000076293945,36.1510009765625,36.7599983215332,,556900
2020-08-21,36.380001068115234,36.88999938964844,35.720001220703125,36.08000183105469,,512200
2020-08-24,36.91400146484375,36.91400146484375,34.119998931884766,34.22999954223633,,1028400
2020-08-25,34.58000183105469,35.290000915527344,33.68000030517578,35.02000045776367,,553800
2020-08-26,34.95000076293945,35.13999938964844,34.43000030517578,34.630001068115234,,541900
2020-08-27,34.630001068115234,35.060001373291016,33.869998931884766,34.41999816894531,,376800
2020-08-28,34.400001525878906,35.13999938964844,34.119998931884766,34.959999084472656,,366100
2020-08-31,35.34000015258789,36.54999923706055,35.025001525878906,35.22999954223633,,1040700
2020-09-01,35.060001373291016,36.310001373291016,34.689998626708984,35.029998779296875,,858800
2020-09-02,35.25,36.38999938964844,34.779998779296875,36.15999984741211,,695200
2020-09-03,35.22999954223633,35.77000045776367,31.26000022888184,31.940000534057617,,1401100
2020-09-04,32.30500030517578,32.439998626708984,28.51000022888184,30.46999931335449,,1571900
2020-09-08,29.43000030517578,30.32999992370605,28.850000381469727,29.25,,764400
2020-09-09,29.690000534057617,31.459999084472656,29.65399932861328,30.950000762939453,,781000
2020-09-10,31.18000030517578,32.5,30.13999938964844,30.399999618530277,,909400
2020-09-11,30.34000015258789,31.440000534057617,29.729999542236328,29.989999771118164,,675300
2020-09-14,30.46999931335449,31.559999465942383,30.364999771118164,31.32999992370605,,706000
2020-09-15,31.32999992370605,32.619998931884766,31.32999992370605,31.899999618530277,,637400
2020-09-16,32.2400016784668,33.91999816894531,32.16999816894531,33.220001220703125,,811100
2020-09-17,32.650001525878906,33.095001220703125,31.82999992370605,32.70000076293945,,531800
2020-09-18,33.029998779296875,34.08000183105469,32.57500076293945,33.900001525878906,,1702800
2020-09-21,33.25,33.279998779296875,31.530000686645508,32.34000015258789,,903100
2020-09-22,32.61000061035156,32.880001068115234,31.32999992370605,32.7599983215332,,614300
2020-09-23,32.68000030517578,33.13999938964844,31.3799991607666,31.450000762939453,,601100
2020-09-24,30.850000381469727,31.040000915527344,28.649999618530277,29.07999992370605,,1271100
2020-09-25,28.809999465942383,29.63999938964844,28.309999465942383,29.40999984741211,,880100
2020-09-28,30.299999237060547,30.51000022888184,28.71999931335449,29.13999938964844,,855800
2020-09-29,29.040000915527344,29.729999542236328,28.809999465942383,29.040000915527344,,669200
2020-09-30,29.15999984741211,29.3700008392334,27.690000534057617,28.059999465942383,,1111000
2020-10-01,28.1299991607666,28.690000534057617,27.56999969482422,28.170000076293945,,862700
2020-10-02,27.200000762939453,28.049999237060547,27.01000022888184,27.06999969482422,,732400
2020-10-05,27.26000022888184,29.5,27.26000022888184,29.13999938964844,,732200
2020-10-06,29.18000030517578,29.76000022888184,28.549999237060547,28.76000022888184,,633800
2020-10-07,29.489999771118164,32.279998779296875,29.225000381469727,31.040000915527344,,1711600
2020-10-08,32.279998779296875,32.34000015258789,30.420000076293945,30.709999084472656,,993400
2020-10-09,30.96999931335449,33.29999923706055,30.63500022888184,33.09000015258789,,1107200
2020-10-12,33.599998474121094,33.959999084472656,31.61000061035156,32.220001220703125,,953200
2020-10-13,31.82999992370605,33.189998626708984,31.437000274658203,32.77000045776367,,1180400
2020-10-14,33.27000045776367,35.060001373291016,32.099998474121094,32.15999984741211,,1600700
2020-10-15,31.38999938964844,32.51499938964844,30.799999237060547,32.25,,781800
2020-10-16,32.5,34.22999954223633,32.45000076293945,33.65999984741211,,1046300
2020-10-19,34.0099983215332,34.560001373291016,33.31999969482422,33.459999084472656,,706200
2020-10-20,33.560001373291016,34.20000076293945,32.81999969482422,33.18000030517578,,544700
2020-10-21,31.84000015258789,32.349998474121094,29.850000381469727,30.270000457763672,,1220200
2020-10-22,30.399999618530277,32.33000183105469,30.399999618530277,32.255001068115234,,775300
2020-10-23,32.459999084472656,32.84000015258789,31.85400009155273,32.7599983215332,,509800
2020-10-26,32.310001373291016,33.439998626708984,31.399999618530277,32.130001068115234,,755600
2020-10-27,32.400001525878906,32.810001373291016,31.71999931335449,32.505001068115234,,528100
2020-10-28,31.739999771118164,32.15999984741211,30.63999938964844,31.604999542236328,,481400
2020-10-29,31.649999618530277,33.38999938964844,30.850000381469727,32.79499816894531,,712100
2020-10-30,32.54999923706055,32.54999923706055,30.3700008392334,30.940000534057617,,616800
2020-11-02,31.402000427246094,32.0,30.26000022888184,31.299999237060547,,592000
2020-11-03,30.0,30.709999084472656,27.1200008392334,28.309999465942383,,1782300
2020-11-04,28.95400047302246,31.170000076293945,28.59000015258789,30.450000762939453,,1115900
2020-11-05,31.040000915527344,32.400001525878906,30.07999992370605,31.549999237060547,,1173900
2020-11-06,32.279998779296875,32.4900016784668,30.13999938964844,30.489999771118164,,699800
2020-11-09,31.459999084472656,32.880001068115234,30.364999771118164,30.40999984741211,,1170200
2020-11-10,30.40999984741211,30.57999992370605,28.479999542236328,29.8799991607666,,824500
2020-11-11,30.01000022888184,30.21500015258789,28.65999984741211,29.100000381469727,,777200
2020-11-12,28.86000061035156,29.308000564575195,27.68000030517578,27.799999237060547,,1183000
2020-11-13,28.209999084472656,29.549999237060547,27.899999618530277,29.229999542236328,,726000
2020-11-16,29.850000381469727,30.13999938964844,28.82999992370605,29.059999465942383,,696700
2020-11-17,29.299999237060547,29.315000534057617,28.12800025939941,28.75,,1013400
2020-11-18,28.940000534057617,28.97900009155273,27.649999618530277,27.690000534057617,,914400
2020-11-19,28.170000076293945,28.690000534057617,27.549999237060547,28.030000686645508,,607900
2020-11-20,27.8799991607666,28.61000061035156,27.32999992370605,28.420000076293945,,619800
2020-11-23,28.540000915527344,29.920000076293945,28.513999938964844,29.32999992370605,,911400
2020-11-24,29.420000076293945,29.81999969482422,28.709999084472656,29.020000457763672,,716500
2020-11-25,28.8799991607666,29.76000022888184,28.8799991607666,29.450000762939453,,503700
2020-11-27,29.799999237060547,31.46999931335449,29.450000762939453,31.34000015258789,,700900
2020-11-30,32.0,32.220001220703125,29.84000015258789,30.59000015258789,,1139500
2020-12-01,30.65999984741211,32.65999984741211,30.65999984741211,31.899999618530277,,1830700
2020-12-02,31.43000030517578,32.099998474121094,30.739999771118164,31.559999465942383,,1167700
2020-12-03,31.770000457763672,34.28799819946289,31.420000076293945,33.22999954223633,,1380800
2020-12-04,33.529998779296875,35.02000045776367,32.5099983215332,34.4900016784668,,1731800
2020-12-07,35.242000579833984,41.5,34.91999816894531,39.04999923706055,,3500300
2020-12-08,40.36000061035156,43.650001525878906,38.720001220703125,43.18000030517578,,3101600
2020-12-09,43.5,55.047000885009766,43.380001068115234,50.58000183105469,,6644600
2020-12-10,58.2400016784668,67.2699966430664,56.52000045776367,66.83999633789062,,9690000
2020-12-11,65.16699981689453,65.41000366210938,57.209999084472656,61.91999816894531,,5581100
2020-12-14,60.150001525878906,67.68000030517578,59.79999923706055,61.4900016784668,,4182000
2020-12-15,63.0099983215332,65.21900177001953,62.0620002746582,64.93000030517578,,2143300
2020-12-16,64.9800033569336,66.0,63.25,63.9900016784668,,1589500
2020-12-17,64.0,65.25,60.900001525878906,62.709999084472656,,1920700
2020-12-18,63.0,64.66000366210938,62.2599983215332,64.41000366210938,,2930600
2020-12-21,63.79999923706055,96.4499969482422,62.31999969482422,83.66000366210938,,10628900
2020-12-22,89.80000305175781,89.88700103759766,79.0,81.05999755859375,,5661600
2020-12-23,80.80000305175781,84.38999938964844,75.0999984741211,81.5999984741211,,2954400
2020-12-24,82.12000274658203,87.88999938964844,80.58999633789062,83.52999877929688,,1487200
2020-12-28,85.44999694824219,92.58999633789062,83.6500015258789,84.3499984741211,,3797600
2020-12-29,84.12999725341797,85.0,68.0,74.87000274658203,,4400800
2020-12-30,76.0,79.36000061035156,74.31999969482422,76.5,,1625800
2020-12-31,76.7699966430664,77.83999633789062,69.19999694824219,70.11000061035156,,2384700
2021-01-04,71.30000305175781,73.5,68.58000183105469,71.58999633789062,,2138100
2021-01-05,71.04000091552734,76.88999938964844,70.5999984741211,76.83999633789062,,1523600
2021-01-06,75.0,86.33999633789062,74.41999816894531,80.54000091552734,,2783600
2021-01-07,81.95999908447266,90.62999725341795,81.25,89.66000366210938,,2743300
2021-01-08,90.58999633789062,99.9499969482422,86.19000244140625,90.58000183105467,,4016500
2021-01-11,87.01000213623047,88.0,75.05000305175781,76.94000244140625,,5062900
2021-01-12,78.2699966430664,81.77999877929688,74.5,75.0,,2621400
2021-01-13,75.25,76.94999694824219,72.69000244140625,73.30000305175781,,2417600
2021-01-14,73.62999725341797,76.94999694824219,72.97000122070312,75.91999816894531,,2509200
2021-01-15,76.48999786376953,83.94999694824219,76.04000091552734,76.13999938964844,,4305600
2021-01-19,74.0,76.9000015258789,69.66999816894531,72.11000061035156,,3744900
2021-01-20,73.52999877929688,74.55000305175781,70.46499633789062,71.76000213623047,,2560200
2021-01-21,67.91000366210938,70.0,62.5,63.790000915527344,,8313400
2021-01-22,64.20999908447266,66.63999938964844,63.43999862670898,65.76000213623047,,3276400
2021-01-25,66.51000213623047,67.66000366210938,61.34000015258789,65.47000122070312,,2938700
2021-01-26,65.30999755859375,66.41000366210938,60.32500076293945,60.68000030517578,,2581400
2021-01-27,58.880001068115234,62.5,54.0099983215332,60.5,,4379900
2021-01-28,61.70000076293945,64.44999694824219,59.040000915527344,61.130001068115234,,2643800
2021-01-29,61.63999938964844,63.70000076293945,59.09999847412109,61.34999847412109,,1776400
2021-02-01,62.56999969482422,63.470001220703125,60.09999847412109,62.88999938964844,,1932200
2021-02-02,64.37999725341797,67.61000061035156,63.95000076293945,65.66999816894531,,2908700
2021-02-03,66.16999816894531,68.56999969482422,61.81999969482422,62.15999984741211,,2375900
2021-02-04,63.5,64.0,60.75,63.18000030517578,,1503000
2021-02-05,63.77000045776367,64.81999969482422,62.5,64.05999755859375,,1263600
2021-02-08,65.0,70.4000015258789,63.5099983215332,69.75,,3296600
2021-02-09,69.80999755859375,70.05999755859375,64.26000213623047,66.7300033569336,,3061900
2021-02-10,67.76000213623047,68.9000015258789,58.900001525878906,59.11000061035156,,4464100
2021-02-11,60.310001373291016,60.91999816894531,56.27999877929688,57.16999816894531,,3236400
2021-02-12,57.16999816894531,59.29999923706055,54.70000076293945,57.93999862670898,,2463300
2021-02-16,59.25,59.43000030517578,55.79999923706055,56.45000076293945,,2083800
2021-02-17,55.93999862670898,56.5099983215332,52.75,56.5099983215332,,2803100
2021-02-18,54.5,56.2400016784668,53.83000183105469,55.36000061035156,,2078900
2021-02-19,56.650001525878906,58.27000045776367,55.70000076293945,56.4900016784668,,1964600
2021-02-22,56.0,56.25,51.34000015258789,52.41999816894531,,2054700
2021-02-23,49.900001525878906,50.15999984741211,44.16999816894531,49.13999938964844,,3911700
2021-02-24,50.22999954223633,50.88999938964844,47.33300018310547,49.70000076293945,,2314700
2021-02-25,49.34000015258789,50.900001525878906,44.29999923706055,44.7599983215332,,3585000
2021-02-26,45.09000015258789,46.24300003051758,42.33000183105469,43.86000061035156,,3043300
2021-03-01,44.220001220703125,47.93999862670898,44.06999969482422,46.88999938964844,,2310300
2021-03-02,46.93999862670898,48.2400016784668,45.459999084472656,45.68999862670898,,1498700
2021-03-03,45.400001525878906,45.59999847412109,42.00299835205078,43.130001068115234,,2711400
2021-03-04,42.665000915527344,43.37900161743164,37.630001068115234,40.36000061035156,,4305800
2021-03-05,42.40999984741211,42.93999862670898,36.09999847412109,41.630001068115234,,3833100
2021-03-08,42.38999938964844,45.09999847412109,40.06999969482422,40.540000915527344,,2888500
2021-03-09,42.95000076293945,46.41999816894531,42.5,45.33000183105469,,2961500
2021-03-10,46.5,48.400001525878906,45.540000915527344,46.65999984741211,,2580700
2021-03-11,48.150001525878906,48.81999969482422,46.75,47.31999969482422,,2051500
2021-03-12,46.130001068115234,46.70000076293945,44.34000015258789,46.27999877929688,,1467100
2021-03-15,46.310001373291016,48.540000915527344,45.810001373291016,47.970001220703125,,1249700
2021-03-16,48.59999847412109,48.650001525878906,43.93999862670898,45.66999816894531,,1697700
2021-03-17,44.19499969482422,47.880001068115234,43.27000045776367,46.56999969482422,,1247400
2021-03-18,45.66999816894531,45.88999938964844,43.150001525878906,43.25,,1363900
2021-03-19,43.5,45.25,43.27999877929688,45.0,,2186500
2021-03-22,45.90999984741211,49.16999816894531,45.33000183105469,48.47999954223633,,1820700
2021-03-23,47.810001373291016,48.43000030517578,45.53300094604492,46.08000183105469,,1810500
2021-03-24,46.16999816894531,46.70000076293945,40.79999923706055,40.9900016784668,,1991400
2021-03-25,39.310001373291016,42.38999938964844,37.3759994506836,42.18000030517578,,2255500
2021-03-26,42.119998931884766,42.400001525878906,38.119998931884766,40.47999954223633,,1816400
2021-03-29,40.27999877929688,41.459999084472656,38.8650016784668,39.709999084472656,,1324900
2021-03-30,39.15999984741211,41.38999938964844,37.13999938964844,40.5,,1447600
2021-03-31,41.38999938964844,43.15999984741211,41.04999923706055,42.0,,2040700
2021-04-01,43.08000183105469,45.59000015258789,42.619998931884766,42.83000183105469,,1742600
2021-04-05,44.5099983215332,45.430999755859375,42.58000183105469,42.86000061035156,,933400
2021-04-06,42.38999938964844,44.13999938964844,41.5,42.63999938964844,,1357800
2021-04-07,42.16999816894531,42.28200149536133,40.209999084472656,40.400001525878906,,1032100
2021-04-08,41.43000030517578,42.39699935913086,40.59000015258789,40.7599983215332,,1030400
2021-04-09,40.11000061035156,40.34999847412109,38.7599983215332,39.459999084472656,,1006400
2021-04-12,40.68999862670898,40.68999862670898,38.25,39.5099983215332,,1095700
2021-04-13,39.130001068115234,42.04999923706055,39.119998931884766,41.65999984741211,,1465400
2021-04-14,41.97999954223633,43.40999984741211,41.209999084472656,41.52999877929688,,1374400
2021-04-15,42.040000915527344,43.43000030517578,40.72999954223633,40.97999954223633,,903500
2021-04-16,38.27000045776367,39.220001220703125,33.58300018310547,34.66999816894531,,6787300
2021-04-19,33.709999084472656,35.47700119018555,33.0,34.16999816894531,,1871200
2021-04-20,33.68000030517578,35.18000030517578,32.83000183105469,34.470001220703125,,1332200
2021-04-21,33.9900016784668,35.869998931884766,33.27000045776367,35.86000061035156,,1376700
2021-04-22,36.18000030517578,37.220001220703125,34.73500061035156,36.290000915527344,,1084700
2021-04-23,35.85900115966797,37.43999862670898,35.689998626708984,36.90999984741211,,858900
2021-04-26,36.97999954223633,39.51499938964844,36.209999084472656,39.08000183105469,,1222300
2021-04-27,39.16999816894531,39.36800003051758,37.619998931884766,39.150001525878906,,941300
2021-04-28,38.630001068115234,39.36000061035156,38.0,38.91999816894531,,649900
2021-04-29,39.2400016784668,39.2400016784668,37.02099990844727,37.369998931884766,,1004900
2021-04-30,36.90999984741211,38.310001373291016,36.27000045776367,37.0099983215332,,734200
2021-05-03,37.79999923706055,37.9900016784668,35.060001373291016,35.59000015258789,,991200
2021-05-04,35.0,35.0,32.630001068115234,34.65999984741211,,1364100
2021-05-05,35.0,36.869998931884766,34.28099822998047,34.720001220703125,,1386900
2021-05-06,34.0,35.09000015258789,33.02000045776367,34.34000015258789,,1360500
2021-05-07,35.31999969482422,36.77000045776367,34.04999923706055,34.11000061035156,,1300600
2021-05-10,33.47999954223633,33.630001068115234,31.26000022888184,31.290000915527344,,1354800
2021-05-11,29.700000762939453,33.349998474121094,29.350000381469727,32.79999923706055,,1783500
2021-05-12,31.71999931335449,32.9119987487793,31.530000686645508,31.71999931335449,,999200
2021-05-13,31.71999931335449,33.244998931884766,29.774999618530277,31.399999618530277,,1524400
2021-05-14,31.75,33.41999816894531,31.57999992370605,33.220001220703125,,1428200
2021-05-17,33.5099983215332,33.790000915527344,32.060001373291016,33.11000061035156,,1028600
2021-05-18,33.369998931884766,35.06999969482422,32.56999969482422,33.56999969482422,,1324000
2021-05-19,32.0,33.41999816894531,31.850000381469727,33.11000061035156,,1030700
2021-05-20,33.529998779296875,34.900001525878906,32.91400146484375,34.18000030517578,,761800
2021-05-21,34.720001220703125,34.9900016784668,33.18000030517578,33.209999084472656,,691200
2021-05-24,33.54999923706055,33.810001373291016,32.38999938964844,33.189998626708984,,757700
2021-05-25,33.45000076293945,34.06999969482422,32.380001068115234,32.939998626708984,,677900
2021-05-26,32.95000076293945,35.380001068115234,32.95000076293945,35.060001373291016,,1051900
2021-05-27,34.900001525878906,35.130001068115234,33.70000076293945,34.59000015258789,,758200
2021-05-28,34.75,36.56999969482422,33.720001220703125,33.95000076293945,,877400
2021-06-01,34.04999923706055,34.470001220703125,33.400001525878906,34.220001220703125,,831600
2021-06-02,34.0,35.08000183105469,33.7599983215332,35.040000915527344,,870100
2021-06-03,34.48400115966797,34.869998931884766,32.689998626708984,33.36000061035156,,1253400
2021-06-04,34.0,34.7599983215332,33.45000076293945,33.66999816894531,,816900
2021-06-07,33.97999954223633,36.34000015258789,33.32099914550781,35.5099983215332,,1192700
2021-06-08,36.02999877929688,36.61000061035156,34.08000183105469,35.9900016784668,,894600
2021-06-09,36.35499954223633,38.59000015258789,36.35499954223633,36.400001525878906,,1702800
2021-06-10,36.060001373291016,37.27000045776367,35.16999816894531,36.900001525878906,,1214400
2021-06-11,37.540000915527344,38.25,36.61000061035156,37.41999816894531,,1028100
2021-06-14,37.83000183105469,38.880001068115234,37.32600021362305,38.52999877929688,,1146000
2021-06-15,38.34999847412109,38.34999847412109,34.900001525878906,35.099998474121094,,1757100
2021-06-16,35.0099983215332,35.2400016784668,33.150001525878906,35.0,,1036700
2021-06-17,34.14699935913086,36.72100067138672,34.020999908447266,36.15999984741211,,1032000
2021-06-18,35.70000076293945,36.16999816894531,34.68000030517578,35.880001068115234,,1345000
2021-06-21,35.720001220703125,37.2400016784668,34.75,36.86000061035156,,849200
2021-06-22,36.86000061035156,36.88999938964844,35.709999084472656,36.40999984741211,,757700
2021-06-23,36.40999984741211,38.2400016784668,36.36000061035156,37.81999969482422,,1179200
2021-06-24,38.18000030517578,40.91999816894531,38.0,40.869998931884766,,2045200
2021-06-25,41.220001220703125,41.93000030517578,40.2599983215332,41.880001068115234,,1907700
2021-06-28,49.34000015258789,50.33000183105469,43.41999816894531,43.9900016784668,,7542900
2021-06-29,44.900001525878906,46.68999862670898,44.400001525878906,46.09999847412109,,2720000
2021-06-30,45.400001525878906,58.470001220703125,44.29999923706055,56.63999938964844,,15576200
2021-07-01,57.16999816894531,60.0,51.72999954223633,56.52000045776367,,6537800
2021-07-02,56.09000015258789,56.88999938964844,53.29999923706055,54.900001525878906,,2590200
2021-07-06,53.720001220703125,55.0,47.5099983215332,48.13999938964844,,3860600
2021-07-07,49.150001525878906,50.5,45.33000183105469,45.70000076293945,,2024100
2021-07-08,43.88999938964844,47.40900039672852,43.185001373291016,46.220001220703125,,1747300
2021-07-09,46.41999816894531,48.59999847412109,44.632999420166016,48.56999969482422,,1581800
2021-07-12,48.58000183105469,49.23899841308594,45.400001525878906,46.06999969482422,,1346900
2021-07-13,46.0,46.54999923706055,43.63999938964844,43.79999923706055,,1059300
2021-07-14,43.959999084472656,45.22999954223633,42.59999847412109,43.08000183105469,,1344300
2021-07-15,42.18000030517578,43.249000549316406,40.150001525878906,41.9900016784668,,1351400
2021-07-16,42.40999984741211,43.57500076293945,41.43000030517578,42.38999938964844,,1078500
2021-07-19,41.40999984741211,44.70000076293945,41.0,43.59999847412109,,1506600
2021-07-20,43.66999816894531,43.66999816894531,41.36000061035156,43.45000076293945,,1498000
2021-07-21,43.5,45.119998931884766,42.380001068115234,44.09000015258789,,1114900
2021-07-22,44.11000061035156,44.45000076293945,42.630001068115234,43.0099983215332,,798100
2021-07-23,42.53499984741211,42.62699890136719,40.18000030517578,40.84000015258789,,1021200
2021-07-26,40.63999938964844,41.95000076293945,39.5,39.84999847412109,,1018100
2021-07-27,39.95000076293945,40.2599983215332,37.630001068115234,39.27000045776367,,1085900
2021-07-28,39.369998931884766,42.15999984741211,39.369998931884766,41.77999877929688,,826700
2021-07-29,42.29999923706055,43.0,41.27999877929688,41.900001525878906,,768100
2021-07-30,41.27000045776367,43.36000061035156,41.27000045776367,41.86000061035156,,638900
2021-08-02,42.21500015258789,42.59999847412109,41.15999984741211,41.540000915527344,,685000
2021-08-03,41.52999877929688,42.2400016784668,40.38999938964844,42.11000061035156,,781100
2021-08-04,41.34000015258789,46.18000030517578,41.25,46.04999923706055,,2073600
2021-08-05,47.54999923706055,55.0,47.4900016784668,54.5099983215332,,4882700
2021-08-06,54.619998931884766,56.880001068115234,53.119998931884766,55.59000015258789,,2456200
2021-08-09,57.16999816894531,61.97999954223633,56.58000183105469,58.060001373291016,,3493300
2021-08-10,58.56999969482422,62.650001525878906,58.36000061035156,61.09000015258789,,2405600
2021-08-11,61.03499984741211,66.38800048828125,60.0,64.38999938964844,,2937200
2021-08-12,64.13600158691406,68.79000091552734,64.0,65.3499984741211,,3023400
2021-08-13,63.79999923706055,66.25,61.27000045776367,62.65999984741211,,2272800
2021-08-16,61.90999984741211,61.90999984741211,57.61000061035156,60.0,,1881700
2021-08-17,58.72999954223633,61.970001220703125,57.59999847412109,61.09999847412109,,1159800
2021-08-18,61.20000076293945,64.9800033569336,58.91999816894531,59.97999954223633,,1281600
2021-08-19,59.119998931884766,60.0,57.900001525878906,58.09999847412109,,904600
2021-08-20,58.04999923706055,61.77999877929688,57.970001220703125,60.380001068115234,,899500
2021-08-23,65.04000091552734,68.36000061035156,62.90599822998047,65.36000061035156,,2612700
2021-08-24,65.38999938964844,65.83599853515625,62.63999938964844,64.72000122070312,,1315300
2021-08-25,64.0999984741211,66.08000183105469,63.150001525878906,65.58999633789062,,889000
2021-08-26,65.61000061035156,67.43000030517578,62.81999969482422,63.869998931884766,,1205800
2021-08-27,64.69999694824219,66.55000305175781,62.65999984741211,65.52999877929688,,1046300
2021-08-30,66.41000366210938,68.16999816894531,60.79999923706055,61.79999923706055,,2038700
2021-08-31,62.0099983215332,63.79999923706055,61.560001373291016,63.59000015258789,,1292300
2021-09-01,63.75,68.25,63.130001068115234,66.66000366210938,,1670900
2021-09-02,67.06999969482422,73.0250015258789,65.94999694824219,72.94000244140625,,2559600
2021-09-03,71.5,71.87999725341797,67.33000183105469,68.25,,1650500
2021-09-07,68.05999755859375,72.5,66.69000244140625,66.7300033569336,,1857200
2021-09-08,66.7300033569336,68.05000305175781,63.630001068115234,64.31999969482422,,1581300
2021-09-09,64.26000213623047,67.61000061035156,64.08000183105469,64.44999694824219,,859800
2021-09-10,67.7699966430664,67.7699966430664,65.01000213623047,66.0999984741211,,1194200
2021-09-13,66.43000030517578,67.36000061035156,62.59999847412109,62.959999084472656,,1602100
2021-09-14,63.09999847412109,64.02999877929688,60.18000030517578,60.790000915527344,,1593100
2021-09-15,60.68000030517578,61.27000045776367,58.900001525878906,60.29999923706055,,1319500
2021-09-16,60.7599983215332,61.91999816894531,58.61000061035156,61.0,,908200
2021-09-17,61.0,63.540000915527344,59.22999954223633,63.20000076293945,,2165800
2021-09-20,60.2599983215332,61.86000061035156,57.25,58.20000076293945,,1483400
2021-09-21,58.93000030517578,60.48500061035156,57.91999816894531,58.68000030517578,,812800
2021-09-22,59.0,60.369998931884766,58.3650016784668,59.11000061035156,,1022000
2021-09-23,59.68000030517578,62.400001525878906,59.31999969482422,62.06999969482422,,1050000
2021-09-24,61.310001373291016,61.540000915527344,58.68999862670898,58.709999084472656,,1171600
2021-09-27,58.68600082397461,59.43000030517578,56.59999847412109,57.84000015258789,,1671200
2021-09-28,55.310001373291016,55.75,52.0099983215332,52.45000076293945,,2813400
2021-09-29,49.0,50.19900131225586,41.02000045776367,42.5,,9850100
2021-09-30,42.150001525878906,42.16600036621094,39.61000061035156,41.08000183105469,,4726700
2021-10-01,41.060001373291016,41.119998931884766,38.77999877929688,39.90999984741211,,2201500
2021-10-04,39.44499969482422,39.63999938964844,37.11000061035156,37.290000915527344,,2003700
2021-10-05,37.630001068115234,38.92300033569336,37.33000183105469,38.22999954223633,,1435400
2021-10-06,37.5,39.13999938964844,36.900001525878906,37.540000915527344,,1408500
2021-10-07,37.90999984741211,40.18000030517578,37.47999954223633,39.02999877929688,,1792300
2021-10-08,38.630001068115234,38.685001373291016,34.380001068115234,35.61000061035156,,3653500
2021-10-11,35.75,37.27999877929688,35.5,36.63999938964844,,1503200
2021-10-12,37.060001373291016,39.29999923706055,37.060001373291016,37.52999877929688,,1865700
2021-10-13,37.0099983215332,38.4900016784668,36.742000579833984,37.869998931884766,,1071800
2021-10-14,38.4900016784668,39.70000076293945,38.06999969482422,38.95000076293945,,1468600
2021-10-15,39.38999938964844,39.47999954223633,37.86000061035156,38.02000045776367,,955900
2021-10-18,38.060001373291016,38.61000061035156,37.400001525878906,38.27999877929688,,999200
2021-10-19,38.79999923706055,40.25,38.34999847412109,39.25,,1066400
2021-10-20,39.5,39.77999877929688,38.277000427246094,38.40999984741211,,983000
2021-10-21,38.4900016784668,39.70000076293945,38.400001525878906,38.470001220703125,,843400
2021-10-22,38.400001525878906,38.400001525878906,36.86000061035156,37.81999969482422,,866500
2021-10-25,37.81999969482422,38.34999847412109,36.75,38.209999084472656,,1036600
2021-10-26,38.560001373291016,38.65999984741211,37.150001525878906,37.900001525878906,,820800
2021-10-27,38.0,38.5,36.77999877929688,36.79999923706055,,654700
2021-10-28,36.91999816894531,38.18999862670898,36.54999923706055,38.150001525878906,,751900
2021-10-29,38.04999923706055,38.119998931884766,36.470001220703125,36.720001220703125,,858700
2021-11-01,36.77999877929688,38.83000183105469,36.5,38.61000061035156,,1089400
2021-11-02,38.470001220703125,38.470001220703125,37.369998931884766,38.220001220703125,,766600
2021-11-03,38.040000915527344,38.79999923706055,37.209999084472656,38.68999862670898,,825500
2021-11-04,38.93999862670898,38.93999862670898,37.47999954223633,37.84000015258789,,895800
2021-11-05,37.63999938964844,38.29899978637695,36.36000061035156,37.5,,1034400
2021-11-08,37.75,42.08000183105469,37.29999923706055,40.56999969482422,,2667800
2021-11-09,40.61000061035156,42.11000061035156,40.04999923706055,40.560001373291016,,1416400
2021-11-10,40.060001373291016,41.36000061035156,37.66999816894531,37.88999938964844,,1085700
2021-11-11,38.290000915527344,39.18999862670898,38.15999984741211,38.20000076293945,,562500
2021-11-12,38.33000183105469,38.56999969482422,37.04999923706055,37.900001525878906,,616100
2021-11-15,38.06999969482422,38.06999969482422,35.917999267578125,35.9900016784668,,1180900
2021-11-16,36.2400016784668,37.369998931884766,35.58000183105469,37.18000030517578,,816300
2021-11-17,36.95000076293945,37.380001068115234,35.81999969482422,36.79999923706055,,672900
2021-11-18,37.0,37.5,35.79999923706055,36.27000045776367,,719500
2021-11-19,36.11000061035156,36.52999877929688,35.060001373291016,35.349998474121094,,977300
2021-11-22,35.400001525878906,35.540000915527344,33.790000915527344,33.86000061035156,,1143000
2021-11-23,33.630001068115234,34.27000045776367,32.099998474121094,34.0099983215332,,1463700
2021-11-24,33.58000183105469,34.0099983215332,32.529998779296875,33.29999923706055,,1137500
2021-11-26,32.5,33.59000015258789,31.920000076293945,32.369998931884766,,830600
2021-11-29,33.70000076293945,33.86000061035156,31.06999969482422,31.26000022888184,,1193600
2021-11-30,31.0,33.220001220703125,31.0,32.65999984741211,,1443000
2021-12-01,32.849998474121094,33.70000076293945,30.36000061035156,30.40999984741211,,1112000
2021-12-02,30.290000915527344,31.63999938964844,28.700000762939453,30.030000686645508,,1558900
2021-12-03,30.0,30.125,27.21999931335449,27.71999931335449,,2396000
2021-12-06,28.350000381469727,28.43000030517578,26.950000762939453,28.06999969482422,,2173900
2021-12-07,29.049999237060547,31.950000762939453,29.049999237060547,30.96999931335449,,2025100
2021-12-08,31.280000686645508,32.369998931884766,29.76000022888184,31.899999618530277,,963000
2021-12-09,31.84000015258789,31.94499969482422,30.40999984741211,30.530000686645508,,847700
2021-12-10,30.729999542236328,31.84000015258789,28.81999969482422,29.01000022888184,,984600
2021-12-13,30.1299991607666,30.940000534057617,28.01000022888184,29.26000022888184,,2005600
2021-12-14,28.440000534057617,30.030000686645508,28.170000076293945,28.6200008392334,,1907400
2021-12-15,28.75,30.229999542236328,28.15999984741211,29.940000534057617,,1872400
2021-12-16,30.32999992370605,30.5,27.420000076293945,27.82999992370605,,1558000
2021-12-17,27.520000457763672,29.989999771118164,26.81999969482422,29.8799991607666,,4730300
2021-12-20,28.979999542236328,30.8799991607666,27.899999618530277,30.200000762939453,,1401400
2021-12-21,30.3700008392334,30.479999542236328,29.18000030517578,29.81999969482422,,1238200
2021-12-22,29.690000534057617,30.36000061035156,29.049999237060547,29.540000915527344,,970800
2021-12-23,29.540000915527344,30.440000534057617,28.899999618530277,29.940000534057617,,1041100
2021-12-27,29.850000381469727,29.850000381469727,27.84000015258789,28.149999618530277,,1410200
2021-12-28,27.940000534057617,29.209999084472656,27.700000762939453,27.899999618530277,,1250900
2021-12-29,27.729999542236328,27.96999931335449,26.690000534057617,27.07999992370605,,1436200
2021-12-30,27.049999237060547,28.790000915527344,26.899999618530277,27.790000915527344,,1215300
2021-12-31,27.709999084472656,28.739999771118164,26.51000022888184,26.549999237060547,,1144200
2022-01-03,26.729999542236328,27.989999771118164,25.910999298095703,27.6299991607666,,1222500
2022-01-04,27.540000915527344,27.57999992370605,25.549999237060547,26.399999618530277,,1313800
2022-01-05,25.81999969482422,26.540000915527344,24.530000686645508,24.600000381469727,,1946700
2022-01-06,24.36000061035156,25.149999618530277,23.32999992370605,24.40999984741211,,1623400
2022-01-07,24.40999984741211,26.0,24.149999618530277,25.13999938964844,,1602500
2022-01-10,24.739999771118164,25.739999771118164,23.665000915527344,25.700000762939453,,1799200
2022-01-11,25.700000762939453,26.489999771118164,25.1200008392334,25.770000457763672,,1148400
2022-01-12,25.981000900268555,26.299999237060547,23.399999618530277,23.5,,2039500
2022-01-13,23.58799934387207,23.58799934387207,21.729999542236328,21.8700008392334,,3454600
2022-01-14,21.49099922180176,22.459999084472656,20.899999618530277,22.100000381469727,,1987700
2022-01-18,21.690000534057617,21.690000534057617,19.88999938964844,19.959999084472656,,2365400
2022-01-19,20.13999938964844,20.540000915527344,19.6200008392334,19.93000030517578,,2106600
2022-01-20,20.25,21.100000381469727,18.649999618530277,18.790000915527344,,2173800
2022-01-21,18.479999542236328,19.65999984741211,18.11000061035156,18.149999618530277,,2845700
2022-01-24,17.56999969482422,18.6299991607666,16.3700008392334,18.479999542236328,,2651500
2022-01-25,18.06999969482422,18.93000030517578,17.524999618530273,18.229999542236328,,1835800
2022-01-26,18.86000061035156,19.836000442504883,17.6200008392334,17.809999465942383,,3844300
2022-01-27,18.190000534057617,19.09000015258789,17.350000381469727,17.420000076293945,,3040000
2022-01-28,17.239999771118164,17.780000686645508,16.5,17.43000030517578,,1994000
2022-01-31,17.510000228881836,19.075000762939453,17.5,19.040000915527344,,1682200
2022-02-01,19.229999542236328,20.15999984741211,18.61000061035156,19.690000534057617,,1923800
2022-02-02,19.643999099731445,19.8700008392334,17.90999984741211,18.21999931335449,,2616900
2022-02-03,17.8799991607666,18.38999938964844,17.329999923706055,17.969999313354492,,2498600
2022-02-04,18.06999969482422,18.895000457763672,17.549999237060547,18.729999542236328,,1452900
2022-02-07,18.709999084472656,19.93000030517578,18.56100082397461,19.31999969482422,,1312400
2022-02-08,17.68000030517578,18.68000030517578,17.280000686645508,17.440000534057617,,3115000
2022-02-09,17.850000381469727,18.78400039672852,17.829999923706055,18.5,,1834400
2022-02-10,18.1200008392334,19.040000915527344,16.95400047302246,17.290000915527344,,2015500
2022-02-11,17.31100082397461,17.850000381469727,15.970000267028809,16.1299991607666,,1909900
2022-02-14,16.280000686645508,16.6200008392334,15.619999885559082,15.789999961853027,,2040200
2022-02-15,16.350000381469727,16.82900047302246,16.270000457763672,16.649999618530273,,1423500
2022-02-16,16.350000381469727,16.760000228881836,16.010000228881836,16.639999389648438,,1896800
2022-02-17,16.479999542236328,16.709999084472656,15.43000030517578,15.609999656677246,,1334900
2022-02-18,15.609999656677246,15.890000343322754,15.029999732971191,15.199999809265137,,1267400
2022-02-22,15.0,15.56999969482422,14.800000190734863,15.010000228881836,,1411500
2022-02-23,15.3100004196167,15.3100004196167,14.359999656677246,14.40999984741211,,1361700
2022-02-24,13.270000457763672,16.009000778198242,13.25,15.859999656677246,,2723400
2022-02-25,15.9399995803833,16.899999618530273,15.380000114440918,16.899999618530273,,1849200
2022-02-28,16.790000915527344,17.549999237060547,16.510000228881836,17.1200008392334,,1812800
2022-03-01,19.040000915527344,19.299999237060547,17.020000457763672,17.489999771118164,,3320100
2022-03-02,17.729999542236328,17.969999313354492,16.75,17.149999618530273,,2343400
2022-03-03,17.770000457763672,17.989999771118164,16.479999542236328,16.739999771118164,,1847200
2022-03-04,16.56999969482422,16.989999771118164,15.899999618530272,16.059999465942383,,1463400
2022-03-07,15.979999542236328,16.5,15.350000381469728,16.0,,1675600
2022-03-08,15.880000114440918,16.690000534057617,15.550000190734863,15.93000030517578,,1964200
2022-03-09,16.420000076293945,16.8700008392334,16.15399932861328,16.6299991607666,,1545100
2022-03-10,16.329999923706055,16.489999771118164,15.510000228881836,16.229999542236328,,1038300
2022-03-11,16.3799991607666,16.562000274658203,15.010000228881836,15.0600004196167,,988200
2022-03-14,15.010000228881836,15.460000038146973,13.869999885559082,14.079999923706056,,2113000
2022-03-15,14.119999885559082,14.960000038146973,13.949999809265137,14.90999984741211,,1274000
2022-03-16,15.270000457763672,16.190000534057617,15.104999542236328,16.15999984741211,,2009700
2022-03-17,16.030000686645508,17.350000381469727,15.800000190734863,17.270000457763672,,1431800
2022-03-18,16.90999984741211,18.549999237060547,16.899999618530273,18.36000061035156,,5988400
2022-03-21,18.420000076293945,18.479999542236328,17.260000228881836,17.40999984741211,,1320900
2022-03-22,17.5,18.649999618530277,17.450000762939453,18.479999542236328,,1563900
2022-03-23,18.25,19.270000457763672,17.989999771118164,18.209999084472656,,1293500
2022-03-24,18.43000030517578,18.979999542236328,17.809999465942383,18.950000762939453,,1089000
2022-03-25,19.0,19.20499992370605,18.309999465942383,18.76000022888184,,1637300
2022-03-28,18.84000015258789,19.4689998626709,18.25,18.76000022888184,,1238800
2022-03-29,19.11000061035156,20.57999992370605,19.07999992370605,20.440000534057617,,1892300
2022-03-30,20.3799991607666,20.589000701904297,19.46999931335449,19.520000457763672,,1724300
2022-03-31,19.65999984741211,19.95499992370605,18.950000762939453,19.020000457763672,,823400
2022-04-01,19.270000457763672,20.68000030517578,19.1200008392334,20.21999931335449,,1512800
2022-04-04,20.38999938964844,21.489999771118164,20.38999938964844,21.350000381469727,,1332500
2022-04-05,21.13999938964844,21.59499931335449,20.290000915527344,20.32999992370605,,1598900
2022-04-06,20.049999237060547,20.31999969482422,19.32999992370605,19.75,,1375700
2022-04-07,19.709999084472656,20.040000915527344,18.57999992370605,19.07999992370605,,1090700
2022-04-08,19.18000030517578,19.46999931335449,17.93000030517578,18.350000381469727,,1017500
2022-04-11,18.100000381469727,18.209999084472656,17.184999465942383,17.56999969482422,,1476700
2022-04-12,18.18000030517578,18.920000076293945,17.59000015258789,17.899999618530273,,1171000
2022-04-13,18.010000228881836,18.96999931335449,17.829999923706055,18.770000457763672,,974000
2022-04-14,18.600000381469727,18.76000022888184,16.639999389648438,16.670000076293945,,1499100
2022-04-18,16.549999237060547,16.610000610351562,15.258000373840332,15.710000038146973,,2414900
2022-04-19,15.630000114440918,16.219999313354492,15.260000228881836,15.779999732971191,,1374800
2022-04-20,15.970000267028809,15.970000267028809,15.111000061035156,15.369999885559082,,956800
2022-04-21,15.699999809265137,16.09000015258789,14.260000228881836,14.369999885559082,,1793700
2022-04-22,14.399999618530272,14.920000076293944,14.359999656677246,14.59000015258789,,1693800
2022-04-25,14.539999961853027,15.010000228881836,14.31999969482422,14.989999771118164,,1547100
2022-04-26,14.989999771118164,15.460000038146973,13.925000190734863,13.960000038146973,,2092400
2022-04-27,14.0,14.199999809265137,13.510000228881836,13.5600004196167,,1792900
2022-04-28,13.760000228881836,14.079999923706056,12.899999618530272,13.93000030517578,,1982700
2022-04-29,13.890000343322754,14.420000076293944,13.1899995803833,13.239999771118164,,1228800
2022-05-02,13.25,14.289999961853027,13.029999732971191,14.270000457763672,,1698900
2022-05-03,14.239999771118164,14.649999618530272,13.829999923706056,14.18000030517578,,959200
2022-05-04,14.350000381469728,15.9399995803833,13.720000267028809,15.8100004196167,,1692700
2022-05-05,15.15999984741211,15.420000076293944,13.970000267028809,14.5600004196167,,1965200
2022-05-06,14.649999618530272,14.739999771118164,13.329999923706056,13.65999984741211,,1697100
2022-05-09,13.119999885559082,13.359999656677246,11.100000381469728,11.109999656677246,,3460300
2022-05-10,11.739999771118164,11.979999542236328,10.371999740600586,11.260000228881836,,2656300
2022-05-11,11.020000457763672,11.354999542236328,9.970999717712402,10.029999732971191,,1932200
2022-05-12,9.779999732971191,11.039999961853027,9.710000038146973,10.8100004196167,,2208000
2022-05-13,11.229999542236328,12.15999984741211,11.0,11.869999885559082,,2232200
2022-05-16,11.800000190734863,12.039999961853027,11.079999923706056,11.140000343322754,,1040600
2022-05-17,11.600000381469728,11.8149995803833,11.15999984741211,11.630000114440918,,1135700
2022-05-18,11.25,11.479999542236328,10.520000457763672,10.720000267028809,,1442100
2022-05-19,10.699999809265137,11.199999809265137,10.380000114440918,10.9399995803833,,1743500
2022-05-20,11.119999885559082,11.239999771118164,10.119999885559082,11.020000457763672,,1328700
2022-05-23,11.079999923706056,11.425000190734863,10.739999771118164,10.890000343322754,,1334300
2022-05-24,10.539999961853027,10.600000381469728,9.774999618530272,9.989999771118164,,1310900
2022-05-25,10.050000190734863,10.456000328063965,9.729999542236328,10.15999984741211,,1437000
2022-05-26,10.170000076293944,11.130000114440918,10.100000381469728,10.859999656677246,,1269400
2022-05-27,11.010000228881836,11.75,10.69499969482422,11.68000030517578,,1574500
2022-05-31,11.600000381469728,11.890000343322754,11.020000457763672,11.390000343322754,,1844400
2022-06-01,11.550000190734863,11.732999801635742,10.729999542236328,10.970000267028809,,994300
2022-06-02,10.84000015258789,11.640000343322754,10.760000228881836,11.539999961853027,,869100
2022-06-03,11.3100004196167,11.920000076293944,11.25,11.90999984741211,,1140700
2022-06-06,12.270000457763672,12.420000076293944,11.029999732971191,11.59000015258789,,1303200
2022-06-07,11.380000114440918,12.5,11.329999923706056,12.489999771118164,,1167500
2022-06-08,12.470000267028809,13.380000114440918,12.34000015258789,12.869999885559082,,1754500
2022-06-09,12.618000030517578,12.760000228881836,12.260000228881836,12.3100004196167,,1007000
2022-06-10,11.899999618530272,12.109999656677246,11.0,11.130000114440918,,1208800
2022-06-13,10.505999565124512,10.619999885559082,9.789999961853027,10.0,,1946900
2022-06-14,10.170000076293944,10.25,9.59000015258789,10.0,,1288000
2022-06-15,10.079999923706056,10.699999809265137,9.850000381469728,10.529999732971191,,1757300
2022-06-16,10.0600004196167,10.3100004196167,9.765999794006348,10.170000076293944,,1967300
2022-06-17,10.31999969482422,11.670000076293944,10.31999969482422,11.289999961853027,,4929200
2022-06-21,11.529999732971191,12.5,11.529999732971191,11.869999885559082,,3117600
2022-06-22,11.479999542236328,12.40999984741211,10.93000030517578,12.09000015258789,,1987900
2022-06-23,12.199999809265137,13.539999961853027,12.050000190734863,13.5,,2109600
2022-06-24,13.770000457763672,13.942999839782717,12.4399995803833,13.470000267028809,,4186000
2022-06-27,13.300000190734863,13.420000076293944,12.1899995803833,13.039999961853027,,1702500
2022-06-28,13.119999885559082,13.25,12.229999542236328,12.449999809265137,,1512200
2022-06-29,12.3100004196167,12.59000015258789,11.972000122070312,12.229999542236328,,1359100
2022-06-30,11.93000030517578,12.15999984741211,11.579999923706056,11.829999923706056,,1221800
2022-07-01,11.81999969482422,12.68000030517578,11.789999961853027,12.59000015258789,,1440300
2022-07-05,12.470000267028809,14.5600004196167,12.260000228881836,14.550000190734863,,2667300
2022-07-06,14.420000076293944,15.06999969482422,13.949999809265137,14.34000015258789,,1921100
2022-07-07,14.3100004196167,15.43000030517578,14.19499969482422,15.199999809265137,,1939800
2022-07-08,14.93000030517578,15.369999885559082,14.65999984741211,15.0,,948600
2022-07-11,14.760000228881836,14.979000091552734,13.779999732971191,13.81999969482422,,1327800
2022-07-12,13.869999885559082,14.579999923706056,13.109999656677246,14.390000343322754,,1513500
2022-07-13,13.890000343322754,16.260000228881836,13.869999885559082,16.139999389648438,,2535600
2022-07-14,16.030000686645508,16.139999389648438,15.020000457763672,15.06999969482422,,1946500
2022-07-15,15.4399995803833,15.4399995803833,14.460000038146973,14.989999771118164,,1279900
2022-07-18,15.43000030517578,16.06999969482422,14.859999656677246,14.989999771118164,,1523100
2022-07-19,15.31999969482422,17.239999771118164,14.890000343322754,17.030000686645508,,2657600
2022-07-20,17.049999237060547,18.209999084472656,16.760000228881836,17.40999984741211,,2762800
2022-07-21,17.299999237060547,17.600000381469727,16.764999389648438,17.049999237060547,,1008600
2022-07-22,17.309999465942383,17.399999618530273,15.899999618530272,15.949999809265137,,1678900
2022-07-25,16.040000915527344,16.420000076293945,15.302000045776367,16.350000381469727,,1340500
2022-07-26,16.149999618530273,16.979999542236328,15.574999809265137,16.239999771118164,,1689100
2022-07-27,16.59000015258789,16.90999984741211,15.770000457763672,16.84000015258789,,1663800
2022-07-28,17.030000686645508,17.190000534057617,16.170000076293945,16.399999618530273,,1251600
2022-07-29,16.270000457763672,16.450000762939453,15.539999961853027,15.90999984741211,,1204400
2022-08-01,15.770000457763672,16.729999542236328,15.670000076293944,15.84000015258789,,1538100
2022-08-02,15.699999809265137,16.729999542236328,15.670000076293944,16.479999542236328,,1447000
2022-08-03,17.540000915527344,19.399999618530277,17.4950008392334,18.690000534057617,,3093400
2022-08-04,18.530000686645508,19.190000534057617,18.049999237060547,19.149999618530277,,1853100
2022-08-05,18.61000061035156,19.43000030517578,18.0049991607666,19.420000076293945,,1506900
2022-08-08,19.530000686645508,19.96999931335449,18.731000900268555,19.1299991607666,,1346500
2022-08-09,18.61000061035156,18.7549991607666,17.149999618530273,17.989999771118164,,1986300
2022-08-10,18.899999618530277,18.940000534057617,18.100000381469727,18.549999237060547,,1700300
2022-08-11,18.8799991607666,19.5,17.920000076293945,18.09000015258789,,1832300
2022-08-12,18.40999984741211,19.030000686645508,17.829999923706055,18.770000457763672,,1486300
2022-08-15,18.59000015258789,18.8799991607666,17.899999618530273,18.459999084472656,,1467400
2022-08-16,18.350000381469727,18.350000381469727,16.920000076293945,17.34000015258789,,1942900
2022-08-17,16.969999313354492,17.200000762939453,16.149999618530273,16.31999969482422,,1776300
2022-08-18,16.219999313354492,16.264999389648438,15.3100004196167,15.9399995803833,,1695300
2022-08-19,15.460000038146973,15.699999809265137,14.65999984741211,14.720000267028809,,1652500
2022-08-22,14.354999542236328,15.324999809265137,14.279999732971191,14.760000228881836,,1938600
2022-08-23,14.979999542236328,15.79699993133545,14.739999771118164,15.15999984741211,,1513100
2022-08-24,15.199999809265137,16.239999771118164,14.765000343322754,16.06999969482422,,1479300
2022-08-25,16.329999923706055,16.610000610351562,16.100000381469727,16.270000457763672,,1014400
2022-08-26,16.290000915527344,16.290000915527344,14.68000030517578,14.829999923706056,,1780600
2022-08-29,14.579999923706056,15.22700023651123,14.484000205993652,14.880000114440918,,1339400
2022-08-30,15.25,15.378999710083008,14.609999656677246,15.119999885559082,,1075100
2022-08-31,15.390000343322754,15.489999771118164,14.68000030517578,14.699999809265137,,1358000
2022-09-01,14.52299976348877,15.43000030517578,14.100000381469728,15.420000076293944,,1322400
2022-09-02,15.609999656677246,15.84000015258789,14.609999656677246,14.829999923706056,,1354800
2022-09-06,15.010000228881836,15.0600004196167,14.140000343322754,14.300000190734863,,1270600
2022-09-07,14.31999969482422,15.859999656677246,14.31999969482422,15.850000381469728,,1560600
2022-09-08,15.609999656677246,16.389999389648438,15.479999542236328,16.200000762939453,,1387400
2022-09-09,16.219999313354492,16.299999237060547,15.479999542236328,15.829999923706056,,1072100
2022-09-12,15.869999885559082,16.040000915527344,15.3100004196167,15.989999771118164,,1348300
2022-09-13,15.25,15.350000381469728,14.34000015258789,14.8149995803833,,2275700
2022-09-14,14.850000381469728,14.850000381469728,14.1899995803833,14.68000030517578,,2111600
2022-09-15,14.550000190734863,16.15999984741211,14.529999732971191,16.110000610351562,,2309000
2022-09-16,15.649999618530272,15.699999809265137,14.25,14.4350004196167,,4057100
2022-09-19,14.300000190734863,14.75,13.93000030517578,14.579999923706056,,1505600
2022-09-20,14.300000190734863,14.8100004196167,14.300000190734863,14.609999656677246,,1044700
2022-09-21,14.699999809265137,14.93000030517578,13.899999618530272,13.90999984741211,,1426600
2022-09-22,13.760000228881836,13.800000190734863,12.90999984741211,13.279999732971191,,1553800
2022-09-23,13.039999961853027,13.279999732971191,12.260000228881836,12.720000267028809,,1928200
2022-09-26,12.670000076293944,13.3100004196167,12.1899995803833,12.210000038146973,,1487100
2022-09-27,12.640000343322754,12.850000381469728,12.420000076293944,12.699999809265137,,1532800
2022-09-28,12.949999809265137,13.539999961853027,12.81999969482422,13.399999618530272,,1404600
2022-09-29,13.020000457763672,13.050000190734863,12.050000190734863,12.15999984741211,,1787200
2022-09-30,12.09000015258789,12.760000228881836,12.0600004196167,12.239999771118164,,1464400
2022-10-03,12.489999771118164,12.84000015258789,12.119999885559082,12.329999923706056,,1634000
2022-10-04,12.729999542236328,12.949999809265137,12.380000114440918,12.949999809265137,,1583800
2022-10-05,12.609999656677246,12.720000267028809,11.720000267028809,12.529999732971191,,1505900
2022-10-06,12.670000076293944,12.949999809265137,12.329999923706056,12.75,,1153800
2022-10-07,12.300000190734863,12.4350004196167,11.979999542236328,12.0,,1743700
2022-10-10,12.0,12.029999732971191,11.5,11.800000190734863,,1201800
2022-10-11,11.800000190734863,12.335000038146973,11.550000190734863,11.920000076293944,,1166200
2022-10-12,11.880000114440918,12.0600004196167,11.550000190734863,11.960000038146973,,856200
2022-10-13,11.520000457763672,12.229999542236328,11.420000076293944,12.149999618530272,,952000
2022-10-14,12.279999732971191,12.5,11.350000381469728,11.380000114440918,,1069300
2022-10-17,11.8100004196167,12.119999885559082,11.579999923706056,11.9399995803833,,1487900
2022-10-18,12.3100004196167,13.199999809265137,12.02299976348877,12.460000038146973,,2463600
2022-10-19,12.199999809265137,12.300000190734863,11.390000343322754,11.529999732971191,,1951200
2022-10-20,11.479999542236328,12.0600004196167,11.375,11.43000030517578,,948700
2022-10-21,11.449999809265137,11.78499984741211,11.220000267028809,11.739999771118164,,1035200
2022-10-24,11.75,11.75,11.020000457763672,11.380000114440918,,896100
2022-10-25,11.510000228881836,11.979999542236328,11.5,11.640000343322754,,1307800
2022-10-26,11.5600004196167,12.550000190734863,11.470000267028809,12.119999885559082,,1350200
2022-10-27,12.329999923706056,12.5,11.899999618530272,11.979999542236328,,1068500
2022-10-28,12.050000190734863,12.789999961853027,11.81999969482422,12.739999771118164,,1512500
2022-10-31,12.619999885559082,12.75,12.270000457763672,12.550000190734863,,1235400
2022-11-01,13.0,13.130000114440918,12.609999656677246,12.75,,1206500
2022-11-02,12.949999809265137,14.229999542236328,12.520000457763672,12.890000343322754,,2284400
2022-11-03,12.539999961853027,12.619999885559082,11.562000274658203,11.670000076293944,,1580800
2022-11-04,11.979999542236328,12.039999961853027,11.170000076293944,11.5,,1742600
2022-11-07,11.5,11.739999771118164,10.890000343322754,11.039999961853027,,1278500
2022-11-08,11.020000457763672,11.619999885559082,10.859999656677246,11.220000267028809,,1103400
2022-11-09,11.050000190734863,11.100000381469728,10.720000267028809,10.720000267028809,,994700
2022-11-10,11.359999656677246,12.470000267028809,11.270000457763672,12.399999618530272,,2258900
2022-11-11,12.15999984741211,13.489999771118164,12.149999618530272,13.210000038146973,,1687500
2022-11-14,13.140000343322754,13.31999969482422,12.829999923706056,12.93000030517578,,1294500
2022-11-15,13.529999732971191,13.9399995803833,12.779999732971191,13.050000190734863,,1222500
2022-11-16,12.880000114440918,12.970999717712402,12.220000267028809,12.25,,1042500
2022-11-17,9.899999618530272,11.020000457763672,9.609999656677246,11.010000228881836,,7263900
2022-11-18,10.75,10.960000038146973,10.460000038146973,10.949999809265137,,2138300
2022-11-21,10.779999732971191,10.779999732971191,10.09000015258789,10.279999732971191,,1420000
2022-11-22,10.350000381469728,10.484999656677246,10.0,10.460000038146973,,1169000
2022-11-23,10.470000267028809,10.710000038146973,10.3100004196167,10.369999885559082,,1169700
2022-11-25,10.239999771118164,10.270000457763672,9.970000267028809,10.029999732971191,,628500
2022-11-28,9.960000038146973,10.079999923706056,9.75,9.869999885559082,,1606300
2022-11-29,9.970000267028809,10.0600004196167,9.739999771118164,9.93000030517578,,1246200
2022-11-30,9.899999618530272,10.609999656677246,9.640000343322754,10.600000381469728,,2624100
2022-12-01,10.550000190734863,10.68000030517578,9.9399995803833,10.0600004196167,,1074800
2022-12-02,9.760000228881836,10.34000015258789,9.699999809265137,10.25,,2374000
2022-12-05,10.229999542236328,10.279999732971191,9.800000190734863,9.829999923706056,,3455700
2022-12-06,9.975000381469728,10.470000267028809,9.5,9.609999656677246,,2966800
2022-12-07,9.520000457763672,10.029999732971191,9.229999542236328,9.899999618530272,,3127900
2022-12-08,10.039999961853027,10.260000228881836,9.779999732971191,9.979999542236328,,1446400
2022-12-09,9.90999984741211,10.050000190734863,9.449999809265137,9.449999809265137,,1307400
2022-12-12,9.5,9.600000381469728,9.291999816894531,9.479999542236328,,1414400
2022-12-13,9.960000038146973,10.119999885559082,9.380000114440918,9.960000038146973,,1842300
2022-12-14,9.914999961853027,10.550000190734863,9.800000190734863,10.359999656677246,,1766700
2022-12-15,10.130000114440918,10.56999969482422,9.989999771118164,10.010000228881836,,2695600
2022-12-16,9.859999656677246,10.329999923706056,9.782999992370604,10.270000457763672,,5500900
2022-12-19,10.199999809265137,10.210000038146973,9.079999923706056,9.170000076293944,,2187300
2022-12-20,9.100000381469728,9.270000457763672,9.008000373840332,9.15999984741211,,1652100
2022-12-21,9.260000228881836,9.5,9.079999923706056,9.199999809265137,,1505800
2022-12-22,9.020000457763672,9.119999885559082,8.6899995803833,9.109999656677246,,1615600
2022-12-23,9.079999923706056,9.220000267028809,8.725000381469727,8.84000015258789,,1353600
2022-12-27,8.789999961853027,8.869999885559082,8.206999778747559,8.350000381469727,,1789900
2022-12-28,8.359999656677246,8.59000015258789,8.229999542236328,8.319999694824219,,1337700
2022-12-29,8.449999809265137,9.09000015258789,8.34000015258789,8.979999542236328,,2477200
2022-12-30,8.8100004196167,8.944999694824219,8.539999961853027,8.869999885559082,,1723700
2023-01-03,9.09000015258789,9.25,8.414999961853027,8.4399995803833,,1887700
2023-01-04,8.550000190734863,9.25,8.449999809265137,9.239999771118164,,2395000
2023-01-05,9.06999969482422,9.100000381469728,8.65999984741211,8.949999809265137,,1852600
2023-01-06,9.0600004196167,9.170000076293944,8.65999984741211,9.0,,1771700
2023-01-09,8.739999771118164,8.770000457763672,7.704999923706055,8.220000267028809,,3545100
2023-01-10,8.149999618530273,8.460000038146973,8.039999961853027,8.289999961853027,,1817500
2023-01-11,8.279999732971191,8.579999923706055,8.010000228881836,8.539999961853027,,2248900
2023-01-12,8.569999694824219,8.890000343322754,8.130000114440918,8.880000114440918,,1750500
2023-01-13,8.699999809265137,8.930000305175781,8.279999732971191,8.430000305175781,,1698500
2023-01-17,8.529999732971191,8.729999542236328,8.130000114440918,8.329999923706055,,1769300
2023-01-18,8.4399995803833,8.616000175476074,8.085000038146973,8.109999656677246,,1568100
2023-01-19,8.039999961853027,8.09000015258789,7.770999908447266,7.809999942779541,,1439400
2023-01-20,7.929999828338623,8.095000267028809,7.800000190734863,8.050000190734863,,1629100
2023-01-23,8.100000381469727,8.295000076293945,7.860000133514404,8.180000305175781,,2402900
2023-01-24,8.079999923706055,8.864999771118164,8.0,8.829999923706055,,2824100
2023-01-25,8.630000114440918,9.119999885559082,8.399999618530273,9.09000015258789,,1586500
2023-01-26,9.25,9.300000190734863,8.734999656677246,9.06999969482422,,1733800
2023-01-27,8.989999771118164,9.770000457763672,8.989999771118164,9.56999969482422,,1446000
2023-01-30,9.43000030517578,9.529999732971191,9.020000457763672,9.350000381469728,,1931700
2023-01-31,9.475000381469728,10.31999969482422,9.460000038146973,9.890000343322754,,2463100
2023-02-01,10.300000190734863,10.619999885559082,9.782999992370604,10.40999984741211,,2436200
2023-02-02,10.81999969482422,11.880000114440918,10.800000190734863,11.529999732971191,,3522800
2023-02-03,11.09000015258789,11.928000450134276,10.890000343322754,11.260000228881836,,2590200
2023-02-06,11.149999618530272,11.479999542236328,11.005000114440918,11.119999885559082,,1625300
2023-02-07,11.100000381469728,11.324999809265137,10.81999969482422,11.220000267028809,,1778300
2023-02-08,11.15999984741211,11.25,10.329999923706056,10.34000015258789,,1598500
2023-02-09,10.520000457763672,10.65999984741211,9.925000190734863,10.029999732971191,,1522800
2023-02-10,9.90999984741211,9.954999923706056,9.614999771118164,9.760000228881836,,1678300
2023-02-13,9.75,10.079999923706056,9.520000457763672,9.989999771118164,,1102200
2023-02-14,9.920000076293944,10.260000228881836,9.645000457763672,10.130000114440918,,987800
2023-02-15,10.100000381469728,10.369999885559082,9.9399995803833,10.359999656677246,,1029200
2023-02-16,10.149999618530272,10.350000381469728,9.920000076293944,9.960000038146973,,1502500
2023-02-17,10.0,10.15999984741211,9.5600004196167,10.149999618530272,,1355700
2023-02-21,9.84000015258789,9.890000343322754,9.164999961853027,9.18000030517578,,2508300
2023-02-22,9.460000038146973,9.949999809265137,9.210000038146973,9.75,,2069400
2023-02-23,9.8100004196167,9.880000114440918,9.130000114440918,9.390000343322754,,1415900
2023-02-24,9.229999542236328,9.274999618530272,9.0,9.0600004196167,,1529200
2023-02-27,9.25,9.289999961853027,8.989999771118164,9.039999961853027,,1419300
2023-02-28,9.06999969482422,9.239999771118164,9.024999618530272,9.039999961853027,,1384700
2023-03-01,8.979999542236328,9.149999618530272,8.649999618530273,8.720000267028809,,1417100
2023-03-02,8.600000381469727,8.800000190734863,8.569999694824219,8.720000267028809,,1227000
2023-03-03,8.890000343322754,9.18000030517578,8.739999771118164,8.960000038146973,,1394200
2023-03-06,9.050000190734863,9.050000190734863,8.45300006866455,8.569999694824219,,1149300
2023-03-07,8.5600004196167,8.920000076293945,8.4399995803833,8.619999885559082,,1120600
2023-03-08,8.640000343322754,8.835000038146973,8.539999961853027,8.789999961853027,,1248200
2023-03-09,8.859999656677246,8.913999557495117,8.100000381469727,8.199999809265137,,1649900
2023-03-10,8.149999618530273,8.149999618530273,7.480000019073486,7.829999923706055,,3329000
2023-03-13,7.690000057220459,8.51200008392334,7.619999885559082,8.430000305175781,,1644100
2023-03-14,8.579999923706055,8.734999656677246,8.210000038146973,8.430000305175781,,1513500
2023-03-15,8.569999694824219,8.699999809265137,8.260000228881836,8.430000305175781,,1144000
2023-03-16,8.399999618530273,8.645000457763672,8.050000190734863,8.489999771118164,,1216400
2023-03-17,8.449999809265137,8.449999809265137,8.111000061035156,8.369999885559082,,1901700
2023-03-20,8.369999885559082,8.369999885559082,8.086000442504883,8.199999809265137,,943200
2023-03-21,8.279999732971191,8.34000015258789,7.945000171661377,8.050000190734863,,1141500
2023-03-22,8.029999732971191,8.029999732971191,7.269999980926514,7.300000190734863,,1917500
2023-03-23,7.400000095367432,7.550000190734863,7.309999942779541,7.420000076293945,,1460900
2023-03-24,7.320000171661377,7.519999980926514,7.289999961853027,7.460000038146973,,1110900
2023-03-27,7.519999980926514,7.679999828338623,7.449999809265137,7.449999809265137,,1067000
2023-03-28,7.369999885559082,7.489999771118164,7.0,7.110000133514404,,2952400
2023-03-29,7.28000020980835,7.429999828338623,7.130000114440918,7.409999847412109,,1414700
2023-03-30,7.480000019073486,7.519999980926514,7.0,7.03000020980835,,2001400
2023-03-31,7.099999904632568,7.375,7.050000190734863,7.25,,1608300
2023-04-03,7.210000038146973,7.210000038146973,6.920000076293945,7.079999923706055,,2133000
2023-04-04,7.139999866485596,7.159999847412109,6.789999961853027,6.96999979019165,,1833300
2023-04-05,6.880000114440918,6.96999979019165,6.775000095367432,6.849999904632568,,2124600
2023-04-06,6.809999942779541,7.119999885559082,6.699999809265137,6.920000076293945,,1847000
2023-04-10,6.849999904632568,6.869999885559082,6.449999809265137,6.630000114440918,,1631400
2023-04-11,6.639999866485596,6.78000020980835,6.525000095367432,6.710000038146973,,1287300
2023-04-12,6.889999866485596,6.889999866485596,6.329999923706055,6.360000133514404,,1538600
2023-04-13,6.360000133514404,7.760000228881836,6.360000133514404,7.650000095367432,,5464100
2023-04-14,7.699999809265137,7.840000152587891,7.309999942779541,7.590000152587891,,2708500
2023-04-17,7.630000114440918,8.654999732971191,7.630000114440918,8.180000305175781,,3381700
2023-04-18,8.329999923706055,8.399999618530273,7.929999828338623,8.0600004196167,,1829700
2023-04-19,7.940000057220459,8.260000228881836,7.900000095367432,8.09000015258789,,1302900
2023-04-20,7.929999828338623,8.024999618530273,7.554999828338623,7.650000095367432,,2098700
2023-04-21,7.679999828338623,8.25,7.65500020980835,8.180000305175781,,1602500
2023-04-24,8.140000343322754,8.180000305175781,7.670000076293945,7.869999885559082,,1870000
2023-04-25,7.829999923706055,8.09000015258789,7.670000076293945,7.699999809265137,,1135000
2023-04-26,7.78000020980835,8.0,7.650000095367432,7.900000095367432,,1158900
2023-04-27,7.96999979019165,8.4399995803833,7.800000190734863,8.020000457763672,,1711900
2023-04-28,8.039999961853027,8.354999542236328,7.769999980926514,8.15999984741211,,1087100
2023-05-01,8.079999923706055,8.479999542236328,8.010000228881836,8.300000190734863,,1520700
2023-05-02,8.329999923706055,8.34000015258789,7.690000057220459,7.869999885559082,,1962800
2023-05-03,7.920000076293945,8.479999542236328,7.811999797821045,8.359999656677246,,2378400
2023-05-04,8.359999656677246,8.819999694824219,8.140000343322754,8.720000267028809,,2167600
2023-05-05,8.9399995803833,10.520000457763672,8.890000343322754,9.770000457763672,,4447900
2023-05-08,9.760000228881836,9.8100004196167,9.210000038146973,9.619999885559082,,1855400
2023-05-09,9.510000228881836,10.470000267028809,9.414999961853027,10.274999618530272,,2940300
2023-05-10,10.479999542236328,10.710000038146973,9.850000381469728,9.989999771118164,,2817500
2023-05-11,9.989999771118164,9.989999771118164,9.489999771118164,9.5600004196167,,1796700
2023-05-12,9.550000190734863,9.739999771118164,9.140000343322754,9.579999923706056,,1802000
2023-05-15,9.630000114440918,10.510000228881836,9.579999923706056,10.010000228881836,,2215900
2023-05-16,9.770000457763672,9.80500030517578,9.312000274658203,9.550000190734863,,1845800
2023-05-17,9.630000114440918,9.6850004196167,9.18000030517578,9.609999656677246,,1731700
2023-05-18,9.5600004196167,9.5649995803833,9.140000343322754,9.420000076293944,,1538800
2023-05-19,9.550000190734863,10.0,9.244999885559082,9.31999969482422,,1510000
2023-05-22,9.229999542236328,9.6899995803833,9.225000381469728,9.640000343322754,,1585200
2023-05-23,9.520000457763672,10.279999732971191,9.520000457763672,9.579999923706056,,1836700
2023-05-24,9.43000030517578,9.5600004196167,9.220000267028809,9.449999809265137,,1469800
2023-05-25,9.43000030517578,9.43000030517578,8.920000076293945,9.079999923706056,,1523200
2023-05-26,9.079999923706056,9.210000038146973,8.9350004196167,9.100000381469728,,1061100
2023-05-30,9.199999809265137,9.40999984741211,8.779999732971191,8.960000038146973,,1626600
2023-05-31,8.960000038146973,9.31999969482422,8.795000076293945,9.18000030517578,,1733300
2023-06-01,9.170000076293944,9.619999885559082,9.0,9.550000190734863,,1186400
2023-06-02,9.6899995803833,9.93000030517578,9.420000076293944,9.670000076293944,,1283200
2023-06-05,9.600000381469728,9.630000114440918,9.3100004196167,9.4399995803833,,1943500
2023-06-06,9.449999809265137,10.56999969482422,9.359999656677246,10.25,,1995600
2023-06-07,10.380000114440918,10.6899995803833,10.0,10.520000457763672,,1859000
2023-06-08,10.510000228881836,10.529999732971191,9.34000015258789,9.600000381469728,,2427000
2023-06-09,9.960000038146973,10.130000114440918,9.380000114440918,9.670000076293944,,1620600
2023-06-12,9.699999809265137,10.05799961090088,9.350000381469728,9.93000030517578,,4318300
2023-06-13,9.600000381469728,11.675000190734863,9.600000381469728,11.470000267028809,,4741200
2023-06-14,11.539999961853027,11.90999984741211,10.81999969482422,11.09000015258789,,2557200
2023-06-15,10.15999984741211,10.1899995803833,9.220000267028809,9.279999732971191,,8027400
2023-06-16,9.359999656677246,9.539999961853027,8.779999732971191,8.819999694824219,,7719800
2023-06-20,8.800000190734863,8.819999694824219,7.985000133514404,8.359999656677246,,4776200
2023-06-21,8.260000228881836,8.34000015258789,7.710000038146973,8.020000457763672,,4076600
2023-06-22,7.934999942779541,8.135000228881836,7.860000133514404,8.020000457763672,,2541400
2023-06-23,8.0,8.140000343322754,7.929999828338623,8.069999694824219,,2159600
2023-06-26,8.0600004196167,8.119999885559082,7.860000133514404,8.0,,2017400
2023-06-27,8.039999961853027,8.229999542236328,7.90500020980835,8.0600004196167,,1983100
2023-06-28,8.09000015258789,8.430000305175781,7.945000171661377,8.399999618530273,,2480500
2023-06-29,8.399999618530273,8.420000076293945,8.109999656677246,8.149999618530273,,1390100
2023-06-30,8.279999732971191,8.329999923706055,8.069999694824219,8.229999542236328,,1412300
2023-07-03,8.260000228881836,8.380000114440918,8.170000076293945,8.239999771118164,,702000
2023-07-05,8.1899995803833,8.369999885559082,8.020000457763672,8.279999732971191,,2321100
2023-07-06,8.130000114440918,8.354999542236328,8.0,8.329999923706055,,1879800
2023-07-07,8.380000114440918,8.680000305175781,8.333000183105469,8.40999984741211,,1265900
2023-07-10,8.430000305175781,8.869999885559082,8.399999618530273,8.819999694824219,,2388800
2023-07-11,8.84000015258789,9.039999961853027,8.6899995803833,8.949999809265137,,1150400
2023-07-12,9.09000015258789,9.140000343322754,8.880000114440918,9.06999969482422,,1227200
2023-07-13,9.119999885559082,9.1899995803833,8.9350004196167,8.949999809265137,,1167700
2023-07-14,8.949999809265137,9.0,8.5,8.609999656677246,,1143500
2023-07-17,8.579999923706055,8.880000114440918,8.479999542236328,8.59000015258789,,1260200
2023-07-18,8.600000381469727,8.932000160217285,8.539999961853027,8.720000267028809,,1165800
2023-07-19,8.800000190734863,9.100000381469728,8.75,8.819999694824219,,1434600
2023-07-20,8.979999542236328,8.979999542236328,8.635000228881836,8.770000457763672,,1410400
2023-07-21,8.859999656677246,9.100000381469728,8.640000343322754,8.9399995803833,,1243000
2023-07-24,8.779999732971191,8.960000038146973,8.460000038146973,8.65999984741211,,1477400
2023-07-25,8.720000267028809,8.78499984741211,8.550000190734863,8.65999984741211,,894200
2023-07-26,8.630000114440918,8.949000358581543,8.619999885559082,8.779999732971191,,1301500
2023-07-27,8.899999618530273,8.9399995803833,8.46500015258789,8.5,,1759200
2023-07-28,8.680000305175781,8.760000228881836,8.5600004196167,8.670000076293945,,1282900
2023-07-31,8.75,8.920000076293945,8.600000381469727,8.779999732971191,,1265100
2023-08-01,8.699999809265137,8.72599983215332,8.510000228881836,8.649999618530273,,1535700
2023-08-02,8.5,9.515000343322754,8.399999618530273,9.140000343322754,,2848500
2023-08-03,9.140000343322754,9.520000457763672,9.0,9.3100004196167,,2173900
2023-08-04,9.380000114440918,9.5,9.032999992370604,9.050000190734863,,1312300
2023-08-07,9.039999961853027,9.039999961853027,8.390000343322754,8.430000305175781,,1982200
2023-08-08,8.390000343322754,8.970000267028809,8.25,8.899999618530273,,1638300
2023-08-09,8.890000343322754,9.09000015258789,8.699999809265137,8.84000015258789,,989300
2023-08-10,8.819999694824219,8.970000267028809,8.619999885559082,8.65999984741211,,1821400
2023-08-11,8.5600004196167,8.729999542236328,8.460000038146973,8.680000305175781,,893700
2023-08-14,8.539999961853027,8.680000305175781,8.260000228881836,8.670000076293945,,1083000
2023-08-15,8.630000114440918,8.829999923706055,8.449999809265137,8.760000228881836,,886300
2023-08-16,8.65999984741211,8.729999542236328,8.4399995803833,8.5,,1455800
2023-08-17,8.510000228881836,8.635000228881836,8.40999984741211,8.479999542236328,,1354800
2023-08-18,8.350000381469727,8.75100040435791,8.329999923706055,8.65999984741211,,1147400
2023-08-21,8.640000343322754,8.699999809265137,8.345000267028809,8.619999885559082,,1101600
2023-08-22,8.649999618530273,8.8100004196167,8.444999694824219,8.789999961853027,,875600
2023-08-23,8.8100004196167,9.010000228881836,8.729999542236328,8.75,,931800
2023-08-24,8.760000228881836,8.925000190734863,8.640000343322754,8.8100004196167,,1176900
2023-08-25,8.819999694824219,8.930000305175781,8.550000190734863,8.770000457763672,,1051100
2023-08-28,8.789999961853027,9.020000457763672,8.789999961853027,9.020000457763672,,861000
2023-08-29,8.989999771118164,9.125,8.890000343322754,9.0600004196167,,688300
2023-08-30,9.109999656677246,9.220000267028809,8.9399995803833,9.039999961853027,,954100
2023-08-31,9.050000190734863,9.135000228881836,8.880000114440918,8.90999984741211,,913700
2023-09-01,8.979999542236328,9.25,8.960000038146973,9.079999923706056,,1032700
2023-09-05,9.029999732971191,9.239999771118164,8.779999732971191,8.829999923706055,,1443900
2023-09-06,8.819999694824219,9.140000343322754,8.770000457763672,9.119999885559082,,1076800
2023-09-07,9.0,9.03499984741211,8.875,8.90999984741211,,905000
2023-09-08,8.90999984741211,9.140000343322754,8.890000343322754,9.020000457763672,,818400
2023-09-11,9.050000190734863,9.21500015258789,8.84000015258789,9.170000076293944,,1035900
2023-09-12,9.170000076293944,9.4399995803833,8.979999542236328,9.0,,922800
2023-09-13,9.0600004196167,9.100000381469728,8.449999809265137,8.470000267028809,,1501200
2023-09-14,8.5,8.529999732971191,8.319999694824219,8.399999618530273,,1007600
2023-09-15,8.40999984741211,8.48900032043457,8.289999961853027,8.390000343322754,,3588900
2023-09-18,8.390000343322754,8.510000228881836,7.989999771118164,8.010000228881836,,1725300
2023-09-19,8.010000228881836,8.098999977111816,7.949999809265137,7.989999771118164,,1290900
2023-09-20,8.0,8.104999542236328,7.909999847412109,7.949999809265137,,974300
2023-09-21,7.849999904632568,8.045000076293945,7.710000038146973,8.0,,1118600
2023-09-22,8.0,8.114999771118164,7.739999771118164,7.849999904632568,,1283000
2023-09-25,7.75,7.75,6.96999979019165,7.105000019073486,,2625000
2023-09-26,7.099999904632568,7.429999828338623,6.980000019073486,7.054999828338623,,1693500
2023-09-27,7.079999923706055,7.159999847412109,6.914999961853027,7.110000133514404,,1742500
2023-09-28,7.039999961853027,7.110000133514404,6.835000038146973,6.920000076293945,,1224400
2023-09-29,7.829999923706055,8.579999923706055,7.449999809265137,7.800000190734863,,6862500
2023-10-02,7.78000020980835,7.789999961853027,7.059999942779541,7.139999866485596,,2170600
2023-10-03,7.170000076293945,7.460000038146973,7.059999942779541,7.329999923706055,,1761400
2023-10-04,7.320000171661377,7.320000171661377,6.985000133514404,7.050000190734863,,1431300
2023-10-05,7.059999942779541,7.239999771118164,6.909999847412109,7.170000076293945,,1551900
2023-10-06,7.019999980926514,7.264999866485596,6.889999866485596,7.150000095367432,,1295200
2023-10-09,7.039999961853027,7.099999904632568,6.849999904632568,7.010000228881836,,1079600
2023-10-10,7.019999980926514,7.440000057220459,7.005000114440918,7.25,,1350600
2023-10-11,7.210000038146973,7.385000228881836,7.139999866485596,7.179999828338623,,954900
2023-10-12,7.130000114440918,7.179999828338623,6.78000020980835,6.840000152587891,,1282700
2023-10-13,6.829999923706055,7.160999774932861,6.789999961853027,7.050000190734863,,1881300
2023-10-16,7.03000020980835,7.340000152587891,6.820000171661377,7.260000228881836,,1558200
2023-10-17,6.96999979019165,7.195000171661377,6.800000190734863,6.809999942779541,,1408300
2023-10-18,6.860000133514404,6.928999900817871,6.559999942779541,6.599999904632568,,1484600
2023-10-19,6.610000133514404,6.619999885559082,6.385000228881836,6.429999828338623,,1127700
2023-10-20,6.429999828338623,6.525000095367432,6.28000020980835,6.289999961853027,,1006800
2023-10-23,6.199999809265137,6.369999885559082,6.079999923706055,6.25,,1258500
2023-10-24,6.639999866485596,6.96999979019165,6.514999866485596,6.570000171661377,,1962100
2023-10-25,6.5,6.760000228881836,6.429999828338623,6.619999885559082,,1263500
2023-10-26,6.650000095367432,6.840000152587891,6.46999979019165,6.510000228881836,,1283800
2023-10-27,6.630000114440918,6.630000114440918,6.235000133514404,6.260000228881836,,1634900
2023-10-30,6.260000228881836,6.525000095367432,6.230000019073486,6.329999923706055,,1119800
2023-10-31,6.260000228881836,6.829999923706055,6.139999866485596,6.679999828338623,,1589700
2023-11-01,6.690000057220459,6.909999847412109,6.659999847412109,6.900000095367432,,1828400
2023-11-02,6.980000019073486,7.130000114440918,6.835000038146973,7.03000020980835,,1463600
2023-11-03,7.25,8.75,7.210000038146973,8.3100004196167,,4107300
2023-11-06,8.470000267028809,8.619999885559082,8.170000076293945,8.3100004196167,,1950200
2023-11-07,8.399999618530273,9.0600004196167,8.204999923706055,8.960000038146973,,3243900
2023-11-08,9.029999732971191,9.029999732971191,8.289999961853027,8.399999618530273,,1866400
2023-11-09,8.479999542236328,8.479999542236328,7.860000133514404,7.869999885559082,,1756900
2023-11-10,7.880000114440918,7.880000114440918,7.449999809265137,7.670000076293945,,1259000
2023-11-13,7.519999980926514,7.659999847412109,7.150000095367432,7.650000095367432,,1343200
2023-11-14,8.050000190734863,8.569999694824219,7.659999847412109,8.520000457763672,,2082600
2023-11-15,8.510000228881836,9.149999618530272,8.5,8.84000015258789,,1735400
2023-11-16,8.880000114440918,8.970000267028809,8.529999732971191,8.779999732971191,,1333100
2023-11-17,8.880000114440918,9.824999809265137,8.869999885559082,9.779999732971191,,2645300
2023-11-20,9.850000381469728,11.135000228881836,9.8100004196167,10.84000015258789,,3550100
2023-11-21,10.720000267028809,10.720000267028809,10.09000015258789,10.119999885559082,,1944700
2023-11-22,10.289999961853027,10.720000267028809,10.15999984741211,10.489999771118164,,1796300
2023-11-24,10.529999732971191,10.890000343322754,10.5,10.579999923706056,,874900
2023-11-27,10.510000228881836,10.800000190734863,10.220000267028809,10.654999732971191,,1411600
2023-11-28,10.600000381469728,10.795000076293944,10.380000114440918,10.739999771118164,,1495600
2023-11-29,10.869999885559082,11.210000038146973,10.59000015258789,10.609999656677246,,1799000
2023-11-30,10.90999984741211,11.010000228881836,10.4350004196167,10.529999732971191,,1825800
2023-12-01,10.609999656677246,10.850000381469728,10.30500030517578,10.770000457763672,,1899700
2023-12-04,10.75,11.25,10.539999961853027,11.050000190734863,,1561400
2023-12-05,10.899999618530272,11.170000076293944,10.5600004196167,10.979999542236328,,1552600
2023-12-06,11.140000343322754,11.6899995803833,10.869999885559082,11.109999656677246,,2276000
2023-12-07,11.109999656677246,11.199999809265137,10.770000457763672,10.899999618530272,,1654600
2023-12-08,10.8100004196167,11.18000030517578,10.40999984741211,10.510000228881836,,2625900
2023-12-11,10.449999809265137,10.449999809265137,9.779999732971191,9.90999984741211,,2284000
2023-12-12,10.0,10.020000457763672,9.755000114440918,9.84000015258789,,1944300
2023-12-13,10.380000114440918,10.600000381469728,9.701000213623049,10.399999618530272,,4040500
2023-12-14,10.645000457763672,11.43000030517578,10.5600004196167,10.84000015258789,,3860400
2023-12-15,10.880000114440918,11.140000343322754,10.56999969482422,10.93000030517578,,4533300
2023-12-18,11.06999969482422,11.06999969482422,10.204999923706056,10.489999771118164,,1817800
2023-12-19,10.449999809265137,11.09000015258789,10.449999809265137,11.010000228881836,,2272500
2023-12-20,11.010000228881836,11.010000228881836,10.170000076293944,10.210000038146973,,2062300
2023-12-21,10.460000038146973,10.645999908447266,10.140000343322754,10.34000015258789,,1774600
2023-12-22,10.4399995803833,11.100000381469728,10.399999618530272,10.829999923706056,,2068300
2023-12-26,10.880000114440918,10.960000038146973,10.640000343322754,10.65999984741211,,1652700
2023-12-27,10.699999809265137,10.777999877929688,10.260000228881836,10.380000114440918,,1684000
2023-12-28,10.380000114440918,10.520000457763672,10.039999961853027,10.350000381469728,,1721600
2023-12-29,10.31999969482422,10.350000381469728,10.109999656677246,10.130000114440918,,1499100
2024-01-02,10.0,10.359999656677246,9.8100004196167,9.979999542236328,,1613800
2024-01-03,9.779999732971191,9.9399995803833,9.399999618530272,9.470000267028809,,1380800
2024-01-04,9.550000190734863,9.6899995803833,9.359999656677246,9.539999961853027,,1767800
2024-01-05,9.380000114440918,9.387999534606934,9.03499984741211,9.09000015258789,,1630100
2024-01-08,9.029999732971191,9.44499969482422,8.78499984741211,9.40999984741211,,1484300
2024-01-09,9.270000457763672,9.460000038146973,9.029999732971191,9.220000267028809,,1249800
2024-01-10,9.1899995803833,9.470000267028809,9.0,9.460000038146973,,1932400
2024-01-11,9.300000190734863,9.359999656677246,9.050000190734863,9.15999984741211,,1316700
2024-01-12,9.25,9.449999809265137,8.920000076293945,9.06999969482422,,1260000
2024-01-16,8.949999809265137,8.949999809265137,8.718999862670898,8.829999923706055,,1032000
2024-01-17,8.600000381469727,8.675000190734863,8.310999870300293,8.40999984741211,,1157700
2024-01-18,8.479999542236328,8.510000228881836,8.100000381469727,8.170000076293945,,1075600
2024-01-19,8.289999961853027,8.289999961853027,7.96999979019165,8.09000015258789,,1143600
2024-01-22,8.170000076293945,8.489999771118164,8.135000228881836,8.329999923706055,,1863300
2024-01-23,8.399999618530273,8.529999732971191,8.170000076293945,8.34000015258789,,1396600
2024-01-24,8.430000305175781,8.510000228881836,8.0,8.039999961853027,,1533700
2024-01-25,8.069999694824219,8.178999900817871,7.739999771118164,7.78000020980835,,1572500
2024-01-26,7.860000133514404,7.929999828338623,7.260000228881836,7.289999961853027,,2169500
2024-01-29,7.289999961853027,7.651000022888184,6.949999809265137,7.630000114440918,,1680300
2024-01-30,7.519999980926514,7.519999980926514,7.164999961853027,7.210000038146973,,1398900
2024-01-31,7.230000019073486,7.449999809265137,7.019999980926514,7.03000020980835,,1298200
2024-02-01,7.070000171661377,7.28000020980835,6.96999979019165,7.21999979019165,,1352500
2024-02-02,7.090000152587891,7.170000076293945,6.880000114440918,7.110000133514404,,1200500
2024-02-05,6.980000019073486,7.130000114440918,6.909999847412109,7.079999923706055,,1191800
2024-02-06,7.039999961853027,7.28000020980835,6.920000076293945,7.210000038146973,,1813400
2024-02-07,7.159999847412109,7.184999942779541,6.960000038146973,7.110000133514404,,1611000
2024-02-08,7.150000095367432,7.284999847412109,7.010000228881836,7.170000076293945,,1683700
2024-02-09,7.25,7.480000019073486,7.119999885559082,7.449999809265137,,1410100
2024-02-12,7.449999809265137,8.149999618530273,7.380000114440918,8.130000114440918,,2008000
2024-02-13,7.75,7.760000228881836,7.324999809265137,7.400000095367432,,2427400
2024-02-14,7.599999904632568,7.940000057220459,7.545000076293945,7.920000076293945,,2001800
2024-02-15,8.020000457763672,8.479999542236328,7.989999771118164,8.3100004196167,,2005200
2024-02-16,8.180000305175781,8.239999771118164,8.039999961853027,8.149999618530273,,1270800
2024-02-20,8.0,8.229999542236328,7.820000171661377,7.949999809265137,,1288200
2024-02-21,7.949999809265137,8.097999572753906,7.619999885559082,8.010000228881836,,1204600
2024-02-22,8.0,8.130000114440918,7.781000137329102,7.929999828338623,,1568500
2024-02-23,7.889999866485596,7.920000076293945,7.675000190734863,7.809999942779541,,1047000
2024-02-26,7.670000076293945,8.170000076293945,7.670000076293945,8.0600004196167,,1499100
2024-02-27,8.300000190734863,9.015000343322754,8.149999618530273,8.859999656677246,,3199600
2024-02-28,10.239999771118164,11.579999923706056,9.579999923706056,11.06999969482422,,7179800
2024-02-29,11.289999961853027,11.380000114440918,10.020000457763672,10.0600004196167,,3876500
2024-03-01,10.079999923706056,11.05500030517578,9.970000267028809,10.529999732971191,,2700200
2024-03-04,10.56999969482422,10.729000091552734,9.770000457763672,9.920000076293944,,1964600
2024-03-05,9.770000457763672,9.949999809265137,9.050000190734863,9.140000343322754,,2417000
2024-03-06,9.210000038146973,9.40999984741211,8.944999694824219,9.079999923706056,,1868200
2024-03-07,9.15999984741211,9.34000015258789,8.6899995803833,8.850000381469727,,2198500
2024-03-08,8.994999885559082,9.329999923706056,8.78499984741211,9.15999984741211,,1691000
2024-03-11,9.15999984741211,9.600000381469728,8.90999984741211,9.0,,1598800
2024-03-12,9.020000457763672,9.079999923706056,8.579999923706055,8.609999656677246,,1459400
2024-03-13,8.5600004196167,8.859999656677246,8.484999656677246,8.59000015258789,,1329800
2024-03-14,8.5,8.585000038146973,8.074000358581543,8.149999618530273,,1471400
2024-03-15,8.149999618530273,8.3100004196167,8.050000190734863,8.130000114440918,,6638500
2024-03-18,8.100000381469727,8.149999618530273,7.699999809265137,7.71999979019165,,2658300
2024-03-19,7.679999828338623,7.980000019073486,7.599999904632568,7.75,,1993400
2024-03-20,7.670000076293945,8.119999885559082,7.590000152587891,7.920000076293945,,2354300
2024-03-21,8.0,8.4399995803833,7.809999942779541,7.829999923706055,,1985800
2024-03-22,7.760000228881836,7.775000095367432,7.440000057220459,7.46999979019165,,1267900
2024-03-25,7.460000038146973,7.59499979019165,7.320000171661377,7.360000133514404,,1171100
2024-03-26,7.460000038146973,7.585000038146973,7.199999809265137,7.21999979019165,,1850800
2024-03-27,7.309999942779541,7.53000020980835,7.184999942779541,7.440000057220459,,1281400
2024-03-28,7.460000038146973,7.519999980926514,7.364999771118164,7.420000076293945,,1561200
2024-04-01,7.409999847412109,7.409999847412109,7.144999980926514,7.28000020980835,,1246900
2024-04-02,7.119999885559082,7.130000114440918,6.860000133514404,6.869999885559082,,2221400
2024-04-03,6.820000171661377,7.025000095367432,6.65399980545044,6.860000133514404,,1812600
2024-04-04,7.0,7.090000152587891,6.769999980926514,6.809999942779541,,2094800
2024-04-05,6.769999980926514,6.84499979019165,6.619999885559082,6.71999979019165,,1255300
2024-04-08,6.739999771118164,6.869999885559082,6.679999828338623,6.71999979019165,,1040300
2024-04-09,6.739999771118164,7.03000020980835,6.664999961853027,7.010000228881836,,1568000
2024-04-10,6.800000190734863,6.800000190734863,6.539999961853027,6.630000114440918,,2134900
2024-04-11,6.650000095367432,6.767000198364258,6.440000057220459,6.579999923706055,,1476400
2024-04-12,6.53000020980835,6.53000020980835,6.130000114440918,6.210000038146973,,2024600
2024-04-15,6.25,6.289999961853027,5.974999904632568,6.079999923706055,,1771600
2024-04-16,5.980000019073486,6.03000020980835,5.849999904632568,5.849999904632568,,1338800
2024-04-17,5.889999866485596,5.929999828338623,5.599999904632568,5.610000133514404,,1910200
2024-04-18,5.599999904632568,5.679999828338623,5.511000156402588,5.550000190734863,,1715600
2024-04-19,5.519999980926514,5.679999828338623,5.284999847412109,5.489999771118164,,2264500
2024-04-22,5.590000152587891,5.789999961853027,5.380000114440918,5.599999904632568,,1745100
2024-04-23,5.659999847412109,5.920000076293945,5.460000038146973,5.460000038146973,,1648500
2024-04-24,5.510000228881836,5.590000152587891,5.28000020980835,5.349999904632568,,1908300
2024-04-25,5.269999980926514,5.269999980926514,5.110000133514404,5.21999979019165,,1543800
2024-04-26,5.25,5.394999980926514,5.130000114440918,5.320000171661377,,1352000
2024-04-29,5.380000114440918,5.545000076293945,5.300000190734863,5.369999885559082,,1266100
2024-04-30,5.329999923706055,5.360000133514404,5.199999809265137,5.210000038146973,,1467400
2024-05-01,5.210000038146973,5.670000076293945,5.210000038146973,5.46999979019165,,2617600
2024-05-02,5.539999961853027,5.639999866485596,5.409999847412109,5.619999885559082,,1664400
2024-05-03,5.800000190734863,5.96999979019165,5.639999866485596,5.670000076293945,,1613700
2024-05-06,5.730000019073486,5.78000020980835,5.550000190734863,5.659999847412109,,1492900
2024-05-07,5.699999809265137,5.809999942779541,5.59499979019165,5.679999828338623,,1567200
2024-05-08,5.400000095367432,5.400000095367432,4.909999847412109,5.034999847412109,,4346900
2024-05-09,5.190000057220459,5.760000228881836,5.159999847412109,5.559999942779541,,2718500
2024-05-10,5.519999980926514,5.690000057220459,5.25,5.320000171661377,,1637600
2024-05-13,5.429999828338623,6.039999961853027,5.400000095367432,5.710000038146973,,1925200
2024-05-14,5.860000133514404,6.179999828338623,5.670000076293945,5.679999828338623,,1625900
2024-05-15,6.090000152587891,6.690000057220459,5.914999961853027,6.0,,2445700
2024-05-16,6.019999980926514,6.125999927520752,5.800000190734863,5.889999866485596,,1650200
2024-05-17,5.889999866485596,5.934999942779541,5.585000038146973,5.619999885559082,,1741800
2024-05-20,5.679999828338623,5.71999979019165,5.485000133514404,5.519999980926514,,1151700
2024-05-21,5.489999771118164,5.644999980926514,5.380000114440918,5.510000228881836,,1557100
2024-05-22,5.510000228881836,6.179999828338623,5.505000114440918,6.019999980926514,,2764000
2024-05-23,6.010000228881836,6.051000118255615,5.65500020980835,5.829999923706055,,2710700
2024-05-24,5.889999866485596,5.960000038146973,5.589000225067139,5.630000114440918,,1304600
2024-05-28,5.71999979019165,5.800000190734863,5.255000114440918,5.320000171661377,,1716200
2024-05-29,5.239999771118164,5.239999771118164,4.989999771118164,5.099999904632568,,1874700
2024-05-30,5.150000095367432,5.380000114440918,5.050000190734863,5.170000076293945,,1745100
2024-05-31,5.190000057220459,5.420000076293945,5.159999847412109,5.199999809265137,,2430000
2024-06-03,5.28000020980835,5.684999942779541,5.269999980926514,5.409999847412109,,2194700
2024-06-04,5.409999847412109,5.809999942779541,5.349999904632568,5.75,,2449900
2024-06-05,5.809999942779541,5.929999828338623,5.474999904632568,5.599999904632568,,2096200
2024-06-06,5.570000171661377,5.610000133514404,5.400000095367432,5.429999828338623,,1132800
2024-06-07,5.389999866485596,5.414999961853027,5.264999866485596,5.300000190734863,,1460500
2024-06-10,5.199999809265137,5.329999923706055,5.039999961853027,5.320000171661377,,1976400
2024-06-11,5.300000190734863,5.519999980926514,5.130000114440918,5.429999828338623,,1507300
2024-06-12,5.710000038146973,6.21999979019165,5.650000095367432,6.039999961853027,,3278700
2024-06-13,5.980000019073486,6.070000171661377,5.489999771118164,5.489999771118164,,2075300
2024-06-14,5.460000038146973,5.489999771118164,5.03000020980835,5.059999942779541,,3328600
2024-06-17,5.110000133514404,5.110000133514404,4.815000057220459,5.070000171661377,,3422400
2024-06-18,5.289999961853027,5.309999942779541,4.965000152587891,5.039999961853027,,3576400
2024-06-20,5.059999942779541,5.110000133514404,4.889999866485596,5.039999961853027,,2327100
2024-06-21,5.059999942779541,5.230000019073486,4.989999771118164,5.110000133514404,,9039400
2024-06-24,5.150000095367432,5.389999866485596,5.031000137329102,5.079999923706055,,1860000
2024-06-25,5.039999961853027,5.125,4.940000057220459,4.96999979019165,,2220000
2024-06-26,4.96999979019165,4.978000164031982,4.78000020980835,4.809999942779541,,2126500
2024-06-27,4.829999923706055,4.849999904632568,4.684999942779541,4.739999771118164,,2286600
2024-06-28,4.760000228881836,4.829999923706055,4.590000152587891,4.670000076293945,,3931800
2024-07-01,4.659999847412109,4.860000133514404,4.570000171661377,4.610000133514404,,1733400
2024-07-02,4.610000133514404,4.630000114440918,4.449999809265137,4.539999961853027,,1545900
2024-07-03,4.599999904632568,4.739999771118164,4.559999942779541,4.659999847412109,,988000
2024-07-05,4.659999847412109,4.659999847412109,4.474999904632568,4.590000152587891,,1289700
2024-07-08,4.599999904632568,4.835000038146973,4.599999904632568,4.820000171661377,,2167700
2024-07-09,4.809999942779541,4.949999809265137,4.724999904632568,4.909999847412109,,1276100
2024-07-10,4.909999847412109,5.090000152587891,4.885000228881836,5.079999923706055,,1151600
2024-07-11,5.239999771118164,5.53000020980835,5.210000038146973,5.46999979019165,,2328600
2024-07-12,5.59499979019165,5.760000228881836,5.389999866485596,5.539999961853027,,1645400
2024-07-15,5.559999942779541,5.690000057220459,5.425000190734863,5.610000133514404,,2022500
2024-07-16,5.690000057220459,6.050000190734863,5.670000076293945,5.960000038146973,,2316600
2024-07-17,5.78000020980835,5.909999847412109,5.485000133514404,5.71999979019165,,1791400
2024-07-18,5.710000038146973,5.730000019073486,5.25,5.300000190734863,,1522400
2024-07-19,5.300000190734863,5.320000171661377,4.949999809265137,5.0,,1805500
2024-07-22,5.079999923706055,5.244999885559082,4.914999961853027,5.210000038146973,,1853400
2024-07-23,5.170000076293945,5.650000095367432,5.170000076293945,5.610000133514404,,1586500
2024-07-24,5.570000171661377,5.739999771118164,5.324999809265137,5.340000152587891,,1109700
2024-07-25,5.349999904632568,5.78000020980835,5.300000190734863,5.570000171661377,,1290700
2024-07-26,5.71999979019165,5.849999904632568,5.510000228881836,5.650000095367432,,1016300
2024-07-29,5.679999828338623,5.71999979019165,5.281000137329102,5.400000095367432,,1815100
2024-07-30,5.449999809265137,5.639999866485596,5.349999904632568,5.420000076293945,,1144700
2024-07-31,5.389999866485596,5.704999923706055,5.210000038146973,5.409999847412109,,1263800
2024-08-01,5.409999847412109,5.445000171661377,5.054999828338623,5.139999866485596,,1421800
2024-08-02,4.989999771118164,5.085000038146973,4.885000228881836,5.0,,1852300
2024-08-05,4.5,4.789999961853027,4.340000152587891,4.730000019073486,,1915800
2024-08-06,4.760000228881836,4.760000228881836,4.579999923706055,4.679999828338623,,1611400
2024-08-07,4.880000114440918,4.900000095367432,4.079999923706055,4.110000133514404,,3081100
2024-08-08,4.369999885559082,4.440000057220459,4.130000114440918,4.204999923706055,,1968000
2024-08-09,4.210000038146973,4.21999979019165,3.920000076293945,3.9700000286102295,,1796100
2024-08-12,3.990000009536743,3.990000009536743,3.819999933242798,3.920000076293945,,1425000
2024-08-13,3.9600000381469727,4.050000190734863,3.930000066757202,3.990000009536743,,1041900
2024-08-14,4.03000020980835,4.03000020980835,3.7100000381469727,3.740000009536743,,1717900
2024-08-15,3.809999942779541,4.099999904632568,3.809999942779541,4.0,,1894700
2024-08-16,3.9800000190734863,4.074999809265137,3.920000076293945,4.0,,1012200
2024-08-19,4.010000228881836,4.190000057220459,3.994999885559082,4.099999904632568,,1910000
2024-08-20,4.130000114440918,4.130000114440918,3.9049999713897705,3.9600000381469727,,1127800
2024-08-21,4.010000228881836,4.150000095367432,3.954999923706055,4.079999923706055,,1710600
2024-08-22,4.079999923706055,4.079999923706055,3.7799999713897705,3.7899999618530273,,1492500
2024-08-23,3.819999933242798,4.0,3.7699999809265137,3.869999885559082,,1700200
2024-08-26,3.900000095367432,3.990000009536743,3.849999904632568,3.920000076293945,,1037600
2024-08-27,3.880000114440918,3.930000066757202,3.7200000286102295,3.819999933242798,,1334400
2024-08-28,3.7799999713897705,3.809999942779541,3.619999885559082,3.680000066757202,,1644400
2024-08-29,3.7200000286102295,3.78600001335144,3.674999952316284,3.7100000381469727,,1547300
2024-08-30,3.75,3.775000095367432,3.650000095367432,3.740000009536743,,1136900
2024-09-03,3.7300000190734863,3.7699999809265137,3.4649999141693115,3.490000009536743,,1695000
2024-09-04,3.470000028610229,3.555999994277954,3.400000095367432,3.5,,1455700
2024-09-05,3.5,3.549999952316284,3.4200000762939453,3.490000009536743,,1660100
2024-09-06,3.490000009536743,3.615000009536743,3.400000095367432,3.5899999141693115,,1969900
2024-09-09,3.640000104904175,3.640000104904175,3.4800000190734863,3.509999990463257,,1941700
2024-09-10,3.539999961853028,3.7890000343322754,3.444999933242798,3.7699999809265137,,1841900
2024-09-11,3.7300000190734863,3.7899999618530273,3.625,3.7799999713897705,,1195800
2024-09-12,3.7899999618530273,3.839999914169312,3.634999990463257,3.75,,1123600
2024-09-13,3.7799999713897705,3.9700000286102295,3.7799999713897705,3.950000047683716,,1292300
2024-09-16,3.9600000381469727,3.9600000381469727,3.759999990463257,3.829999923706055,,1544200
2024-09-17,3.910000085830689,4.019999980926514,3.809999942779541,3.859999895095825,,3131400
2024-09-18,4.010000228881836,4.119999885559082,3.859999895095825,3.880000114440918,,3101600
2024-09-19,4.010000228881836,4.110000133514404,3.8949999809265137,3.910000085830689,,2498700
2024-09-20,3.890000104904175,3.890000104904175,3.670000076293945,3.7699999809265137,,5770100
2024-09-23,3.7300000190734863,3.75,3.5999999046325684,3.660000085830689,,2168400
2024-09-24,3.700000047683716,3.700000047683716,3.5,3.5299999713897705,,2243500
2024-09-25,3.509999990463257,3.539999961853028,3.369999885559082,3.390000104904175,,1641200
2024-09-26,3.4600000381469727,3.5299999713897705,3.4049999713897705,3.490000009536743,,1693900
2024-09-27,3.539999961853028,3.630000114440918,3.424999952316284,3.4800000190734863,,2061200
2024-09-30,3.4800000190734863,3.615000009536743,3.390000104904175,3.4100000858306885,,1546100
2024-10-01,3.440000057220459,3.440000057220459,3.220000028610229,3.2699999809265137,,1773600
2024-10-02,3.220000028610229,3.319999933242798,3.180000066757202,3.220000028610229,,1788000
2024-10-03,3.200000047683716,3.244999885559082,3.150000095367432,3.200000047683716,,1920600
2024-10-04,3.299999952316284,3.4800000190734863,3.244999885559082,3.380000114440918,,3074400
2024-10-07,3.3399999141693115,3.4200000762939453,3.180000066757202,3.2100000381469727,,1531000
2024-10-08,3.200000047683716,3.2300000190734863,3.130000114440918,3.1700000762939453,,1516900
2024-10-09,3.1700000762939453,3.190000057220459,3.095000028610229,3.119999885559082,,2627200
2024-10-10,3.0899999141693115,3.109999895095825,2.9100000858306885,2.9600000381469727,,2588800
2024-10-11,2.940000057220459,3.190000057220459,2.9200000762939453,3.190000057220459,,2265800
2024-10-14,3.190000057220459,3.25,3.0999999046325684,3.240000009536743,,1541000
2024-10-15,3.240000009536743,3.4100000858306885,3.164999961853028,3.359999895095825,,1194800
2024-10-16,3.380000114440918,3.549999952316284,3.361000061035156,3.450000047683716,,1378500
2024-10-17,3.4600000381469727,3.490000009536743,3.25,3.309999942779541,,1239400
2024-10-18,3.319999933242798,3.4089999198913574,3.315000057220459,3.359999895095825,,860300
2024-10-21,3.3499999046325684,3.799999952316284,3.2799999713897705,3.759999990463257,,4587400
2024-10-22,3.75,3.75,3.2300000190734863,3.289999961853028,,3332900
2024-10-23,3.2799999713897705,3.308000087738037,3.164999961853028,3.2100000381469727,,2392300
2024-10-24,3.190000057220459,3.2149999141693115,3.061000108718872,3.180000066757202,,1692300
2024-10-25,3.1700000762939453,3.3550000190734863,3.1700000762939453,3.180000066757202,,1170300
2024-10-28,3.190000057220459,3.319999933242798,3.190000057220459,3.259999990463257,,1340600
2024-10-29,3.259999990463257,3.359999895095825,3.059999942779541,3.109999895095825,,2198200
2024-10-30,3.059999942779541,3.1449999809265137,3.005000114440918,3.0199999809265137,,1693600
2024-10-31,3.0299999713897705,3.0299999713897705,2.900000095367432,2.900000095367432,,1966700
2024-11-01,2.9200000762939453,3.0299999713897705,2.900000095367432,2.9100000858306885,,1876700
2024-11-04,2.900000095367432,3.075000047683716,2.700000047683716,2.880000114440918,,3952000
2024-11-05,2.859999895095825,3.1700000762939453,2.789999961853028,3.119999885559082,,2151600
2024-11-06,3.3299999237060547,3.400000095367432,3.059999942779541,3.2799999713897705,,4225900
2024-11-07,3.2699999809265137,3.299999952316284,3.109999895095825,3.1700000762939453,,2078700
2024-11-08,3.1600000858306885,3.234999895095825,3.069999933242798,3.119999885559082,,1652800
2024-11-11,3.1700000762939453,3.375,3.150000095367432,3.299999952316284,,2253400
2024-11-12,3.25,3.252000093460083,3.0450000762939453,3.069999933242798,,1509400
2024-11-13,3.150000095367432,3.200000047683716,2.950000047683716,2.9600000381469727,,1224500
2024-11-14,2.9600000381469727,2.9800000190734863,2.759999990463257,2.7699999809265137,,1708300
2024-11-15,2.799999952316284,2.799999952316284,2.5899999141693115,2.6600000858306885,,2502600
2024-11-18,2.690000057220459,2.690000057220459,2.509999990463257,2.5199999809265137,,2108500
2024-11-19,2.509999990463257,2.559999942779541,2.470000028610229,2.4800000190734863,,2090400
2024-11-20,2.470000028610229,2.4749999046325684,2.3499999046325684,2.4100000858306885,,2817500
2024-11-21,2.450000047683716,2.470000028610229,2.299999952316284,2.369999885559082,,2893100
2024-11-22,2.390000104904175,2.5350000858306885,2.3299999237060547,2.440000057220459,,2277400
2024-11-25,2.4100000858306885,2.5299999713897705,2.345000028610229,2.380000114440918,,5651400
2024-11-26,2.3350000381469727,2.3399999141693115,2.134999990463257,2.2100000381469727,,3228300
2024-11-27,2.240000009536743,2.2799999713897705,2.180000066757202,2.200000047683716,,1641300
2024-11-29,2.240000009536743,2.2799999713897705,2.2049999237060547,2.240000009536743,,1402900
2024-12-02,2.25,2.2699999809265137,2.125,2.190000057220459,,2371000
2024-12-03,2.180000066757202,2.186000108718872,1.9700000286102293,1.9800000190734863,,2726200
2024-12-04,1.9700000286102293,2.049999952316284,1.950000047683716,1.9900000095367432,,2380800
2024-12-05,1.9800000190734863,2.009999990463257,1.8899999856948853,1.909999966621399,,2223500
2024-12-06,1.950000047683716,2.140000104904175,1.8899999856948853,2.140000104904175,,2789200
2024-12-09,2.1600000858306885,2.365000009536743,2.1600000858306885,2.2300000190734863,,2462900
2024-12-10,2.220000028610229,2.2300000190734863,2.0999999046325684,2.0999999046325684,,1582500
2024-12-11,2.0899999141693115,2.1429998874664307,1.899999976158142,1.9900000095367432,,2800400
2024-12-12,2.0,2.0,1.8600000143051147,1.8899999856948853,,3590900
2024-12-13,1.75,1.7699999809265137,1.409999966621399,1.440000057220459,,10559600
2024-12-16,1.440000057220459,1.6100000143051147,1.3910000324249268,1.4800000190734863,,4993000
2024-12-17,1.5,1.5499999523162842,1.440000057220459,1.5199999809265137,,2862900
2024-12-18,1.5199999809265137,1.5199999809265137,1.3300000429153442,1.3450000286102295,,3134800
2024-12-19,1.399999976158142,1.399999976158142,1.2799999713897705,1.340000033378601,,2465200
2024-12-20,1.3300000429153442,1.3799999952316284,1.2799999713897705,1.309999942779541,,4216700
2024-12-23,1.3200000524520874,1.340000033378601,1.2400000095367432,1.25,,2657600
2024-12-24,1.2400000095367432,1.2599999904632568,1.2000000476837158,1.2100000381469729,,1580600
2024-12-26,1.190000057220459,1.25,1.159999966621399,1.2300000190734863,,2680300
2024-12-27,1.2300000190734863,1.340000033378601,1.1799999475479126,1.2100000381469729,,2803000
2024-12-30,1.2599999904632568,1.2699999809265137,1.1699999570846558,1.2000000476837158,,2978000
2024-12-31,1.215000033378601,1.2899999618530271,1.190000057220459,1.2699999809265137,,3218200
2025-01-02,1.2699999809265137,1.4149999618530271,1.2599999904632568,1.309999942779541,,2873000
2025-01-03,1.3200000524520874,1.350000023841858,1.2599999904632568,1.340000033378601,,2456100
2025-01-06,1.399999976158142,1.5149999856948853,1.3350000381469729,1.4299999475479126,,3460100
2025-01-07,1.4600000381469729,1.5700000524520874,1.4500000476837158,1.4500000476837158,,5107400
2025-01-08,1.4700000286102295,1.4800000190734863,1.3300000429153442,1.340000033378601,,1923700
2025-01-10,1.3300000429153442,1.340000033378601,1.2300000190734863,1.2599999904632568,,2539600
2025-01-13,1.2400000095367432,1.2400000095367432,1.159999966621399,1.159999966621399,,3163200
2025-01-14,1.159999966621399,1.190000057220459,1.1200000047683716,1.1399999856948853,,1969000
2025-01-15,1.2000000476837158,1.2899999618530271,1.190000057220459,1.2200000286102295,,2505700
2025-01-16,1.2200000286102295,1.2649999856948853,1.1649999618530271,1.2400000095367432,,1471200
2025-01-17,1.2599999904632568,1.2699999809265137,1.2050000429153442,1.2200000286102295,,1241700
2025-01-21,1.2300000190734863,1.25,1.149999976158142,1.2100000381469729,,2168300
2025-01-22,1.190000057220459,1.3899999856948853,1.190000057220459,1.340000033378601,,4665000
2025-01-23,1.3700000047683716,1.4249999523162842,1.2799999713897705,1.409999966621399,,3182700
2025-01-24,1.409999966621399,1.4800000190734863,1.340000033378601,1.3799999952316284,,2549400
2025-01-27,1.340000033378601,1.4450000524520874,1.3200000524520874,1.409999966621399,,2357200
2025-01-28,1.399999976158142,1.4500000476837158,1.3200000524520874,1.4199999570846558,,1747100
2025-01-29,1.409999966621399,1.4500000476837158,1.3350000381469729,1.340000033378601,,1336900
2025-01-30,1.3799999952316284,1.4299999475479126,1.3300000429153442,1.3700000047683716,,1341600
2025-01-31,1.3899999856948853,1.409999966621399,1.2899999618530271,1.309999942779541,,1275400
2025-02-03,1.2599999904632568,1.309999942779541,1.2200000286102295,1.2699999809265137,,1419900
2025-02-04,1.2799999713897705,1.3300000429153442,1.2549999952316284,1.2899999618530271,,1362000
2025-02-05,1.2999999523162842,1.3799999952316284,1.2899999618530271,1.3700000047683716,,1040500
2025-02-06,1.3899999856948853,1.399999976158142,1.2999999523162842,1.2999999523162842,,1382200
2025-02-07,1.2999999523162842,1.3200000524520874,1.2400000095367432,1.25,,1338400
2025-02-10,1.25,1.2649999856948853,1.2000000476837158,1.2000000476837158,,1503200
2025-02-11,1.2000000476837158,1.2100000381469729,1.1200000047683716,1.1799999475479126,,1881000
2025-02-12,1.1699999570846558,1.2200000286102295,1.149999976158142,1.190000057220459,,1402600
2025-02-13,1.2000000476837158,1.25,1.1699999570846558,1.2300000190734863,,1131100
2025-02-14,1.2400000095367432,1.4800000190734863,1.2400000095367432,1.3799999952316284,,8949400
2025-02-18,1.409999966621399,1.7599999904632568,1.409999966621399,1.7400000095367432,,9878900
2025-02-19,1.8600000143051147,3.299999952316284,1.7699999809265137,3.200000047683716,,49891300
2025-02-20,2.809999942779541,2.859999895095825,2.0199999809265137,2.059999942779541,,16539900
2025-02-21,2.400000095367432,2.400000095367432,1.8899999856948853,1.919999957084656,,9469300
2025-02-24,1.8899999856948853,2.1549999713897705,1.75,2.009999990463257,,7679500
2025-02-25,1.919999957084656,1.9800000190734863,1.7999999523162842,1.8600000143051147,,3076900
2025-02-26,1.8899999856948853,1.950000047683716,1.8200000524520876,1.840000033378601,,1744600
2025-02-27,1.8350000381469729,2.289999961853028,1.7999999523162842,1.830000042915344,,7794500
2025-02-28,1.7799999713897705,1.919999957084656,1.7200000286102295,1.919999957084656,,3728000
2025-03-03,1.9700000286102293,1.9700000286102293,1.7549999952316284,1.7699999809265137,,2455500
2025-03-04,1.7300000190734863,1.809999942779541,1.649999976158142,1.7599999904632568,,2844300
2025-03-05,1.850000023841858,2.25,1.815000057220459,2.049999952316284,,9165600
2025-03-06,1.9299999475479128,2.0199999809265137,1.7109999656677246,1.7799999713897705,,4036500
2025-03-07,1.7699999809265137,1.8289999961853027,1.6710000038146973,1.7200000286102295,,1914200
2025-03-10,1.659999966621399,1.690000057220459,1.5199999809265137,1.559999942779541,,3115800
2025-03-11,1.5700000524520874,1.5800000429153442,1.3600000143051147,1.4700000286102295,,2966500
2025-03-12,1.4900000095367432,1.5399999618530271,1.409999966621399,1.5099999904632568,,1762500
2025-03-13,1.5,1.559999942779541,1.3600000143051147,1.3700000047683716,,2066600
2025-03-14,1.4299999475479126,1.5,1.399999976158142,1.4600000381469729,,1676300
2025-03-17,1.4299999475479126,1.440000057220459,1.309999942779541,1.409999966621399,,2788400
2025-03-18,1.409999966621399,1.440000057220459,1.309999942779541,1.315000057220459,,1555300
2025-03-19,1.3300000429153442,1.409999966621399,1.3200000524520874,1.3899999856948853,,1276300
2025-03-20,1.3799999952316284,1.4199999570846558,1.3300000429153442,1.3700000047683716,,1483200
2025-03-21,1.2999999523162842,1.3300000429153442,1.2599999904632568,1.309999942779541,,2906200
2025-03-24,1.350000023841858,1.3899999856948853,1.309999942779541,1.3899999856948853,,2034200
2025-03-25,1.3799999952316284,1.3899999856948853,1.2799999713897705,1.2999999523162842,,1378100
2025-03-26,1.309999942779541,1.309999942779541,1.2400000095367432,1.2699999809265137,,1359700
2025-03-27,1.2799999713897705,1.3200000524520874,1.2599999904632568,1.2999999523162842,,1359400
2025-03-28,1.309999942779541,1.3109999895095823,1.2400000095367432,1.25,,1159100
2025-03-31,1.2400000095367432,1.2400000095367432,1.149999976158142,1.159999966621399,,2123200
2025-04-01,1.149999976158142,1.1799999475479126,1.1200000047683716,1.1299999952316284,,2127600
2025-04-02,1.1399999856948853,1.225000023841858,1.1200000047683716,1.1799999475479126,,1803000
2025-04-03,1.1299999952316284,1.1469999551773071,1.1100000143051147,1.1200000047683716,,1972300
2025-04-04,1.1100000143051147,1.149999976158142,1.0199999809265137,1.0299999713897705,,3128500
2025-04-07,1.0099999904632568,1.0499999523162842,0.9100000262260436,1.0,,4830200
2025-04-08,1.0399999618530271,1.0700000524520874,0.9549999833106996,0.9800000190734864,,2712400
2025-04-09,0.9800000190734864,1.1799999475479126,0.949999988079071,1.149999976158142,,2825300
2025-04-10,1.1299999952316284,1.1299999952316284,1.0399999618530271,1.1100000143051147,,1527100
2025-04-11,1.100000023841858,1.2999999523162842,1.0800000429153442,1.2999999523162842,,3132200
2025-04-14,1.3300000429153442,1.3300000429153442,1.1799999475479126,1.3200000524520874,,1975600
2025-04-15,1.2999999523162842,1.4500000476837158,1.2999999523162842,1.350000023841858,,1848200
2025-04-16,1.340000033378601,1.340000033378601,1.25,1.2699999809265137,,1286100
2025-04-17,1.2799999713897705,1.305999994277954,1.25,1.2799999713897705,,743500
2025-04-21,1.2599999904632568,1.399999976158142,1.2300000190734863,1.3300000429153442,,1793400
2025-04-22,1.3799999952316284,1.5750000476837158,1.375,1.559999942779541,,3535100
2025-04-23,1.6299999952316284,1.690000057220459,1.5399999618530271,1.559999942779541,,2111400
2025-04-24,1.5499999523162842,1.6200000047683716,1.4919999837875366,1.6100000143051147,,1133500
2025-04-25,1.600000023841858,1.6100000143051147,1.4950000047683716,1.5399999618530271,,1076300
2025-04-28,1.5700000524520874,1.7100000381469729,1.5299999713897705,1.5800000429153442,,1929500
2025-04-29,1.5700000524520874,1.6299999952316284,1.5099999904632568,1.5499999523162842,,1081500
2025-04-30,1.5199999809265137,1.6549999713897705,1.4500000476837158,1.649999976158142,,1510200
2025-05-01,1.659999966621399,1.659999966621399,1.565000057220459,1.6200000047683716,,1094500
2025-05-02,1.600000023841858,1.7300000190734863,1.600000023841858,1.6399999856948853,,1875200
2025-05-05,1.6200000047683716,1.64900004863739,1.5299999713897705,1.5399999618530271,,795700
2025-05-06,1.5299999713897705,1.5399999618530271,1.3200000524520874,1.3300000429153442,,1769800
2025-05-07,1.3799999952316284,1.399999976158142,1.309999942779541,1.3300000429153442,,1949300
2025-05-08,1.3300000429153442,1.4900000095367432,1.2899999618530271,1.3899999856948853,,1948100
2025-05-09,1.4199999570846558,1.5299999713897705,1.409999966621399,1.4500000476837158,,2653700
2025-05-12,1.5499999523162842,1.7649999856948853,1.4730000495910645,1.5399999618530271,,3340100
2025-05-13,1.5499999523162842,1.5800000429153442,1.4299999475479126,1.5,,2785200
2025-05-14,1.5099999904632568,1.5099999904632568,1.350000023841858,1.3799999952316284,,1875400
2025-05-15,1.399999976158142,1.4299999475479126,1.3600000143051147,1.3949999809265137,,970000
2025-05-16,1.409999966621399,1.5099999904632568,1.3450000286102295,1.5099999904632568,,1611900
2025-05-19,1.4900000095367432,1.5399999618530271,1.4299999475479126,1.4900000095367432,,1071000
2025-05-20,1.4900000095367432,1.6699999570846558,1.475000023841858,1.6399999856948853,,2379800
2025-05-21,1.590000033378601,1.628999948501587,1.472000002861023,1.5,,1666400
2025-05-22,1.4850000143051147,1.625,1.4850000143051147,1.6200000047683716,,1389400
2025-05-23,1.5399999618530271,1.590000033378601,1.5099999904632568,1.5499999523162842,,952700
2025-05-27,1.590000033378601,1.784999966621399,1.565000057220459,1.649999976158142,,2523300
2025-05-28,1.659999966621399,1.899999976158142,1.600000023841858,1.870000004768372,,2735300
2025-05-29,1.8899999856948853,1.950000047683716,1.7649999856948853,1.830000042915344,,1554200
2025-05-30,1.7999999523162842,1.809999942779541,1.7000000476837158,1.7200000286102295,,1276200
2025-06-02,1.7599999904632568,1.919999957084656,1.75,1.7699999809265137,,2166600
2025-06-03,1.75,1.870000004768372,1.659999966621399,1.8200000524520876,,1658600
2025-06-04,1.8200000524520876,1.850000023841858,1.7699999809265137,1.8200000524520876,,866100
2025-06-05,1.7999999523162842,1.9800000190734863,1.7300000190734863,1.7999999523162842,,3176200
2025-06-06,1.809999942779541,1.9700000286102293,1.7999999523162842,1.909999966621399,,2450900
2025-06-09,1.9800000190734863,2.0199999809265137,1.8450000286102293,1.9299999475479128,,1222400
2025-06-10,1.9800000190734863,2.2300000190734863,1.919999957084656,2.0999999046325684,,2880400
2025-06-11,2.0999999046325684,2.190000057220459,2.013000011444092,2.0299999713897705,,2013100
2025-06-12,2.049999952316284,2.2950000762939453,1.9709999561309812,2.180000066757202,,3205100
2025-06-13,2.0199999809265137,2.115000009536743,1.940000057220459,1.9700000286102293,,3051500
2025-06-16,2.005000114440918,2.200000047683716,1.934999942779541,2.1600000858306885,,2832800
2025-06-17,2.309999942779541,2.549999952316284,2.0999999046325684,2.140000104904175,,5459000
2025-06-18,2.1700000762939453,2.380000114440918,2.049999952316284,2.3499999046325684,,3586600
2025-06-20,2.3399999141693115,2.384999990463257,2.150000095367432,2.220000028610229,,3068700
2025-06-23,2.184999942779541,2.240000009536743,2.0199999809265137,2.0999999046325684,,1787700
2025-06-24,2.150000095367432,2.309999942779541,2.150000095367432,2.25,,3015800
2025-06-25,2.259999990463257,2.289999961853028,2.140000104904175,2.190000057220459,,2264900
2025-06-26,2.220000028610229,2.220000028610229,2.075000047683716,2.119999885559082,,2318800
2025-06-27,2.150000095367432,2.3299999237060547,2.130000114440918,2.2799999713897705,,5463000
2025-06-30,2.2799999713897705,2.369999885559082,2.190000057220459,2.200000047683716,,2255900
2025-07-01,2.1600000858306885,2.309999942779541,2.109999895095825,2.25,,1749800
2025-07-02,2.25,2.875,2.234999895095825,2.559999942779541,,9568200
2025-07-03,2.630000114440918,2.75,2.509999990463257,2.569999933242798,,1914800
2025-07-07,2.5799999237060547,2.627000093460083,2.4800000190734863,2.539999961853028,,2142400
2025-07-08,2.549999952316284,3.069999933242798,2.5350000858306885,2.859999895095825,,5701600
2025-07-09,3.049999952316284,3.240000009536743,2.914999961853028,3.0799999237060547,,5606000
2025-07-10,3.115000009536743,3.180000066757202,2.990000009536743,3.059999942779541,,2558900
2025-07-11,3.059999942779541,3.0899999141693115,2.799999952316284,2.880000114440918,,2254200
2025-07-14,2.8399999141693115,2.9649999141693115,2.740000009536743,2.8499999046325684,,1268400
2025-07-15,2.880000114440918,2.9600000381469727,2.7249999046325684,2.75,,1555800
2025-07-16,2.789999961853028,3.0199999809265137,2.700000047683716,2.8399999141693115,,2561200
2025-07-17,2.8399999141693115,2.890000104904175,2.700000047683716,2.7300000190734863,,1848800
2025-07-18,2.700000047683716,2.869999885559082,2.6600000858306885,2.759999990463257,,2537000
2025-07-21,2.7850000858306885,3.390000104904175,2.7850000858306885,3.150000095367432,,5762700
2025-07-22,3.119999885559082,3.4200000762939453,3.0309998989105225,3.359999895095825,,2616200
2025-07-23,3.470000028610229,3.5350000858306885,3.2799999713897705,3.4600000381469727,,2467500
2025-07-24,3.4600000381469727,3.5799999237060547,3.180000066757202,3.259999990463257,,2660200
2025-07-25,3.2799999713897705,3.2799999713897705,3.0999999046325684,3.150000095367432,,1275200
2025-07-28,3.1600000858306885,3.190000057220459,2.940000057220459,2.9600000381469727,,1809700
2025-07-29,2.9749999046325684,2.990000009536743,2.5450000762939453,2.5899999141693115,,3819700
2025-07-30,2.634999990463257,2.7149999141693115,2.5,2.5199999809265137,,2314700
2025-07-31,2.490000009536743,2.575000047683716,2.400000095367432,2.509999990463257,,2135800
2025-08-01,2.4800000190734863,2.490000009536743,2.369999885559082,2.440000057220459,,1622100
2025-08-04,2.4600000381469727,2.609999895095825,2.440000057220459,2.559999942779541,,1346600
2025-08-05,2.630000114440918,2.664999961853028,2.470000028610229,2.5999999046325684,,1618400
2025-08-06,2.5999999046325684,2.630000114440918,2.470000028610229,2.5299999713897705,,1158800
2025-08-07,2.5799999237060547,2.5799999237060547,2.450000047683716,2.490000009536743,,874700
2025-08-08,2.515000104904175,2.5199999809265137,2.200000047683716,2.2100000381469727,,2274900
2025-08-11,2.130000114440918,2.220000028610229,2.069999933242798,2.200000047683716,,1636700
2025-08-12,2.220000028610229,2.325000047683716,2.180000066757202,2.289999961853028,,1287600
2025-08-13,2.450000047683716,3.1700000762939453,2.440000057220459,3.0799999237060547,,7749200
2025-08-14,2.930000066757202,3.1050000190734863,2.890000104904175,2.9600000381469727,,2275200
2025-08-15,3.049999952316284,3.0999999046325684,2.8399999141693115,3.0299999713897705,,3198000
2025-08-18,3.0799999237060547,3.0799999237060547,2.7300000190734863,2.7300000190734863,,1850300
2025-08-19,2.7100000381469727,2.7170000076293945,2.5999999046325684,2.630000114440918,,1471500
2025-08-20,2.619999885559082,2.7699999809265137,2.619999885559082,2.6700000762939453,,926500
2025-08-21,2.630000114440918,2.7699999809265137,2.630000114440918,2.7300000190734863,,849200
2025-08-22,2.740000009536743,2.9210000038146973,2.7320001125335693,2.799999952316284,,1466100
2025-08-25,2.819999933242798,2.900000095367432,2.7049999237060547,2.720000028610229,,1035400
2025-08-26,2.720000028610229,2.75,2.6549999713897705,2.7300000190734863,,673200
2025-08-27,2.7300000190734863,2.765000104904175,2.6600000858306885,2.6700000762939453,,614000
2025-08-28,2.690000057220459,2.7809998989105225,2.640000104904175,2.650000095367432,,756900
2025-08-29,2.650000095367432,2.694999933242798,2.483999967575073,2.569999933242798,,1147200
2025-09-02,2.5199999809265137,2.6600000858306885,2.4649999141693115,2.470000028610229,,1307000
2025-09-03,2.5299999713897705,2.720000028610229,2.490000009536743,2.5,,1684800
2025-09-04,2.539999961853028,2.539999961853028,2.390000104904175,2.5199999809265137,,1181400
2025-09-05,2.549999952316284,2.759999990463257,2.490000009536743,2.759999990463257,,1997500
2025-09-08,2.7699999809265137,2.8399999141693115,2.720000028610229,2.789999961853028,,1486900
2025-09-09,2.7699999809265137,2.819999933242798,2.690000057220459,2.759999990463257,,1254300
2025-09-10,2.759999990463257,2.759999990463257,2.559999942779541,2.559999942779541,,1561800
2025-09-11,2.559999942779541,2.75,2.555000066757202,2.7100000381469727,,1232300
2025-09-12,2.720000028610229,2.740000009536743,2.650000095367432,2.690000057220459,,1101600
2025-09-15,2.720000028610229,2.7890000343322754,2.6029999256134038,2.6700000762939453,,1136400
2025-09-16,2.6700000762939453,2.875,2.5350000858306885,2.8299999237060547,,2574400
2025-09-17,2.809999942779541,2.900000095367432,2.7100000381469727,2.720000028610229,,1464900
2025-09-18,2.789999961853028,3.072999954223633,2.789999961853028,3.0,,3778500
2025-09-19,3.039999961853028,3.0799999237060547,2.809999942779541,2.8299999237060547,,2950600
2025-09-22,2.8299999237060547,3.049000024795532,2.6700000762939453,3.0,,2804900
2025-09-23,3.0199999809265137,3.140000104904175,2.970000028610229,3.009999990463257,,3095500
2025-09-24,3.0199999809265137,3.575000047683716,3.0,3.369999885559082,,6637100
2025-09-25,3.319999933242798,3.369999885559082,3.1700000762939453,3.2300000190734863,,2692600
2025-09-26,3.2100000381469727,3.259999990463257,3.009999990463257,3.240000009536743,,2402700
2025-09-29,3.289999961853028,3.5199999809265137,3.1700000762939453,3.5199999809265137,,4100900
2025-09-30,3.5,3.619999885559082,3.359999895095825,3.470000028610229,,2589100
2025-10-01,3.4600000381469727,3.704999923706055,3.450000047683716,3.549999952316284,,3535500
2025-10-02,3.569999933242798,3.920000076293945,3.559999942779541,3.890000104904175,,5036600
2025-10-03,3.9700000286102295,4.050000190734863,3.7699999809265137,3.920000076293945,,3333000
2025-10-06,3.9800000190734863,4.070000171661377,3.7899999618530273,3.799999952316284,,2519500
2025-10-07,3.819999933242798,3.993000030517578,3.680000066757202,3.930000066757202,,2757200
2025-10-08,3.950000047683716,4.537000179290772,3.849999904632568,4.150000095367432,,6247400
2025-10-09,4.210000038146973,4.269999980926514,4.019999980926514,4.079999923706055,,2721500
2025-10-10,4.21999979019165,4.289999961853027,3.694999933242798,3.7200000286102295,,3531500
2025-10-13,3.839999914169312,3.839999914169312,3.5299999713897705,3.559999942779541,,2113100
2025-10-14,3.440000057220459,3.7200000286102295,3.319999933242798,3.5899999141693115,,2113000
2025-10-15,3.680000066757202,4.170000076293945,3.680000066757202,4.059999942779541,,4858200
2025-10-16,4.110000133514404,4.329999923706055,3.910000085830689,3.9600000381469727,,2663000
2025-10-17,3.859999895095825,3.9800000190734863,3.640000104904175,3.7699999809265137,,1903800
2025-10-20,3.799999952316284,4.275000095367432,3.799999952316284,4.139999866485596,,4064700
2025-10-21,4.099999904632568,4.210000038146973,3.859999895095825,3.880000114440918,,2548200
2025-10-22,3.869999885559082,3.869999885559082,3.4800000190734863,3.569999933242798,,3334100
2025-10-23,3.700000047683716,3.7699999809265137,3.575000047683716,3.650000095367432,,1338200
2025-10-24,3.75,3.869999885559082,3.7100000381469727,3.7200000286102295,,1626500
2025-10-27,3.5450000762939453,3.619999885559082,3.1449999809265137,3.25,,6131800
2025-10-28,3.259999990463257,3.289999961853028,3.109999895095825,3.1700000762939453,,1971200
2025-10-29,3.1700000762939453,3.200000047683716,3.0350000858306885,3.039999961853028,,2039900
2025-10-30,3.0,3.065000057220459,2.940000057220459,3.009999990463257,,1186200
2025-10-31,3.009999990463257,3.365000009536743,2.950000047683716,3.0799999237060547,,6380300
2025-11-03,3.109999895095825,3.109999895095825,2.869999885559082,3.059999942779541,,2036300
2025-11-04,2.940000057220459,2.9800000190734863,2.7699999809265137,2.7799999713897705,,1599500
2025-11-05,2.789999961853028,2.8499999046325684,2.7100000381469727,2.7799999713897705,,1515400
2025-11-06,2.7699999809265137,2.789999961853028,2.619999885559082,2.690000057220459,,2272400
2025-11-07,2.5899999141693115,2.5899999141693115,2.3299999237060547,2.470000028610229,,3157400
2025-11-10,2.7049999237060547,2.7049999237060547,2.470000028610229,2.5199999809265137,,2285300
2025-11-11,2.5899999141693115,2.6700000762939453,2.4200000762939453,2.6600000858306885,,1770300
2025-11-12,2.700000047683716,2.799999952316284,2.650000095367432,2.700000047683716,,2131300
2025-11-13,2.630000114440918,2.640000104904175,2.515000104904175,2.539999961853028,,1742000
2025-11-14,2.470000028610229,2.690000057220459,2.450000047683716,2.5999999046325684,,1769600
2025-11-17,2.5899999141693115,2.6700000762939453,2.5,2.5799999237060547,,1238300
2025-11-18,2.559999942779541,2.640000104904175,2.450999975204468,2.619999885559082,,1037500
2025-11-19,2.640000104904175,2.6549999713897705,2.509999990463257,2.5199999809265137,,1201300
2025-11-20,2.619999885559082,2.7300000190734863,2.4100000858306885,2.470000028610229,,2100100
2025-11-21,2.440000057220459,2.470000028610229,2.299999952316284,2.4200000762939453,,1983600
2025-11-24,2.440000057220459,2.549999952316284,2.4200000762939453,2.5,,1310400
2025-11-25,2.5199999809265137,2.5199999809265137,2.3499999046325684,2.390000104904175,,1227200
2025-11-26,2.400000095367432,2.4100000858306885,2.325000047683716,2.400000095367432,,1058900
2025-11-28,2.400000095367432,2.4100000858306885,2.3399999141693115,2.4100000858306885,,1014500
2025-12-01,2.369999885559082,2.380000114440918,2.1600000858306885,2.190000057220459,,1681400
2025-12-02,2.190000057220459,2.2300000190734863,2.0899999141693115,2.109999895095825,,1940800
2025-12-03,2.140000104904175,2.369999885559082,2.119999885559082,2.365000009536743,,1955500
2025-12-04,2.3499999046325684,2.490000009536743,2.32699990272522,2.430000066757202,,1574300
2025-12-05,2.450000047683716,2.5,2.380000114440918,2.4200000762939453,,1354600
2025-12-08,2.450000047683716,2.507999897003174,2.365000009536743,2.4200000762939453,,1091700
2025-12-09,2.4100000858306885,2.486000061035156,2.359999895095825,2.440000057220459,,1192100
2025-12-10,2.430000066757202,2.664999961853028,2.359999895095825,2.5999999046325684,,2473400
2025-12-11,2.609999895095825,2.700000047683716,2.450000047683716,2.559999942779541,,2132500
2025-12-12,2.569999933242798,2.5999999046325684,2.4649999141693115,2.5299999713897705,,2268200
2025-12-15,2.549999952316284,2.569999933242798,2.400000095367432,2.440000057220459,,1769300
2025-12-16,2.4600000381469727,2.5850000381469727,2.424999952316284,2.509999990463257,,1349100
2025-12-17,2.5199999809265137,2.609999895095825,2.3550000190734863,2.369999885559082,,1935500
2025-12-18,2.4100000858306885,2.509999990463257,2.3299999237060547,2.3499999046325684,,2103300
2025-12-19,2.369999885559082,2.4600000381469727,2.3399999141693115,2.3399999141693115,,2481200
2025-12-22,2.359999895095825,2.438999891281128,2.3299999237060547,2.3299999237060547,,1520700
2025-12-23,2.309999942779541,2.3299999237060547,2.119999885559082,2.190000057220459,,2533200
2025-12-24,2.1700000762939453,2.240000009536743,2.1700000762939453,2.2100000381469727,,702300
2025-12-26,2.200000047683716,2.200000047683716,2.13100004196167,2.1700000762939453,,1260700
2025-12-29,2.130000114440918,2.1449999809265137,2.049999952316284,2.0999999046325684,,2009400
2025-12-30,2.0899999141693115,2.130000114440918,2.0199999809265137,2.039999961853028,,1663300
2025-12-31,2.039999961853028,2.0899999141693115,2.0199999809265137,2.049999952316284,,1709700
2026-01-02,2.059999942779541,2.0799999237060547,1.9700000286102293,2.049999952316284,,2073800
2026-01-05,2.059999942779541,2.119999885559082,1.950000047683716,1.9900000095367432,,2199900
2026-01-06,2.009999990463257,2.150000095367432,1.995000004768372,2.140000104904175,,2394800
2026-01-07,2.1600000858306885,2.240000009536743,2.130000114440918,2.1600000858306885,,2724400
2026-01-08,2.150000095367432,2.150000095367432,2.069999933242798,2.140000104904175,,1234300
2026-01-09,2.1600000858306885,2.200000047683716,2.059999942779541,2.069999933242798,,1068700
2026-01-12,2.0999999046325684,2.140000104904175,1.9900000095367432,2.130000114440918,,1866900
2026-01-13,2.130000114440918,2.1419999599456787,2.0409998893737797,2.0899999141693115,,1322900
2026-01-14,2.109999895095825,2.275000095367432,2.072000026702881,2.220000028610229,,2925100
2026-01-15,2.220000028610229,2.220000028610229,2.055000066757202,2.0899999141693115,,1923500
2026-01-16,2.0999999046325684,2.1050000190734863,2.0,2.0299999713897705,,2201500
2026-01-20,1.9900000095367432,2.059999942779541,1.9210000038146973,2.0199999809265137,,1739000
2026-01-21,2.0199999809265137,2.119999885559082,2.0199999809265137,2.119999885559082,,1992500
2026-01-22,2.140000104904175,2.430000066757202,2.109999895095825,2.380000114440918,,3566800
2026-01-23,2.380000114440918,2.390000104904175,2.150000095367432,2.1600000858306885,,2248500
2026-01-26,2.1600000858306885,2.1600000858306885,2.049999952316284,2.059999942779541,,1377300
2026-01-27,2.0799999237060547,2.1700000762939453,2.059999942779541,2.109999895095825,,1276800
2026-01-28,2.130000114440918,2.134999990463257,2.0199999809265137,2.059999942779541,,1369100
2026-01-29,2.049999952316284,2.109999895095825,2.009999990463257,2.059999942779541,,1325300
2026-01-30,2.0299999713897705,2.065000057220459,1.919999957084656,1.9900000095367432,,1725500
2026-02-02,1.9900000095367432,2.069999933242798,1.950000047683716,2.009999990463257,,1544600
2026-02-03,2.0199999809265137,2.109999895095825,1.965000033378601,2.059999942779541,,1633600
2026-02-04,2.059999942779541,2.065000057220459,1.9299999475479128,1.950000047683716,,1364200
2026-02-05,1.919999957084656,1.950000047683716,1.659999966621399,1.6649999618530271,,2224800
2026-02-06,1.7799999713897705,1.8450000286102293,1.7300000190734863,1.8200000524520876,,1930400
2026-02-09,1.7899999618530271,1.830000042915344,1.7400000095367432,1.809999942779541,,1026000
2026-02-10,1.8200000524520876,1.840000033378601,1.7699999809265137,1.7799999713897705,,1228400
2026-02-11,1.7899999618530271,1.809999942779541,1.7000000476837158,1.7699999809265137,,963300
2026-02-12,1.809999942779541,1.809999942779541,1.6699999570846558,1.6799999475479126,,1550300
2026-02-13,1.7000000476837158,1.8270000219345093,1.690000057220459,1.7599999904632568,,1330200
2026-02-17,1.75,1.7899999618530271,1.7050000429153442,1.7400000095367432,,665800
2026-02-18,1.7200000286102295,1.7599999904632568,1.6950000524520874,1.7200000286102295,,984000
2026-02-19,1.7100000381469729,1.815000057220459,1.6699999570846558,1.809999942779541,,1486000
2026-02-20,1.7899999618530271,1.7999999523162842,1.7200000286102295,1.7899999618530271,,1534200
2026-02-23,1.7699999809265137,1.909999966621399,1.7599999904632568,1.8899999856948853,,1446900
2026-02-24,1.909999966621399,2.289999961853028,1.909999966621399,2.109999895095825,,3608000
2026-02-25,2.150000095367432,2.2300000190734863,2.0899999141693115,2.130000114440918,,1613600
2026-02-26,2.130000114440918,2.2149999141693115,2.049999952316284,2.180000066757202,,2131900
2026-02-27,2.109999895095825,2.2850000858306885,2.109999895095825,2.200000047683716,,1946800
2026-03-02,2.0799999237060547,2.194999933242798,2.069999933242798,2.150000095367432,,1043100
2026-03-03,2.059999942779541,2.095000028610229,1.9700000286102293,2.039999961853028,,1574400
2026-03-04,2.049999952316284,2.2799999713897705,2.025000095367432,2.190000057220459,,2117500
2026-03-05,2.174999952316284,2.174999952316284,1.8899999856948853,1.8949999809265137,,1830600
2026-03-06,1.8799999952316284,2.039999961853028,1.8200000524520876,2.0,,2269700
2026-03-09,1.9800000190734863,2.470000028610229,1.975000023841858,2.319999933242798,,4948200
2026-03-10,2.4100000858306885,2.765000104904175,2.369999885559082,2.640000104904175,,4401700
2026-03-11,2.609999895095825,2.700000047683716,2.549999952316284,2.6600000858306885,,1971000
2026-03-12,2.5999999046325684,2.640000104904175,2.4600000381469727,2.539999961853028,,1518000
2026-03-13,2.5999999046325684,2.640000104904175,2.4149999618530273,2.440000057220459,,1196794
