Date,open,high,low,close,adj close,volume
2005-11-09,11.53499984741211,12.5,11.53499984741211,12.5,9.364526748657228,1200
2005-11-10,12.5,12.5,12.5,12.5,9.364526748657228,0
2005-11-11,12.31999969482422,12.31999969482422,12.31999969482422,12.31999969482422,9.229680061340332,200
2005-11-14,12.0,12.0,12.0,12.0,8.989947319030762,1800
2005-11-15,12.0,12.0,12.0,12.0,8.989947319030762,0
2005-11-16,12.0,12.0,12.0,12.0,8.989947319030762,0
2005-11-17,11.994999885559082,11.994999885559082,11.875,11.875,8.896299362182617,400
2005-11-18,11.875,11.875,11.875,11.875,8.896299362182617,0
2005-11-21,11.875,11.875,11.875,11.875,8.896299362182617,0
2005-11-22,12.0,12.0,12.0,12.0,8.989947319030762,2000
2005-11-23,12.0,12.0,12.0,12.0,8.989947319030762,1800
2005-11-25,12.0,12.0,12.0,12.0,8.989947319030762,0
2005-11-28,12.0,12.0,12.0,12.0,8.989947319030762,0
2005-11-29,12.0,12.0,12.0,12.0,8.989947319030762,0
2005-11-30,12.0,12.0,12.0,12.0,8.989947319030762,0
2005-12-01,12.0,12.024999618530272,11.875,11.875,8.896299362182617,2200
2005-12-02,11.875,11.875,11.875,11.875,8.896299362182617,0
2005-12-05,11.875,11.875,11.875,11.875,8.896299362182617,200
2005-12-06,11.994999885559082,11.994999885559082,11.925000190734863,11.925000190734863,8.933759689331055,5000
2005-12-07,11.925000190734863,11.925000190734863,11.925000190734863,11.925000190734863,8.933759689331055,0
2005-12-08,11.925000190734863,11.925000190734863,11.925000190734863,11.925000190734863,8.933759689331055,0
2005-12-09,12.0,12.0,12.0,12.0,8.989947319030762,7600
2005-12-12,12.050000190734863,12.050000190734863,12.050000190734863,12.050000190734863,9.02740478515625,10000
2005-12-13,12.024999618530272,12.024999618530272,12.024999618530272,12.024999618530272,9.008678436279297,600
2005-12-14,12.029999732971191,12.029999732971191,12.029999732971191,12.029999732971191,9.01241970062256,200
2005-12-15,12.375,12.375,12.0,12.0,8.989947319030762,1000
2005-12-16,12.0,12.0,11.899999618530272,11.899999618530272,8.915032386779785,5000
2005-12-19,11.899999618530272,11.899999618530272,11.899999618530272,11.899999618530272,8.915032386779785,0
2005-12-20,11.949999809265137,11.949999809265137,11.899999618530272,11.899999618530272,8.915032386779785,2800
2005-12-21,11.899999618530272,11.899999618530272,11.899999618530272,11.899999618530272,8.915032386779785,0
2005-12-22,11.899999618530272,11.899999618530272,11.899999618530272,11.899999618530272,8.915032386779785,200
2005-12-23,11.899999618530272,11.899999618530272,11.899999618530272,11.899999618530272,8.915032386779785,0
2005-12-27,11.899999618530272,11.899999618530272,11.899999618530272,11.899999618530272,8.915032386779785,0
2005-12-28,11.90999984741211,11.90999984741211,11.90999984741211,11.90999984741211,8.945069313049316,1000
2005-12-29,11.899999618530272,11.899999618530272,11.899999618530272,11.899999618530272,8.937561988830566,200
2005-12-30,11.899999618530272,12.0,11.850000381469728,11.850000381469728,8.900010108947754,4400
2006-01-03,11.75,11.75,11.75,11.75,8.824906349182129,200
2006-01-04,11.75,11.75,11.75,11.75,8.824906349182129,0
2006-01-05,11.899999618530272,12.0,11.899999618530272,12.0,9.012666702270508,13800
2006-01-06,11.899999618530272,11.899999618530272,11.899999618530272,11.899999618530272,8.937561988830566,2000
2006-01-09,11.899999618530272,11.899999618530272,11.899999618530272,11.899999618530272,8.937561988830566,0
2006-01-10,11.899999618530272,11.899999618530272,11.899999618530272,11.899999618530272,8.937561988830566,0
2006-01-11,11.899999618530272,11.899999618530272,11.899999618530272,11.899999618530272,8.937561988830566,0
2006-01-12,11.899999618530272,11.899999618530272,11.899999618530272,11.899999618530272,8.937561988830566,0
2006-01-13,11.899999618530272,11.899999618530272,11.899999618530272,11.899999618530272,8.937561988830566,0
2006-01-17,11.899999618530272,11.899999618530272,11.899999618530272,11.899999618530272,8.937561988830566,0
2006-01-18,11.899999618530272,11.899999618530272,11.899999618530272,11.899999618530272,8.937561988830566,0
2006-01-19,11.6899995803833,11.875,11.6899995803833,11.875,8.918784141540527,400
2006-01-20,11.875,11.875,11.875,11.875,8.918784141540527,0
2006-01-23,11.875,11.875,11.875,11.875,8.918784141540527,0
2006-01-24,11.875,11.875,11.875,11.875,8.918784141540527,0
2006-01-25,11.75,11.75,11.75,11.75,8.824906349182129,1000
2006-01-26,11.6899995803833,11.6899995803833,11.6899995803833,11.6899995803833,8.779838562011719,200
2006-01-27,11.6899995803833,11.6899995803833,11.6899995803833,11.6899995803833,8.779838562011719,0
2006-01-30,11.630000114440918,11.630000114440918,11.630000114440918,11.630000114440918,8.73477840423584,400
2006-01-31,11.75,11.75,11.510000228881836,11.515000343322754,8.648405075073242,3600
2006-02-01,11.515000343322754,11.515000343322754,11.515000343322754,11.515000343322754,8.648405075073242,0
2006-02-02,11.5,11.5,11.5,11.5,8.637140274047852,400
2006-02-03,11.5,11.5,11.5,11.5,8.637140274047852,0
2006-02-06,11.5,11.5,11.5,11.5,8.637140274047852,0
2006-02-07,11.329999923706056,11.329999923706056,11.270000457763672,11.270000457763672,8.464394569396973,800
2006-02-08,11.270000457763672,11.274999618530272,11.270000457763672,11.274999618530272,8.46815299987793,800
2006-02-09,11.270000457763672,11.270000457763672,11.270000457763672,11.270000457763672,8.464394569396973,10000
2006-02-10,11.270000457763672,11.270000457763672,11.270000457763672,11.270000457763672,8.464394569396973,0
2006-02-13,11.25,11.25,11.25,11.25,8.449376106262207,200
2006-02-14,11.140000343322754,11.140000343322754,11.140000343322754,11.140000343322754,8.36676025390625,400
2006-02-15,11.154999732971191,11.154999732971191,11.154999732971191,11.154999732971191,8.37802505493164,400
2006-02-16,11.125,11.125,11.125,11.125,8.35549545288086,400
2006-02-17,11.244999885559082,11.244999885559082,11.244999885559082,11.244999885559082,8.445618629455566,2000
2006-02-21,11.244999885559082,11.244999885559082,11.244999885559082,11.244999885559082,8.445618629455566,0
2006-02-22,11.244999885559082,11.244999885559082,11.244999885559082,11.244999885559082,8.445618629455566,0
2006-02-23,11.145000457763672,11.145000457763672,11.005000114440918,11.100000381469728,8.336719512939453,2600
2006-02-24,11.100000381469728,11.100000381469728,11.100000381469728,11.100000381469728,8.336719512939453,2000
2006-02-27,11.100000381469728,11.100000381469728,11.100000381469728,11.100000381469728,8.336719512939453,0
2006-02-28,11.100000381469728,11.100000381469728,11.100000381469728,11.100000381469728,8.336719512939453,0
2006-03-01,11.100000381469728,11.100000381469728,11.100000381469728,11.100000381469728,8.336719512939453,8800
2006-03-02,11.100000381469728,11.100000381469728,11.100000381469728,11.100000381469728,8.336719512939453,2200
2006-03-03,11.100000381469728,11.100000381469728,11.100000381469728,11.100000381469728,8.336719512939453,0
2006-03-06,11.100000381469728,11.100000381469728,11.095000267028809,11.100000381469728,8.336719512939453,10600
2006-03-07,11.100000381469728,11.100000381469728,11.100000381469728,11.100000381469728,8.336719512939453,0
2006-03-08,11.100000381469728,11.100000381469728,11.100000381469728,11.100000381469728,8.336719512939453,0
2006-03-09,11.100000381469728,11.100000381469728,11.100000381469728,11.100000381469728,8.336719512939453,0
2006-03-10,11.100000381469728,11.100000381469728,11.100000381469728,11.100000381469728,8.336719512939453,0
2006-03-13,11.100000381469728,11.100000381469728,11.100000381469728,11.100000381469728,8.336719512939453,0
2006-03-14,11.074999809265137,11.074999809265137,11.050000190734863,11.050000190734863,8.299163818359375,4200
2006-03-15,11.050000190734863,11.050000190734863,11.050000190734863,11.050000190734863,8.299163818359375,8000
2006-03-16,11.0,11.045000076293944,11.0,11.0,8.261612892150879,4800
2006-03-17,10.880000114440918,11.100000381469728,10.75,11.0,8.261612892150879,53800
2006-03-20,11.0,11.0,11.0,11.0,8.261612892150879,1000
2006-03-21,11.0,11.0,11.0,11.0,8.261612892150879,0
2006-03-22,11.239999771118164,11.244999885559082,11.239999771118164,11.244999885559082,8.445618629455566,600
2006-03-23,11.604999542236328,11.604999542236328,11.604999542236328,11.604999542236328,8.7160005569458,200
2006-03-24,11.625,11.625,11.625,11.625,8.731021881103516,33400
2006-03-27,11.625,11.625,11.625,11.625,8.731021881103516,0
2006-03-28,11.75,11.75,11.75,11.75,8.824906349182129,2200
2006-03-29,11.875,11.875,11.875,11.875,8.941614151000977,200
2006-03-30,11.875,11.875,11.869999885559082,11.869999885559082,8.937853813171387,800
2006-03-31,11.869999885559082,11.869999885559082,11.869999885559082,11.869999885559082,8.937853813171387,0
2006-04-03,11.75,11.75,11.75,11.75,8.847495079040527,400
2006-04-04,11.725000381469728,11.725000381469728,11.725000381469728,11.725000381469728,8.828668594360352,3200
2006-04-05,11.725000381469728,11.725000381469728,11.725000381469728,11.725000381469728,8.828668594360352,0
2006-04-06,11.725000381469728,11.725000381469728,11.725000381469728,11.725000381469728,8.828668594360352,0
2006-04-07,11.725000381469728,11.725000381469728,11.725000381469728,11.725000381469728,8.828668594360352,0
2006-04-10,11.725000381469728,11.75,11.725000381469728,11.75,8.847495079040527,6600
2006-04-11,11.75,11.75,11.75,11.75,8.847495079040527,0
2006-04-12,11.859999656677246,11.875,11.800000190734863,11.800000190734863,8.885143280029297,56600
2006-04-13,11.75,11.875,11.75,11.875,8.941614151000977,800
2006-04-17,11.875,11.875,11.875,11.875,8.941614151000977,0
2006-04-18,11.75,11.75,11.75,11.75,8.847495079040527,2000
2006-04-19,11.75,11.75,11.75,11.75,8.847495079040527,0
2006-04-20,11.75,11.75,11.75,11.75,8.847495079040527,3400
2006-04-21,11.75,11.75,11.75,11.75,8.847495079040527,0
2006-04-24,11.75,11.75,11.75,11.75,8.847495079040527,0
2006-04-25,11.75,11.75,11.75,11.75,8.847495079040527,0
2006-04-26,11.75,11.75,11.75,11.75,8.847495079040527,0
2006-04-27,11.869999885559082,11.869999885559082,11.824999809265137,11.824999809265137,8.90396785736084,2600
2006-04-28,11.824999809265137,11.824999809265137,11.800000190734863,11.800000190734863,8.885143280029297,3800
2006-05-01,11.800000190734863,11.800000190734863,11.800000190734863,11.800000190734863,8.885143280029297,0
2006-05-02,11.824999809265137,11.824999809265137,11.75,11.75,8.847495079040527,2600
2006-05-03,11.75,11.75,11.75,11.75,8.847495079040527,0
2006-05-04,11.824999809265137,11.925000190734863,11.795000076293944,11.795000076293944,8.881377220153809,7200
2006-05-05,11.925000190734863,12.0,11.875,12.0,9.035737991333008,3400
2006-05-08,12.0,12.050000190734863,12.0,12.050000190734863,9.073386192321776,600
2006-05-09,12.050000190734863,12.050000190734863,12.050000190734863,12.050000190734863,9.073386192321776,0
2006-05-10,12.050000190734863,12.385000228881836,12.050000190734863,12.385000228881836,9.325631141662598,2000
2006-05-11,12.420000076293944,12.420000076293944,12.149999618530272,12.369999885559082,9.314340591430664,5200
2006-05-12,12.25,12.25,12.25,12.25,9.223981857299805,2800
2006-05-15,12.005000114440918,12.25,12.005000114440918,12.25,9.223981857299805,5000
2006-05-16,12.25,12.25,12.25,12.25,9.223981857299805,0
2006-05-17,12.225000381469728,12.25,12.225000381469728,12.25,9.223981857299805,3200
2006-05-18,12.015000343322754,12.039999961853027,11.515000343322754,11.664999961853027,8.783491134643555,6600
2006-05-19,11.989999771118164,11.994999885559082,11.75,11.994999885559082,9.031973838806152,1400
2006-05-22,12.0,12.085000038146973,12.0,12.085000038146973,9.099738121032717,1200
2006-05-23,12.0,12.0,12.0,12.0,9.035737991333008,800
2006-05-24,12.0,12.0,12.0,12.0,9.035737991333008,0
2006-05-25,12.0,12.0,11.380000114440918,11.774999618530272,8.866320610046387,6000
2006-05-26,11.774999618530272,11.774999618530272,11.774999618530272,11.774999618530272,8.866320610046387,0
2006-05-30,11.755000114440918,11.755000114440918,11.649999618530272,11.75,8.847495079040527,3600
2006-05-31,11.774999618530272,11.774999618530272,11.75,11.75,8.847495079040527,2000
2006-06-01,11.774999618530272,11.774999618530272,11.75,11.75,8.847495079040527,1000
2006-06-02,11.75,11.850000381469728,11.75,11.75,8.847495079040527,6200
2006-06-05,11.75,11.75,11.75,11.75,8.847495079040527,1400
2006-06-06,11.75,11.75,11.75,11.75,8.847495079040527,400
2006-06-07,11.75,11.75,11.75,11.75,8.847495079040527,400
2006-06-08,11.699999809265137,11.875,11.699999809265137,11.875,8.941614151000977,2600
2006-06-09,11.875,11.875,11.875,11.875,8.941614151000977,0
2006-06-12,11.994999885559082,12.024999618530272,11.875,11.920000076293944,8.97549819946289,3000
2006-06-13,11.789999961853027,12.024999618530272,11.789999961853027,12.024999618530272,9.054564476013184,1200
2006-06-14,12.024999618530272,12.024999618530272,12.024999618530272,12.024999618530272,9.054564476013184,0
2006-06-15,11.725000381469728,12.024999618530272,11.725000381469728,12.0,9.035737991333008,94400
2006-06-16,11.75,12.0,11.625,12.0,9.035737991333008,5200
2006-06-19,12.0,12.0,12.0,12.0,9.035737991333008,0
2006-06-20,11.850000381469728,12.0,11.850000381469728,12.0,9.035737991333008,1000
2006-06-21,11.8100004196167,12.0,11.8100004196167,12.0,9.035737991333008,1000
2006-06-22,12.0,12.0,12.0,12.0,9.035737991333008,0
2006-06-23,12.0,12.0,12.0,12.0,9.035737991333008,0
2006-06-26,12.0,12.0,12.0,12.0,9.035737991333008,0
2006-06-27,11.975000381469728,12.0,11.975000381469728,12.0,9.035737991333008,1800
2006-06-28,12.0,12.0,12.0,12.0,9.058382034301758,0
2006-06-29,12.0,12.0,12.0,12.0,9.058382034301758,0
2006-06-30,11.975000381469728,12.25,11.975000381469728,12.0,9.058382034301758,6000
2006-07-03,12.0,12.0,12.0,12.0,9.058382034301758,0
2006-07-05,12.0,12.0,12.0,12.0,9.058382034301758,0
2006-07-06,12.125,12.25,12.125,12.25,9.24710178375244,2000
2006-07-07,12.25,12.25,12.25,12.25,9.24710178375244,0
2006-07-10,12.25,12.25,12.25,12.25,9.24710178375244,0
2006-07-11,12.25,12.25,12.25,12.25,9.24710178375244,0
2006-07-12,12.25,12.25,12.25,12.25,9.24710178375244,0
2006-07-13,12.25,12.25,12.25,12.25,9.24710178375244,1800
2006-07-14,12.0,12.0,11.75,11.765000343322754,8.880993843078613,1600
2006-07-17,11.994999885559082,12.0,11.75,11.75,8.869668960571289,2600
2006-07-18,11.75,11.75,11.75,11.75,8.869668960571289,0
2006-07-19,11.75,11.75,11.600000381469728,11.600000381469728,8.756437301635742,3600
2006-07-20,11.604999542236328,11.604999542236328,11.604999542236328,11.604999542236328,8.760213851928711,800
2006-07-21,11.604999542236328,11.604999542236328,11.604999542236328,11.604999542236328,8.760213851928711,0
2006-07-24,11.604999542236328,11.604999542236328,11.604999542236328,11.604999542236328,8.760213851928711,0
2006-07-25,12.234999656677246,12.239999771118164,12.234999656677246,12.239999771118164,9.239550590515137,2000
2006-07-26,12.0,12.0,12.0,12.0,9.058382034301758,200
2006-07-27,12.149999618530272,12.149999618530272,11.975000381469728,11.975000381469728,9.03951358795166,2200
2006-07-28,12.25,12.25,11.520000457763672,11.55500030517578,8.722469329833984,4800
2006-07-31,11.5,11.5,11.414999961853027,11.414999961853027,8.616788864135742,800
2006-08-01,11.744999885559082,11.744999885559082,11.744999885559082,11.744999885559082,8.865890502929688,200
2006-08-02,11.625,11.625,11.625,11.625,8.775310516357422,2000
2006-08-03,11.625,11.625,11.625,11.625,8.775310516357422,0
2006-08-04,11.625,11.625,11.625,11.625,8.775310516357422,2000
2006-08-07,11.625,11.625,11.625,11.625,8.775310516357422,0
2006-08-08,11.75,11.75,11.619999885559082,11.625,8.775310516357422,2400
2006-08-09,11.625,11.625,11.625,11.625,8.775310516357422,0
2006-08-10,11.375,11.375,11.25,11.25,8.492236137390137,3000
2006-08-11,11.625,11.625,11.25,11.25,8.492236137390137,3000
2006-08-14,11.25,11.25,11.25,11.25,8.492236137390137,0
2006-08-15,11.25,11.25,11.25,11.25,8.492236137390137,0
2006-08-16,11.25,11.25,11.25,11.25,8.492236137390137,0
2006-08-17,11.25,11.25,11.25,11.25,8.492236137390137,0
2006-08-18,11.25,11.25,11.25,11.25,8.492236137390137,0
2006-08-21,11.625,11.625,11.625,11.625,8.775310516357422,400
2006-08-22,11.625,11.625,11.625,11.625,8.775310516357422,0
2006-08-23,11.454999923706056,11.454999923706056,11.454999923706056,11.454999923706056,8.646978378295898,400
2006-08-24,11.454999923706056,11.454999923706056,11.454999923706056,11.454999923706056,8.646978378295898,0
2006-08-25,11.454999923706056,11.454999923706056,11.454999923706056,11.454999923706056,8.646978378295898,0
2006-08-28,11.244999885559082,11.244999885559082,11.244999885559082,11.244999885559082,8.488458633422852,200
2006-08-29,11.244999885559082,11.244999885559082,11.244999885559082,11.244999885559082,8.488458633422852,0
2006-08-30,11.244999885559082,11.244999885559082,11.244999885559082,11.244999885559082,8.488458633422852,0
2006-08-31,11.625,11.625,11.625,11.625,8.775310516357422,1400
2006-09-01,11.225000381469728,11.494999885559082,11.010000228881836,11.494999885559082,8.67717456817627,10400
2006-09-05,11.114999771118164,11.119999885559082,11.114999771118164,11.119999885559082,8.394100189208984,2000
2006-09-06,11.125,11.625,11.125,11.625,8.775310516357422,3800
2006-09-07,11.625,11.625,11.625,11.625,8.775310516357422,0
2006-09-08,11.024999618530272,11.024999618530272,11.024999618530272,11.024999618530272,8.322389602661133,2000
2006-09-11,11.024999618530272,11.024999618530272,11.024999618530272,11.024999618530272,8.322389602661133,0
2006-09-12,11.024999618530272,11.024999618530272,11.024999618530272,11.024999618530272,8.322389602661133,0
2006-09-13,11.024999618530272,11.024999618530272,11.024999618530272,11.024999618530272,8.322389602661133,0
2006-09-14,11.024999618530272,11.024999618530272,11.024999618530272,11.024999618530272,8.322389602661133,0
2006-09-15,11.024999618530272,11.024999618530272,11.024999618530272,11.024999618530272,8.322389602661133,0
2006-09-18,11.625,11.625,11.625,11.625,8.775310516357422,4000
2006-09-19,11.625,11.625,11.625,11.625,8.775310516357422,0
2006-09-20,11.625,11.625,11.625,11.625,8.775310516357422,0
2006-09-21,11.625,11.625,11.625,11.625,8.775310516357422,0
2006-09-22,11.625,11.625,11.625,11.625,8.775310516357422,0
2006-09-25,11.625,11.625,11.625,11.625,8.775310516357422,0
2006-09-26,11.475000381469728,11.475000381469728,11.425000190734863,11.425000190734863,8.624333381652832,600
2006-09-27,11.494999885559082,11.494999885559082,11.494999885559082,11.494999885559082,8.700018882751465,200
2006-09-28,11.494999885559082,11.494999885559082,11.494999885559082,11.494999885559082,8.700018882751465,0
2006-09-29,11.25,11.25,11.149999618530272,11.225000381469728,8.495674133300781,4600
2006-10-02,11.225000381469728,11.225000381469728,11.225000381469728,11.225000381469728,8.495674133300781,0
2006-10-03,11.225000381469728,11.225000381469728,11.225000381469728,11.225000381469728,8.495674133300781,0
2006-10-04,11.024999618530272,11.024999618530272,10.755000114440918,10.755000114440918,8.139949798583984,800
2006-10-05,11.149999618530272,11.175000190734863,11.0,11.024999618530272,8.34429931640625,6200
2006-10-06,11.024999618530272,11.024999618530272,11.024999618530272,11.024999618530272,8.34429931640625,0
2006-10-09,11.125,11.125,11.125,11.125,8.4199857711792,1000
2006-10-10,11.125,11.125,11.125,11.125,8.4199857711792,0
2006-10-11,11.125,11.125,11.125,11.125,8.4199857711792,0
2006-10-12,11.125,11.125,11.125,11.125,8.4199857711792,0
2006-10-13,11.125,11.125,11.125,11.125,8.4199857711792,0
2006-10-16,11.125,11.125,11.125,11.125,8.4199857711792,1000
2006-10-17,11.125,11.125,11.125,11.125,8.4199857711792,0
2006-10-18,11.125,11.125,11.125,11.125,8.4199857711792,0
2006-10-19,11.125,11.125,11.125,11.125,8.4199857711792,1200
2006-10-20,11.125,11.125,11.125,11.125,8.4199857711792,0
2006-10-23,11.125,11.125,11.125,11.125,8.4199857711792,0
2006-10-24,11.125,11.125,11.125,11.125,8.4199857711792,0
2006-10-25,11.125,11.125,11.125,11.125,8.4199857711792,0
2006-10-26,11.125,11.125,11.125,11.125,8.4199857711792,0
2006-10-27,11.125,11.125,11.125,11.125,8.4199857711792,0
2006-10-30,11.125,11.125,11.125,11.125,8.4199857711792,0
2006-10-31,11.125,11.125,11.125,11.125,8.4199857711792,3800
2006-11-01,11.125,11.125,11.125,11.125,8.4199857711792,0
2006-11-02,11.125,11.125,11.125,11.125,8.4199857711792,0
2006-11-03,11.050000190734863,11.050000190734863,11.050000190734863,11.050000190734863,8.363219261169434,800
2006-11-06,11.050000190734863,11.05500030517578,11.050000190734863,11.05500030517578,8.36700439453125,2000
2006-11-07,11.125,11.125,11.0649995803833,11.0649995803833,8.3745756149292,800
2006-11-08,11.119999885559082,11.130000114440918,11.119999885559082,11.125,8.4199857711792,7600
2006-11-09,11.125,11.130000114440918,11.125,11.125,8.4199857711792,4600
2006-11-10,11.074999809265137,11.074999809265137,11.074999809265137,11.074999809265137,8.382145881652832,400
2006-11-13,11.125,11.125,11.0,11.125,8.4199857711792,5200
2006-11-14,11.149999618530272,11.149999618530272,11.149999618530272,11.149999618530272,8.438907623291016,1000
2006-11-15,11.149999618530272,11.149999618530272,11.149999618530272,11.149999618530272,8.438907623291016,0
2006-11-16,11.149999618530272,11.149999618530272,11.149999618530272,11.149999618530272,8.438907623291016,0
2006-11-17,11.149999618530272,11.149999618530272,11.149999618530272,11.149999618530272,8.438907623291016,0
2006-11-20,11.109999656677246,11.255000114440918,11.109999656677246,11.19499969482422,8.472967147827148,2200
2006-11-21,11.484999656677246,11.484999656677246,11.390000343322754,11.395000457763672,8.624334335327148,2000
2006-11-22,11.395000457763672,11.395000457763672,11.395000457763672,11.395000457763672,8.624334335327148,0
2006-11-24,11.0,11.0,11.0,11.0,8.325379371643066,800
2006-11-27,11.109999656677246,11.109999656677246,11.109999656677246,11.109999656677246,8.408631324768066,200
2006-11-28,11.109999656677246,11.109999656677246,11.109999656677246,11.109999656677246,8.408631324768066,0
2006-11-29,11.109999656677246,11.109999656677246,11.109999656677246,11.109999656677246,8.408631324768066,0
2006-11-30,11.109999656677246,11.109999656677246,11.109999656677246,11.109999656677246,8.408631324768066,0
2006-12-01,11.199999809265137,11.199999809265137,11.199999809265137,11.199999809265137,8.476749420166016,9400
2006-12-04,11.199999809265137,11.199999809265137,11.199999809265137,11.199999809265137,8.476749420166016,0
2006-12-05,11.5,11.5,11.449999809265137,11.5,8.703805923461914,3400
2006-12-06,11.494999885559082,11.5,11.494999885559082,11.5,8.703805923461914,2400
2006-12-07,11.5,11.5,11.5,11.5,8.703805923461914,0
2006-12-08,11.5,11.5,11.5,11.5,8.703805923461914,0
2006-12-11,11.5,11.5,11.5,11.5,8.703805923461914,9000
2006-12-12,11.274999618530272,11.5,11.274999618530272,11.5,8.703805923461914,1200
2006-12-13,11.274999618530272,11.484999656677246,11.274999618530272,11.484999656677246,8.692455291748047,2400
2006-12-14,11.5,11.5,11.5,11.5,8.703805923461914,400
2006-12-15,11.25,11.295000076293944,11.25,11.295000076293944,8.548651695251465,1600
2006-12-18,11.295000076293944,11.295000076293944,11.295000076293944,11.295000076293944,8.548651695251465,0
2006-12-19,11.25,11.25,11.25,11.25,8.514594078063965,1400
2006-12-20,11.024999618530272,11.1850004196167,11.024999618530272,11.1850004196167,8.465394973754883,1600
2006-12-21,11.375,11.375,11.375,11.375,8.609196662902832,800
2006-12-22,11.375,11.375,11.375,11.375,8.609196662902832,0
2006-12-26,11.25,11.25,11.020000457763672,11.020000457763672,8.3405179977417,4400
2006-12-27,11.020000457763672,11.020000457763672,11.020000457763672,11.020000457763672,8.363285064697266,0
2006-12-28,11.244999885559082,11.244999885559082,11.244999885559082,11.244999885559082,8.534038543701172,1000
2006-12-29,11.25,11.414999961853027,11.100000381469728,11.414999961853027,8.663058280944824,6600
2007-01-03,11.109999656677246,11.335000038146973,11.109999656677246,11.335000038146973,8.602341651916504,400
2007-01-04,11.335000038146973,11.335000038146973,11.335000038146973,11.335000038146973,8.602341651916504,0
2007-01-05,11.335000038146973,11.335000038146973,11.335000038146973,11.335000038146973,8.602341651916504,0
2007-01-08,11.25,11.25,11.25,11.25,8.537837028503418,3200
2007-01-09,11.024999618530272,11.074999809265137,10.970000267028809,11.074999809265137,8.40502643585205,13600
2007-01-10,11.074999809265137,11.074999809265137,11.074999809265137,11.074999809265137,8.40502643585205,0
2007-01-11,10.925000190734863,10.925000190734863,10.899999618530272,10.899999618530272,8.272216796875,1800
2007-01-12,10.899999618530272,10.899999618530272,10.760000228881836,10.760000228881836,8.165966033935547,1200
2007-01-16,10.824999809265137,10.880000114440918,10.824999809265137,10.875,8.253241539001465,4400
2007-01-17,10.859999656677246,10.859999656677246,10.859999656677246,10.859999656677246,8.241857528686523,200
2007-01-18,11.114999771118164,11.114999771118164,10.744999885559082,10.760000228881836,8.165966033935547,3200
2007-01-19,10.94499969482422,10.94499969482422,10.94499969482422,10.94499969482422,8.306363105773926,200
2007-01-22,10.94499969482422,10.94499969482422,10.94499969482422,10.94499969482422,8.306363105773926,0
2007-01-23,11.0,11.0,10.96500015258789,10.96500015258789,8.321542739868164,1600
2007-01-24,10.994999885559082,10.994999885559082,10.9399995803833,10.9399995803833,8.302570343017578,4400
2007-01-25,10.9399995803833,10.9399995803833,10.9399995803833,10.9399995803833,8.302570343017578,0
2007-01-26,10.954999923706056,10.954999923706056,10.954999923706056,10.954999923706056,8.313953399658203,200
2007-01-29,10.949999809265137,10.949999809265137,10.829999923706056,10.835000038146973,8.222883224487305,8800
2007-01-30,10.859999656677246,10.859999656677246,10.75,10.75,8.158373832702637,1400
2007-01-31,10.765000343322754,10.765000343322754,10.720000267028809,10.75,8.158373832702637,800
2007-02-01,10.75,10.75,10.75,10.75,8.158373832702637,0
2007-02-02,10.75,10.75,10.75,10.75,8.158373832702637,0
2007-02-05,10.949999809265137,10.949999809265137,10.949999809265137,10.949999809265137,8.310157775878906,2000
2007-02-06,10.949999809265137,10.949999809265137,10.949999809265137,10.949999809265137,8.310157775878906,1000
2007-02-07,10.949999809265137,10.949999809265137,10.949999809265137,10.949999809265137,8.310157775878906,0
2007-02-08,10.765000343322754,10.770000457763672,10.630000114440918,10.630000114440918,8.067303657531738,3400
2007-02-09,10.630000114440918,10.630000114440918,10.630000114440918,10.630000114440918,8.067303657531738,0
2007-02-12,10.630000114440918,10.630000114440918,10.630000114440918,10.630000114440918,8.067303657531738,0
2007-02-13,10.94499969482422,11.0,10.94499969482422,11.0,8.34810733795166,5600
2007-02-14,11.0,11.0,11.0,11.0,8.34810733795166,0
2007-02-15,11.0,11.0,11.0,11.0,8.34810733795166,0
2007-02-16,11.0,11.0,11.0,11.0,8.34810733795166,0
2007-02-20,11.204999923706056,11.204999923706056,10.949999809265137,10.949999809265137,8.310157775878906,13000
2007-02-21,11.095000267028809,11.100000381469728,11.050000190734863,11.079999923706056,8.408818244934082,22400
2007-02-22,11.050000190734863,11.050000190734863,11.050000190734863,11.050000190734863,8.386048316955566,2000
2007-02-23,11.050000190734863,11.050000190734863,11.050000190734863,11.050000190734863,8.386048316955566,0
2007-02-26,11.050000190734863,11.149999618530272,11.050000190734863,11.149999618530272,8.461943626403809,2200
2007-02-27,11.149999618530272,11.149999618530272,11.100000381469728,11.100000381469728,8.42399787902832,1000
2007-02-28,11.095000267028809,11.095000267028809,11.024999618530272,11.024999618530272,8.367077827453613,2200
2007-03-01,11.024999618530272,11.024999618530272,11.024999618530272,11.024999618530272,8.367077827453613,0
2007-03-02,11.024999618530272,11.024999618530272,11.024999618530272,11.024999618530272,8.367077827453613,0
2007-03-05,11.039999961853027,11.05500030517578,11.024999618530272,11.024999618530272,8.367077827453613,1200
2007-03-06,11.024999618530272,11.024999618530272,11.024999618530272,11.024999618530272,8.367077827453613,0
2007-03-07,11.024999618530272,11.024999618530272,11.024999618530272,11.024999618530272,8.367077827453613,0
2007-03-08,11.024999618530272,11.024999618530272,11.024999618530272,11.024999618530272,8.367077827453613,3400
2007-03-09,11.119999885559082,11.130000114440918,11.024999618530272,11.029999732971191,8.370871543884277,7800
2007-03-12,11.039999961853027,11.039999961853027,10.96500015258789,11.0,8.34810733795166,2800
2007-03-13,11.0,11.050000190734863,11.0,11.050000190734863,8.386048316955566,22000
2007-03-14,11.03499984741211,11.045000076293944,11.0,11.0,8.34810733795166,8000
2007-03-15,11.015000343322754,11.015000343322754,11.0,11.0,8.34810733795166,7200
2007-03-16,11.135000228881836,11.135000228881836,11.135000228881836,11.135000228881836,8.450559616088867,600
2007-03-19,11.125,11.125,11.005000114440918,11.005000114440918,8.351899147033691,2800
2007-03-20,11.0,11.0,10.949999809265137,10.989999771118164,8.340519905090332,4200
2007-03-21,11.0,11.0,10.994999885559082,11.0,8.34810733795166,5400
2007-03-22,11.050000190734863,11.050000190734863,11.050000190734863,11.050000190734863,8.386048316955566,1000
2007-03-23,11.0,11.0649995803833,11.0,11.0649995803833,8.397436141967773,2400
2007-03-26,11.050000190734863,11.050000190734863,11.050000190734863,11.050000190734863,8.386048316955566,1000
2007-03-27,11.0,11.0,11.0,11.0,8.34810733795166,1000
2007-03-28,11.0,11.0,11.0,11.0,8.372844696044922,0
2007-03-29,11.095000267028809,11.100000381469728,11.095000267028809,11.100000381469728,8.448962211608887,2200
2007-03-30,11.15999984741211,11.25,11.130000114440918,11.25,8.563135147094727,3800
2007-04-02,11.25,11.25,11.25,11.25,8.563135147094727,0
2007-04-03,11.25,11.25,11.25,11.25,8.563135147094727,0
2007-04-04,11.25,11.25,11.25,11.25,8.563135147094727,400
2007-04-05,11.0,11.0,11.0,11.0,8.372844696044922,1000
2007-04-09,11.0,11.0,10.994999885559082,11.0,8.372844696044922,3000
2007-04-10,11.0,11.0,11.0,11.0,8.372844696044922,0
2007-04-11,11.0,11.0,11.0,11.0,8.372844696044922,0
2007-04-12,11.0,11.0,11.0,11.0,8.372844696044922,2000
2007-04-13,11.0,11.0,11.0,11.0,8.372844696044922,0
2007-04-16,11.0,11.0,11.0,11.0,8.372844696044922,0
2007-04-17,11.0,11.0,11.0,11.0,8.372844696044922,0
2007-04-18,11.0,11.0,11.0,11.0,8.372844696044922,0
2007-04-19,11.0,11.0,11.0,11.0,8.372844696044922,0
2007-04-20,10.800000190734863,10.800000190734863,10.75,10.75,8.182551383972168,1000
2007-04-23,10.75,10.75,10.75,10.75,8.182551383972168,0
2007-04-24,10.625,10.625,10.625,10.625,8.087409019470215,200
2007-04-25,10.654999732971191,10.664999961853027,10.654999732971191,10.65999984741211,8.114045143127441,600
2007-04-26,10.625,10.625,10.5,10.5,7.992260456085205,800
2007-04-27,10.520000457763672,10.984999656677246,10.520000457763672,10.520000457763672,8.007484436035156,1800
2007-04-30,10.515000343322754,10.515000343322754,10.5,10.5,7.992260456085205,1000
2007-05-01,10.625,10.625,10.625,10.625,8.087409019470215,400
2007-05-02,10.625,10.625,10.625,10.625,8.087409019470215,0
2007-05-03,10.625,10.625,10.625,10.625,8.087409019470215,0
2007-05-04,10.550000190734863,10.625,10.550000190734863,10.625,8.087409019470215,14200
2007-05-07,10.625,10.625,10.625,10.625,8.087409019470215,0
2007-05-08,10.5,10.5,10.260000228881836,10.274999618530272,7.820995807647705,5000
2007-05-09,10.274999618530272,10.274999618530272,10.274999618530272,10.274999618530272,7.820995807647705,0
2007-05-10,10.274999618530272,10.274999618530272,10.274999618530272,10.274999618530272,7.820995807647705,0
2007-05-11,10.324999809265137,10.324999809265137,10.225000381469728,10.300000190734863,7.840027332305908,22800
2007-05-14,10.199999809265137,10.265000343322754,10.199999809265137,10.265000343322754,7.813384056091309,1600
2007-05-15,10.265000343322754,10.265000343322754,10.265000343322754,10.265000343322754,7.813384056091309,0
2007-05-16,10.234999656677246,10.234999656677246,10.234999656677246,10.234999656677246,7.790551662445068,5000
2007-05-17,10.234999656677246,10.234999656677246,10.234999656677246,10.234999656677246,7.790551662445068,0
2007-05-18,10.5,10.600000381469728,10.260000228881836,10.59000015258789,8.060763359069824,12200
2007-05-21,10.574999809265137,10.600000381469728,10.574999809265137,10.574999809265137,8.049348831176758,1800
2007-05-22,10.574999809265137,10.574999809265137,10.5,10.5,7.992260456085205,2400
2007-05-23,10.5,10.524999618530272,10.5,10.524999618530272,8.01129150390625,2000
2007-05-24,10.524999618530272,10.524999618530272,10.524999618530272,10.524999618530272,8.01129150390625,0
2007-05-25,10.475000381469728,10.520000457763672,10.300000190734863,10.520000457763672,8.007484436035156,3200
2007-05-29,10.300000190734863,10.375,10.300000190734863,10.375,7.8971123695373535,3800
2007-05-30,10.350000381469728,10.364999771118164,10.350000381469728,10.354999542236328,7.881893634796143,14600
2007-05-31,10.494999885559082,10.84000015258789,10.494999885559082,10.55500030517578,8.034120559692383,18400
2007-06-01,10.55500030517578,10.55500030517578,10.55500030517578,10.55500030517578,8.034120559692383,0
2007-06-04,10.399999618530272,10.5,10.399999618530272,10.449999809265137,7.954204082489014,3600
2007-06-05,10.470000267028809,10.470000267028809,10.470000267028809,10.470000267028809,7.969424247741699,1200
2007-06-06,10.399999618530272,10.494999885559082,10.25,10.274999618530272,7.820995807647705,16400
2007-06-07,10.5,10.505000114440918,10.489999771118164,10.489999771118164,7.984645843505859,1400
2007-06-08,10.494999885559082,10.5,10.255000114440918,10.28499984741211,7.828606605529785,3000
2007-06-11,10.369999885559082,10.369999885559082,10.31999969482422,10.31999969482422,7.85524845123291,800
2007-06-12,10.324999809265137,10.324999809265137,10.324999809265137,10.324999809265137,7.8590569496154785,600
2007-06-13,10.239999771118164,10.239999771118164,10.199999809265137,10.199999809265137,7.763907432556152,1400
2007-06-14,10.225000381469728,10.300000190734863,10.210000038146973,10.210000038146973,7.771522045135498,1000
2007-06-15,10.375,10.375,9.75,9.899999618530272,7.53555965423584,58200
2007-06-18,9.914999961853027,10.0,9.914999961853027,9.949999809265137,7.573618412017822,1400
2007-06-19,9.949999809265137,9.949999809265137,9.949999809265137,9.949999809265137,7.573618412017822,0
2007-06-20,9.949999809265137,9.949999809265137,9.949999809265137,9.949999809265137,7.573618412017822,0
2007-06-21,9.93000030517578,10.050000190734863,9.925000190734863,9.989999771118164,7.604063510894775,2600
2007-06-22,9.975000381469728,9.975000381469728,9.975000381469728,9.975000381469728,7.592646598815918,200
2007-06-25,9.975000381469728,10.0,9.949999809265137,10.0,7.611678123474121,2000
2007-06-26,9.975000381469728,9.975000381469728,9.975000381469728,9.975000381469728,7.592646598815918,1000
2007-06-27,9.975000381469728,10.119999885559082,9.975000381469728,10.0,7.636556625366211,2000
2007-06-28,10.074999809265137,10.074999809265137,10.074999809265137,10.074999809265137,7.693832874298096,400
2007-06-29,10.229999542236328,10.229999542236328,10.229999542236328,10.229999542236328,7.812199115753174,200
2007-07-02,10.229999542236328,10.229999542236328,10.229999542236328,10.229999542236328,7.812199115753174,0
2007-07-03,10.085000038146973,10.09000015258789,10.074999809265137,10.074999809265137,7.693832874298096,3000
2007-07-05,10.100000381469728,10.100000381469728,10.095000267028809,10.100000381469728,7.712923049926758,1800
2007-07-06,10.100000381469728,10.100000381469728,10.100000381469728,10.100000381469728,7.712923049926758,0
2007-07-09,10.100000381469728,10.100000381469728,10.100000381469728,10.100000381469728,7.712923049926758,200
2007-07-10,10.100000381469728,10.100000381469728,10.100000381469728,10.100000381469728,7.712923049926758,0
2007-07-11,10.100000381469728,10.100000381469728,10.100000381469728,10.100000381469728,7.712923049926758,200
2007-07-12,10.079999923706056,10.079999923706056,9.994999885559082,9.994999885559082,7.632739067077637,6000
2007-07-13,9.994999885559082,9.994999885559082,9.994999885559082,9.994999885559082,7.632739067077637,0
2007-07-16,10.0,10.024999618530272,10.0,10.024999618530272,7.655648708343506,2200
2007-07-17,10.0,10.024999618530272,9.994999885559082,9.994999885559082,7.632739067077637,5600
2007-07-18,10.015000343322754,10.015000343322754,10.015000343322754,10.015000343322754,7.648010730743408,200
2007-07-19,10.015000343322754,10.015000343322754,10.015000343322754,10.015000343322754,7.648010730743408,0
2007-07-20,10.5,10.5,10.104999542236328,10.46500015258789,7.991657733917236,5200
2007-07-23,10.0,10.0,9.949999809265137,9.949999809265137,7.598373889923096,5400
2007-07-24,9.994999885559082,10.050000190734863,9.994999885559082,10.0,7.636556625366211,7200
2007-07-25,10.0,10.0,10.0,10.0,7.636556625366211,0
2007-07-26,10.0,10.0,9.375,9.5,7.254728317260742,10400
2007-07-27,9.625,9.625,9.449999809265137,9.479999542236328,7.239458084106445,2400
2007-07-30,9.350000381469728,9.545000076293944,9.350000381469728,9.53499984741211,7.281456470489502,3600
2007-07-31,9.510000228881836,9.53499984741211,9.5,9.53499984741211,7.281456470489502,1600
2007-08-01,9.53499984741211,9.53499984741211,9.53499984741211,9.53499984741211,7.281456470489502,0
2007-08-02,9.545000076293944,9.545000076293944,9.545000076293944,9.545000076293944,7.289096832275391,200
2007-08-03,9.545000076293944,9.545000076293944,9.545000076293944,9.545000076293944,7.289096832275391,0
2007-08-06,9.494999885559082,9.494999885559082,9.494999885559082,9.494999885559082,7.250911235809326,1000
2007-08-07,9.385000228881836,9.550000190734863,9.385000228881836,9.5,7.254728317260742,4200
2007-08-08,9.475000381469728,9.475000381469728,9.475000381469728,9.475000381469728,7.235638618469238,200
2007-08-09,9.5,9.5,9.449999809265137,9.449999809265137,7.216545104980469,800
2007-08-10,9.449999809265137,9.449999809265137,9.449999809265137,9.449999809265137,7.216545104980469,0
2007-08-13,9.25,9.25,9.25,9.25,7.063815593719482,200
2007-08-14,9.25,9.25,9.25,9.25,7.063815593719482,0
2007-08-15,9.399999618530272,9.399999618530272,9.350000381469728,9.385000228881836,7.166908264160156,1200
2007-08-16,9.385000228881836,9.385000228881836,9.385000228881836,9.385000228881836,7.166908264160156,0
2007-08-17,9.385000228881836,9.385000228881836,9.385000228881836,9.385000228881836,7.166908264160156,0
2007-08-20,8.850000381469727,8.850000381469727,8.850000381469727,8.850000381469727,6.758350849151611,200
2007-08-21,9.0,9.175000190734863,9.0,9.175000190734863,7.006539344787598,5600
2007-08-22,9.25,9.25,9.25,9.25,7.063815593719482,400
2007-08-23,9.125,9.125,9.125,9.125,6.96835994720459,200
2007-08-24,9.25,9.300000190734863,9.25,9.300000190734863,7.101999759674072,600
2007-08-27,9.300000190734863,9.395000457763672,9.300000190734863,9.300000190734863,7.101999759674072,1400
2007-08-28,9.324999809265137,9.324999809265137,9.300000190734863,9.300000190734863,7.101999759674072,1200
2007-08-29,9.300000190734863,9.625,9.300000190734863,9.625,7.350189208984375,2400
2007-08-30,9.324999809265137,9.494999885559082,9.324999809265137,9.324999809265137,7.121089935302734,1200
2007-08-31,9.199999809265137,9.199999809265137,9.199999809265137,9.199999809265137,7.025632381439209,200
2007-09-04,9.350000381469728,9.475000381469728,9.25,9.324999809265137,7.121089935302734,3600
2007-09-05,9.375,9.375,9.375,9.375,7.159273624420166,600
2007-09-06,9.25,9.25,9.25,9.25,7.063815593719482,200
2007-09-07,9.25,9.25,9.25,9.25,7.063815593719482,200
2007-09-10,9.239999771118164,9.239999771118164,9.239999771118164,9.239999771118164,7.056178092956543,400
2007-09-11,9.25,9.850000381469728,9.25,9.664999961853027,7.380731105804443,3400
2007-09-12,9.664999961853027,9.664999961853027,9.664999961853027,9.664999961853027,7.380731105804443,0
2007-09-13,9.550000190734863,9.574999809265137,9.550000190734863,9.574999809265137,7.312001705169678,800
2007-09-14,9.5,9.5,9.399999618530272,9.399999618530272,7.1783623695373535,800
2007-09-17,9.375,9.375,9.364999771118164,9.364999771118164,7.151636123657227,600
2007-09-18,9.375,9.375,9.369999885559082,9.369999885559082,7.15545654296875,400
2007-09-19,9.390000343322754,9.5,9.390000343322754,9.5,7.254728317260742,4200
2007-09-20,9.375,9.479999542236328,9.375,9.479999542236328,7.239458084106445,8200
2007-09-21,9.475000381469728,9.5,9.475000381469728,9.5,7.254728317260742,2600
2007-09-24,9.5,9.800000190734863,9.5,9.630000114440918,7.354008674621582,7200
2007-09-25,9.625,9.625,9.5,9.5,7.254728317260742,7200
2007-09-26,9.5,9.5,9.5,9.5,7.254728317260742,0
2007-09-27,9.5,9.5,9.5,9.5,7.27963399887085,2800
2007-09-28,9.505000114440918,9.625,9.5,9.625,7.3754191398620605,6600
2007-10-01,9.449999809265137,9.449999809265137,9.395000457763672,9.395000457763672,7.199174880981445,1000
2007-10-02,9.399999618530272,9.399999618530272,9.399999618530272,9.399999618530272,7.203004837036133,400
2007-10-03,9.390000343322754,9.390000343322754,9.300000190734863,9.300000190734863,7.126379013061523,4000
2007-10-04,9.34000015258789,9.350000381469728,9.225000381469728,9.350000381469728,7.1646928787231445,800
2007-10-05,9.25,9.25,9.21500015258789,9.25,7.088063716888428,2000
2007-10-08,9.25,9.25,9.0,9.0,6.896493434906006,3400
2007-10-09,9.045000076293944,9.045000076293944,8.960000038146973,8.96500015258789,6.869674682617188,5600
2007-10-10,9.015000343322754,9.015000343322754,9.0,9.0,6.896493434906006,1000
2007-10-11,8.994999885559082,8.994999885559082,8.994999885559082,8.994999885559082,6.892664432525635,800
2007-10-12,9.005000114440918,9.005000114440918,8.960000038146973,8.960000038146973,6.865843296051025,600
2007-10-15,8.960000038146973,8.960000038146973,8.960000038146973,8.960000038146973,6.865843296051025,0
2007-10-16,9.0,9.0,9.0,9.0,6.896493434906006,1200
2007-10-17,8.960000038146973,8.960000038146973,8.960000038146973,8.960000038146973,6.865843296051025,1200
2007-10-18,8.960000038146973,8.960000038146973,8.960000038146973,8.960000038146973,6.865843296051025,0
2007-10-19,8.960000038146973,8.960000038146973,8.960000038146973,8.960000038146973,6.865843296051025,0
2007-10-22,8.9399995803833,8.9399995803833,8.829999923706055,8.829999923706055,6.766227722167969,600
2007-10-23,8.829999923706055,8.829999923706055,8.829999923706055,8.829999923706055,6.766227722167969,0
2007-10-24,8.829999923706055,8.829999923706055,8.829999923706055,8.829999923706055,6.766227722167969,0
2007-10-25,8.829999923706055,8.829999923706055,8.829999923706055,8.829999923706055,6.766227722167969,0
2007-10-26,8.829999923706055,8.829999923706055,8.829999923706055,8.829999923706055,6.766227722167969,0
2007-10-29,8.960000038146973,9.539999961853027,8.960000038146973,8.960000038146973,6.865843296051025,11600
2007-10-30,8.960000038146973,8.960000038146973,8.960000038146973,8.960000038146973,6.865843296051025,0
2007-10-31,8.960000038146973,8.960000038146973,8.960000038146973,8.960000038146973,6.865843296051025,0
2007-11-01,9.25,9.25,9.125,9.125,6.99228048324585,4600
2007-11-02,9.25,9.524999618530272,9.244999885559082,9.524999618530272,7.29879093170166,5600
2007-11-05,9.524999618530272,9.524999618530272,9.524999618530272,9.524999618530272,7.29879093170166,0
2007-11-06,9.5,9.5,9.375,9.375,7.183850765228272,800
2007-11-07,9.375,9.380000114440918,9.375,9.375,7.183850765228272,5600
2007-11-08,9.375,9.375,9.375,9.375,7.183850765228272,0
2007-11-09,9.375,9.375,9.375,9.375,7.183850765228272,0
2007-11-12,9.375,9.375,9.375,9.375,7.183850765228272,0
2007-11-13,9.375,9.375,9.375,9.375,7.183850765228272,0
2007-11-14,9.375,9.375,9.375,9.375,7.183850765228272,0
2007-11-15,9.25,9.25,9.25,9.25,7.088063716888428,2000
2007-11-16,9.149999618530272,9.154999732971191,9.149999618530272,9.149999618530272,7.011435031890869,12200
2007-11-19,9.0,9.0,9.0,9.0,6.896493434906006,400
2007-11-20,9.0,9.0,8.875,8.949999809265137,6.858180999755859,6000
2007-11-21,8.949999809265137,8.949999809265137,8.949999809265137,8.949999809265137,6.858180999755859,0
2007-11-23,8.949999809265137,8.949999809265137,8.949999809265137,8.949999809265137,6.858180999755859,0
2007-11-26,8.994999885559082,9.44499969482422,8.994999885559082,9.225000381469728,7.06890344619751,5000
2007-11-27,9.149999618530272,9.5,9.149999618530272,9.5,7.27963399887085,1200
2007-11-28,9.75,9.75,9.0,9.0,6.896493434906006,98800
2007-11-29,9.125,9.125,9.125,9.125,6.99228048324585,600
2007-11-30,9.125,9.125,9.050000190734863,9.074999809265137,6.9539642333984375,3000
2007-12-03,9.104999542236328,9.104999542236328,9.050000190734863,9.050000190734863,6.934810161590576,1000
2007-12-04,9.050000190734863,9.050000190734863,9.050000190734863,9.050000190734863,6.934810161590576,0
2007-12-05,9.125,9.125,9.125,9.125,6.99228048324585,1200
2007-12-06,9.125,9.125,9.125,9.125,6.99228048324585,0
2007-12-07,9.125,9.125,9.125,9.125,6.99228048324585,0
2007-12-10,9.074999809265137,9.125,9.074999809265137,9.125,6.99228048324585,12200
2007-12-11,9.125,9.125,9.125,9.125,6.99228048324585,0
2007-12-12,9.074999809265137,9.074999809265137,9.074999809265137,9.074999809265137,6.9539642333984375,4600
2007-12-13,9.074999809265137,9.125,9.0,9.125,6.99228048324585,4800
2007-12-14,9.0,9.0,9.0,9.0,6.896493434906006,200
2007-12-17,9.0,9.0,9.0,9.0,6.896493434906006,0
2007-12-18,9.024999618530272,9.125,9.024999618530272,9.125,6.99228048324585,11800
2007-12-19,9.125,9.25,9.125,9.239999771118164,7.08040189743042,4200
2007-12-20,8.925000190734863,8.925000190734863,8.925000190734863,8.925000190734863,6.839022636413574,200
2007-12-21,9.25,9.25,8.949999809265137,9.170000076293944,7.026764392852783,2800
2007-12-24,9.0,9.005000114440918,9.0,9.0,6.896493434906006,15800
2007-12-26,9.0,9.0,9.0,9.0,6.896493434906006,0
2007-12-27,8.949999809265137,8.949999809265137,8.949999809265137,8.949999809265137,6.883035182952881,600
2007-12-28,8.550000190734863,8.869999885559082,8.539999961853027,8.869999885559082,6.821513652801514,13200
2007-12-31,8.949999809265137,9.0,8.744999885559082,8.75,6.729226112365723,2200
2008-01-02,8.75,8.75,8.75,8.75,6.729226112365723,0
2008-01-03,8.75,8.949999809265137,8.739999771118164,8.739999771118164,6.721536159515381,16400
2008-01-04,8.75,8.75,8.574999809265137,8.574999809265137,6.594638347625732,1400
2008-01-07,9.104999542236328,9.104999542236328,8.5,8.670000076293945,6.667699813842773,13000
2008-01-08,8.404999732971191,8.404999732971191,8.404999732971191,8.404999732971191,6.4638991355896,200
2008-01-09,8.630000114440918,8.630000114440918,8.545000076293945,8.545000076293945,6.571568965911865,400
2008-01-10,8.449999809265137,8.460000038146973,8.399999618530273,8.425000190734863,6.479282855987549,8600
2008-01-11,8.324999809265137,8.324999809265137,8.170000076293945,8.170000076293945,6.28317403793335,5200
2008-01-14,8.170000076293945,8.170000076293945,8.170000076293945,8.170000076293945,6.28317403793335,0
2008-01-15,7.949999809265137,7.949999809265137,7.949999809265137,7.949999809265137,6.113981246948242,600
2008-01-16,8.170000076293945,8.170000076293945,8.170000076293945,8.170000076293945,6.28317403793335,200
2008-01-17,8.0,8.0,8.0,8.0,6.152435302734375,1600
2008-01-18,8.0,8.0,8.0,8.0,6.152435302734375,0
2008-01-22,8.0,8.0,8.0,8.0,6.152435302734375,17200
2008-01-23,8.0,8.0,8.0,8.0,6.152435302734375,0
2008-01-24,8.0,8.0,8.0,8.0,6.152435302734375,0
2008-01-25,8.395000457763672,8.395000457763672,8.395000457763672,8.395000457763672,6.456211566925049,400
2008-01-28,8.395000457763672,8.395000457763672,8.395000457763672,8.395000457763672,6.456211566925049,0
2008-01-29,8.395000457763672,8.395000457763672,8.395000457763672,8.395000457763672,6.456211566925049,0
2008-01-30,8.395000457763672,8.395000457763672,8.395000457763672,8.395000457763672,6.456211566925049,0
2008-01-31,8.395000457763672,8.395000457763672,8.395000457763672,8.395000457763672,6.456211566925049,0
2008-02-01,8.020000457763672,8.649999618530273,8.020000457763672,8.345000267028809,6.417758941650391,2400
2008-02-04,8.345000267028809,8.345000267028809,8.345000267028809,8.345000267028809,6.417758941650391,0
2008-02-05,8.345000267028809,8.345000267028809,8.345000267028809,8.345000267028809,6.417758941650391,0
2008-02-06,7.949999809265137,7.949999809265137,7.949999809265137,7.949999809265137,6.113981246948242,4000
2008-02-07,8.0,8.25,8.0,8.25,6.344698429107666,1200
2008-02-08,8.25,8.25,8.25,8.25,6.344698429107666,1200
2008-02-11,8.25,8.25,8.25,8.25,6.344698429107666,0
2008-02-12,8.970000267028809,8.970000267028809,8.970000267028809,8.970000267028809,6.898416519165039,400
2008-02-13,8.970000267028809,8.970000267028809,8.970000267028809,8.970000267028809,6.898416519165039,0
2008-02-14,8.770000457763672,8.770000457763672,8.569999694824219,8.569999694824219,6.590795040130615,600
2008-02-15,8.569999694824219,8.569999694824219,8.569999694824219,8.569999694824219,6.590795040130615,0
2008-02-19,8.569999694824219,8.569999694824219,8.569999694824219,8.569999694824219,6.590795040130615,0
2008-02-20,8.5,8.5,8.375,8.375,6.440828800201416,4400
2008-02-21,8.375,8.375,8.375,8.375,6.440828800201416,0
2008-02-22,8.375,8.375,8.375,8.375,6.440828800201416,0
2008-02-25,8.375,8.375,8.375,8.375,6.440828800201416,5800
2008-02-26,8.609999656677246,8.625,8.375,8.5,6.536960124969482,10800
2008-02-27,8.510000228881836,8.625,8.5,8.625,6.63309383392334,1800
2008-02-28,8.625,8.625,8.625,8.625,6.63309383392334,0
2008-02-29,8.75,8.75,8.75,8.75,6.729226112365723,17800
2008-03-03,8.600000381469727,8.600000381469727,8.600000381469727,8.600000381469727,6.61386775970459,600
2008-03-04,8.5,8.5,8.5,8.5,6.536960124969482,400
2008-03-05,8.5,8.5,8.5,8.5,6.536960124969482,0
2008-03-06,8.5,8.5,8.5,8.5,6.536960124969482,0
2008-03-07,8.5,8.5,8.5,8.5,6.536960124969482,0
2008-03-10,8.524999618530273,8.524999618530273,8.524999618530273,8.524999618530273,6.556187152862549,800
2008-03-11,8.524999618530273,8.524999618530273,8.524999618530273,8.524999618530273,6.556187152862549,0
2008-03-12,8.625,8.625,8.625,8.625,6.63309383392334,1000
2008-03-13,8.625,8.75,8.625,8.75,6.729226112365723,3000
2008-03-14,8.875,8.899999618530273,8.875,8.899999618530273,6.844584465026856,13200
2008-03-17,8.899999618530273,8.899999618530273,8.899999618530273,8.899999618530273,6.844584465026856,0
2008-03-18,8.75,8.75,8.75,8.75,6.729226112365723,2000
2008-03-19,8.75,8.75,8.75,8.75,6.729226112365723,5000
2008-03-20,8.75,8.75,8.75,8.75,6.729226112365723,0
2008-03-24,8.5,8.75,8.5,8.75,6.729226112365723,1000
2008-03-25,8.75,8.75,8.75,8.75,6.729226112365723,0
2008-03-26,8.75,8.75,8.75,8.75,6.729226112365723,0
2008-03-27,8.75,8.75,8.75,8.75,6.729226112365723,0
2008-03-28,8.75,8.75,8.75,8.75,6.75624942779541,0
2008-03-31,8.75,8.75,8.75,8.75,6.75624942779541,1000
2008-04-01,8.75,8.75,8.75,8.75,6.75624942779541,0
2008-04-02,8.75,8.75,8.75,8.75,6.75624942779541,0
2008-04-03,8.75,8.75,8.75,8.75,6.75624942779541,0
2008-04-04,8.970000267028809,8.975000381469727,8.970000267028809,8.975000381469727,6.929982662200928,1200
2008-04-07,8.975000381469727,8.975000381469727,8.975000381469727,8.975000381469727,6.929982662200928,0
2008-04-08,8.975000381469727,8.975000381469727,8.975000381469727,8.975000381469727,6.929982662200928,0
2008-04-09,8.975000381469727,8.975000381469727,8.975000381469727,8.975000381469727,6.929982662200928,0
2008-04-10,8.975000381469727,8.975000381469727,8.975000381469727,8.975000381469727,6.929982662200928,0
2008-04-11,8.975000381469727,8.975000381469727,8.975000381469727,8.975000381469727,6.929982662200928,0
2008-04-14,8.975000381469727,8.975000381469727,8.975000381469727,8.975000381469727,6.929982662200928,0
2008-04-15,8.505000114440918,8.505000114440918,7.760000228881836,8.25,6.370180130004883,4000
2008-04-16,8.524999618530273,8.524999618530273,8.524999618530273,8.524999618530273,6.582517623901367,1000
2008-04-17,8.524999618530273,8.524999618530273,8.524999618530273,8.524999618530273,6.582517623901367,0
2008-04-18,8.524999618530273,8.524999618530273,8.524999618530273,8.524999618530273,6.582517623901367,0
2008-04-21,8.524999618530273,8.524999618530273,8.524999618530273,8.524999618530273,6.582517623901367,0
2008-04-22,8.524999618530273,8.524999618530273,8.524999618530273,8.524999618530273,6.582517623901367,0
2008-04-23,8.524999618530273,8.524999618530273,8.524999618530273,8.524999618530273,6.582517623901367,0
2008-04-24,8.524999618530273,8.524999618530273,8.524999618530273,8.524999618530273,6.582517623901367,0
2008-04-25,8.524999618530273,8.524999618530273,8.524999618530273,8.524999618530273,6.582517623901367,0
2008-04-28,8.524999618530273,8.524999618530273,8.524999618530273,8.524999618530273,6.582517623901367,0
2008-04-29,8.524999618530273,8.524999618530273,8.524999618530273,8.524999618530273,6.582517623901367,0
2008-04-30,8.524999618530273,8.524999618530273,8.524999618530273,8.524999618530273,6.582517623901367,0
2008-05-01,8.524999618530273,8.524999618530273,8.524999618530273,8.524999618530273,6.582517623901367,5000
2008-05-02,8.875,8.875,8.875,8.875,6.852768898010254,6200
2008-05-05,8.875,8.875,8.875,8.875,6.852768898010254,0
2008-05-06,8.875,8.875,8.875,8.875,6.852768898010254,0
2008-05-07,8.875,8.875,8.875,8.875,6.852768898010254,0
2008-05-08,9.0,9.125,9.0,9.125,7.045803070068359,1800
2008-05-09,9.125,9.125,9.125,9.125,7.045803070068359,0
2008-05-12,9.125,9.125,9.125,9.125,7.045803070068359,0
2008-05-13,9.0,9.0,8.774999618530273,8.774999618530273,6.775552749633789,800
2008-05-14,9.0,9.0,8.994999885559082,9.0,6.949285984039307,15400
2008-05-15,9.0,9.0,9.0,9.0,6.949285984039307,2000
2008-05-16,9.0,9.0,9.0,9.0,6.949285984039307,0
2008-05-19,9.0,9.0,9.0,9.0,6.949285984039307,0
2008-05-20,8.765000343322754,8.765000343322754,8.765000343322754,8.765000343322754,6.767832279205322,200
2008-05-21,9.125,9.125,9.125,9.125,7.045803070068359,200
2008-05-22,9.25,9.25,9.25,9.25,7.142322540283203,11000
2008-05-23,9.5,9.984999656677246,9.5,9.81999969482422,7.582441329956055,2600
2008-05-27,9.699999809265137,9.699999809265137,9.699999809265137,9.699999809265137,7.489785194396973,200
2008-05-28,9.699999809265137,9.699999809265137,9.699999809265137,9.699999809265137,7.489785194396973,0
2008-05-29,9.699999809265137,9.699999809265137,9.699999809265137,9.699999809265137,7.489785194396973,0
2008-05-30,9.505000114440918,9.505000114440918,9.505000114440918,9.505000114440918,7.339218616485596,1800
2008-06-02,9.574999809265137,9.574999809265137,9.574999809265137,9.574999809265137,7.3932671546936035,2400
2008-06-03,8.899999618530273,8.899999618530273,8.75,8.75,6.75624942779541,2200
2008-06-04,8.75,9.609999656677246,8.75,9.609999656677246,7.420291900634766,1600
2008-06-05,8.630000114440918,8.75,8.630000114440918,8.75,6.75624942779541,7800
2008-06-06,8.765000343322754,9.1850004196167,8.734999656677246,8.75,6.75624942779541,28200
2008-06-09,8.75,8.75,8.75,8.75,6.75624942779541,0
2008-06-10,8.765000343322754,8.765000343322754,8.729999542236328,8.729999542236328,6.740806579589844,1000
2008-06-11,8.729999542236328,8.729999542236328,8.619999885559082,8.625,6.659734725952148,3600
2008-06-12,8.625,8.625,8.375,8.375,6.466697692871094,4800
2008-06-13,8.25,8.25,7.755000114440918,8.125,6.2736592292785645,13200
2008-06-16,7.764999866485596,7.764999866485596,7.764999866485596,7.764999866485596,5.99569034576416,200
2008-06-17,8.46500015258789,8.46500015258789,8.46500015258789,8.46500015258789,6.536190509796143,600
2008-06-18,8.625,8.625,8.494999885559082,8.5,6.563215255737305,3200
2008-06-19,8.5,8.5,8.5,8.5,6.563215255737305,0
2008-06-20,8.5,8.5,8.5,8.5,6.563215255737305,0
2008-06-23,8.875,9.0,8.875,9.0,6.949285984039307,4600
2008-06-24,9.0,9.0,9.0,9.0,6.949285984039307,0
2008-06-25,9.125,9.125,9.0,9.0,6.949285984039307,4200
2008-06-26,9.0,9.0,9.0,9.0,6.949285984039307,2400
2008-06-27,9.0,9.0,8.289999961853027,8.289999961853027,6.426054954528809,800
2008-06-30,8.039999961853027,8.039999961853027,7.965000152587891,7.974999904632568,6.181879997253418,10400
2008-07-01,7.965000152587891,8.0,7.005000114440918,7.005000114440918,5.4299798011779785,1200
2008-07-02,7.275000095367432,7.275000095367432,7.275000095367432,7.275000095367432,5.6392693519592285,200
2008-07-03,7.275000095367432,7.275000095367432,7.275000095367432,7.275000095367432,5.6392693519592285,0
2008-07-07,7.275000095367432,7.275000095367432,7.275000095367432,7.275000095367432,5.6392693519592285,0
2008-07-08,7.75,7.75,7.75,7.75,6.007470607757568,800
2008-07-09,7.75,7.75,7.75,7.75,6.007470607757568,0
2008-07-10,7.75,7.75,7.75,7.75,6.007470607757568,0
2008-07-11,7.75,7.75,7.25,7.75,6.007470607757568,90600
2008-07-14,7.75,7.985000133514404,7.75,7.980000019073486,6.185756683349609,2400
2008-07-15,7.625,7.625,7.625,7.625,5.910576343536377,400
2008-07-16,7.75,7.75,7.75,7.75,6.007470607757568,2000
2008-07-17,7.875,7.994999885559082,7.875,7.994999885559082,6.197383880615234,600
2008-07-18,8.0,8.0,8.0,8.0,6.201261043548584,200
2008-07-21,8.244999885559082,8.25,8.244999885559082,8.25,6.395047664642334,600
2008-07-22,8.744999885559082,8.744999885559082,7.784999847412109,7.784999847412109,6.034601211547852,400
2008-07-23,7.925000190734863,7.925000190734863,7.925000190734863,7.925000190734863,6.143121719360352,2000
2008-07-24,7.925000190734863,7.925000190734863,7.925000190734863,7.925000190734863,6.143121719360352,0
2008-07-25,8.739999771118164,8.739999771118164,8.739999771118164,8.739999771118164,6.774876594543457,200
2008-07-28,8.739999771118164,8.739999771118164,8.739999771118164,8.739999771118164,6.774876594543457,0
2008-07-29,7.755000114440918,7.755000114440918,7.625,7.625,5.910576343536377,3400
2008-07-30,7.625,7.625,7.625,7.625,5.910576343536377,0
2008-07-31,7.625,7.625,7.625,7.625,5.910576343536377,0
2008-08-01,7.625,7.625,7.625,7.625,5.910576343536377,0
2008-08-04,7.625,7.625,7.625,7.625,5.910576343536377,0
2008-08-05,7.625,7.625,7.625,7.625,5.910576343536377,0
2008-08-06,7.625,7.625,7.625,7.625,5.910576343536377,0
2008-08-07,7.625,7.625,7.625,7.625,5.910576343536377,0
2008-08-08,7.625,7.625,7.625,7.625,5.910576343536377,0
2008-08-11,7.625,7.625,7.625,7.625,5.910576343536377,0
2008-08-12,7.625,7.625,7.625,7.625,5.910576343536377,0
2008-08-13,7.625,7.625,7.625,7.625,5.910576343536377,0
2008-08-14,7.625,7.625,7.625,7.625,5.910576343536377,0
2008-08-15,8.375,8.375,8.375,8.375,6.491944313049316,1400
2008-08-18,7.710000038146973,8.175000190734863,7.684999942779541,8.175000190734863,6.336911678314209,4600
2008-08-19,8.175000190734863,8.175000190734863,8.175000190734863,8.175000190734863,6.336911678314209,0
2008-08-20,8.175000190734863,8.175000190734863,8.175000190734863,8.175000190734863,6.336911678314209,0
2008-08-21,8.175000190734863,8.175000190734863,8.175000190734863,8.175000190734863,6.336911678314209,0
2008-08-22,8.175000190734863,8.175000190734863,8.175000190734863,8.175000190734863,6.336911678314209,0
2008-08-25,8.324999809265137,8.324999809265137,7.974999904632568,7.974999904632568,6.181879997253418,400
2008-08-26,8.350000381469727,8.350000381469727,8.234999656677246,8.234999656677246,6.383421897888184,600
2008-08-27,8.234999656677246,8.234999656677246,8.234999656677246,8.234999656677246,6.383421897888184,0
2008-08-28,8.234999656677246,8.234999656677246,8.234999656677246,8.234999656677246,6.383421897888184,0
2008-08-29,8.295000076293945,8.295000076293945,8.295000076293945,8.295000076293945,6.429929733276367,200
2008-09-02,8.295000076293945,8.295000076293945,8.295000076293945,8.295000076293945,6.429929733276367,0
2008-09-03,8.295000076293945,8.295000076293945,8.295000076293945,8.295000076293945,6.429929733276367,0
2008-09-04,8.295000076293945,8.295000076293945,8.295000076293945,8.295000076293945,6.429929733276367,0
2008-09-05,8.295000076293945,8.295000076293945,8.295000076293945,8.295000076293945,6.429929733276367,0
2008-09-08,8.295000076293945,8.295000076293945,8.295000076293945,8.295000076293945,6.429929733276367,0
2008-09-09,8.300000190734863,8.305000305175781,8.300000190734863,8.300000190734863,6.433807373046875,1200
2008-09-10,8.300000190734863,8.300000190734863,8.300000190734863,8.300000190734863,6.433807373046875,0
2008-09-11,8.300000190734863,8.300000190734863,8.300000190734863,8.300000190734863,6.433807373046875,0
2008-09-12,8.300000190734863,8.300000190734863,8.300000190734863,8.300000190734863,6.433807373046875,0
2008-09-15,8.5,8.5,8.5,8.5,6.588837623596191,5000
2008-09-16,8.5,8.5,8.5,8.5,6.588837623596191,0
2008-09-17,8.324999809265137,8.324999809265137,7.699999809265137,7.699999809265137,5.968713283538818,800
2008-09-18,7.699999809265137,7.699999809265137,7.699999809265137,7.699999809265137,5.968713283538818,0
2008-09-19,8.0,8.239999771118164,8.0,8.0,6.201261043548584,4200
2008-09-22,8.0,8.5,8.0,8.5,6.588837623596191,2200
2008-09-23,8.5,8.5,8.5,8.5,6.588837623596191,0
2008-09-24,8.0,8.0,8.0,8.0,6.201261043548584,600
2008-09-25,8.0,8.0,8.0,8.0,6.201261043548584,0
2008-09-26,8.0,8.0,8.0,8.0,6.201261043548584,0
2008-09-29,8.0,8.0,8.0,8.0,6.22851037979126,0
2008-09-30,8.0,8.0,8.0,8.0,6.22851037979126,5200
2008-10-01,7.590000152587891,7.590000152587891,7.574999809265137,7.574999809265137,5.897618770599365,1000
2008-10-02,7.590000152587891,7.590000152587891,7.590000152587891,7.590000152587891,5.909299373626709,2000
2008-10-03,8.149999618530273,8.149999618530273,8.149999618530273,8.149999618530273,6.345293521881104,200
2008-10-06,6.715000152587891,6.715000152587891,6.715000152587891,6.715000152587891,5.228053092956543,1600
2008-10-07,6.715000152587891,6.715000152587891,6.715000152587891,6.715000152587891,5.228053092956543,0
2008-10-08,7.0,7.0,7.0,7.0,5.449944496154785,400
2008-10-09,7.0,7.449999809265137,6.994999885559082,7.449999809265137,5.800298690795898,9400
2008-10-10,7.449999809265137,7.449999809265137,7.449999809265137,7.449999809265137,5.800298690795898,0
2008-10-13,7.449999809265137,7.449999809265137,7.449999809265137,7.449999809265137,5.800298690795898,0
2008-10-14,7.449999809265137,7.449999809265137,7.449999809265137,7.449999809265137,5.800298690795898,0
2008-10-15,7.525000095367432,7.650000095367432,7.525000095367432,7.525000095367432,5.8586907386779785,3000
2008-10-16,7.525000095367432,7.525000095367432,7.525000095367432,7.525000095367432,5.8586907386779785,0
2008-10-17,7.525000095367432,7.525000095367432,7.525000095367432,7.525000095367432,5.8586907386779785,0
2008-10-20,7.525000095367432,7.525000095367432,7.525000095367432,7.525000095367432,5.8586907386779785,0
2008-10-21,7.5,7.5,7.5,7.5,5.839226722717285,1600
2008-10-22,7.5,7.5,7.5,7.5,5.839226722717285,0
2008-10-23,7.5,7.5,7.5,7.5,5.839226722717285,0
2008-10-24,7.5,7.5,7.5,7.5,5.839226722717285,0
2008-10-27,7.5,7.5,7.5,7.5,5.839226722717285,0
2008-10-28,7.5,7.5,7.5,7.5,5.839226722717285,0
2008-10-29,8.199999809265137,8.494999885559082,8.199999809265137,8.489999771118164,6.610006332397461,6800
2008-10-30,8.489999771118164,8.489999771118164,8.489999771118164,8.489999771118164,6.610006332397461,0
2008-10-31,8.489999771118164,8.625,8.489999771118164,8.625,6.715112209320068,6000
2008-11-03,8.625,8.625,8.625,8.625,6.715112209320068,0
2008-11-04,8.25,8.25,8.25,8.25,6.423149108886719,200
2008-11-05,8.125,8.125,8.125,8.125,6.325827598571777,1000
2008-11-06,8.125,8.125,8.125,8.125,6.325827598571777,400
2008-11-07,8.125,8.125,8.125,8.125,6.325827598571777,0
2008-11-10,7.625,7.625,7.625,7.625,5.936548233032227,200
2008-11-11,7.800000190734863,7.800000190734863,7.800000190734863,7.800000190734863,6.072795867919922,400
2008-11-12,7.800000190734863,7.800000190734863,7.800000190734863,7.800000190734863,6.072795867919922,0
2008-11-13,7.800000190734863,7.800000190734863,7.800000190734863,7.800000190734863,6.072795867919922,0
2008-11-14,7.800000190734863,7.800000190734863,7.800000190734863,7.800000190734863,6.072795867919922,0
2008-11-17,7.764999866485596,7.764999866485596,7.625,7.625,5.936548233032227,6200
2008-11-18,7.650000095367432,7.650000095367432,7.650000095367432,7.650000095367432,5.956011295318604,1000
2008-11-19,8.210000038146973,8.210000038146973,8.210000038146973,8.210000038146973,6.3920063972473145,200
2008-11-20,8.210000038146973,8.210000038146973,8.210000038146973,8.210000038146973,6.3920063972473145,0
2008-11-21,7.639999866485596,7.639999866485596,7.0,7.050000190734863,5.48887300491333,6600
2008-11-24,7.0,7.0,7.0,7.0,5.449944496154785,200
2008-11-25,7.0,7.0,7.0,7.0,5.449944496154785,0
2008-11-26,7.34499979019165,7.34499979019165,7.25,7.25,5.644586086273193,400
2008-11-28,7.25,7.25,7.25,7.25,5.644586086273193,0
2008-12-01,7.25,7.25,7.25,7.25,5.644586086273193,0
2008-12-02,7.25,7.25,7.25,7.25,5.644586086273193,0
2008-12-03,7.25,7.25,7.25,7.25,5.644586086273193,0
2008-12-04,7.0,7.0,7.0,7.0,5.449944496154785,400
2008-12-05,7.0,7.0,7.0,7.0,5.449944496154785,0
2008-12-08,7.0,7.0,7.0,7.0,5.449944496154785,6000
2008-12-09,7.0,7.0,7.0,7.0,5.449944496154785,0
2008-12-10,7.25,7.25,7.25,7.25,5.644586086273193,200
2008-12-11,7.25,7.25,7.25,7.25,5.644586086273193,1800
2008-12-12,7.349999904632568,7.349999904632568,7.349999904632568,7.349999904632568,5.722443580627441,400
2008-12-15,7.349999904632568,7.349999904632568,7.349999904632568,7.349999904632568,5.722443580627441,0
2008-12-16,7.349999904632568,7.349999904632568,7.349999904632568,7.349999904632568,5.722443580627441,0
2008-12-17,7.349999904632568,7.349999904632568,7.349999904632568,7.349999904632568,5.722443580627441,0
2008-12-18,7.0,7.375,7.0,7.375,5.741909027099609,800
2008-12-19,7.054999828338623,7.054999828338623,7.054999828338623,7.054999828338623,5.492766380310059,400
2008-12-22,7.054999828338623,7.054999828338623,7.054999828338623,7.054999828338623,5.492766380310059,0
2008-12-23,7.054999828338623,7.054999828338623,7.054999828338623,7.054999828338623,5.492766380310059,0
2008-12-24,7.054999828338623,7.054999828338623,7.054999828338623,7.054999828338623,5.492766380310059,0
2008-12-26,7.0,7.099999904632568,7.0,7.099999904632568,5.527802467346191,3600
2008-12-29,7.099999904632568,7.099999904632568,7.099999904632568,7.099999904632568,5.555186748504639,0
2008-12-30,7.099999904632568,7.099999904632568,7.099999904632568,7.099999904632568,5.555186748504639,0
2008-12-31,6.5,6.5,6.5,6.5,5.085732460021973,600
2009-01-02,6.5,6.5,6.5,6.5,5.085732460021973,0
2009-01-05,6.5,6.5,6.5,6.5,5.085732460021973,0
2009-01-06,6.625,7.539999961853027,6.625,7.539999961853027,5.899450302124023,3800
2009-01-07,7.539999961853027,7.539999961853027,7.539999961853027,7.539999961853027,5.899450302124023,0
2009-01-08,6.53000020980835,6.53000020980835,6.525000095367432,6.525000095367432,5.10529375076294,1000
2009-01-09,6.525000095367432,6.525000095367432,6.125,6.224999904632568,4.870567798614502,800
2009-01-12,6.224999904632568,6.224999904632568,6.224999904632568,6.224999904632568,4.870567798614502,0
2009-01-13,6.224999904632568,6.224999904632568,6.224999904632568,6.224999904632568,4.870567798614502,0
2009-01-14,6.5,6.5,6.5,6.5,5.085732460021973,400
2009-01-15,6.5,6.5,6.5,6.5,5.085732460021973,0
2009-01-16,6.349999904632568,6.349999904632568,5.5,5.5,4.303313732147217,1000
2009-01-20,6.300000190734863,6.300000190734863,6.300000190734863,6.300000190734863,4.9292497634887695,200
2009-01-21,6.300000190734863,6.300000190734863,6.300000190734863,6.300000190734863,4.9292497634887695,0
2009-01-22,6.300000190734863,6.300000190734863,6.300000190734863,6.300000190734863,4.9292497634887695,0
2009-01-23,6.5,6.5,6.5,6.5,5.085732460021973,800
2009-01-26,6.5,6.5,6.5,6.5,5.085732460021973,0
2009-01-27,6.5,6.5,6.5,6.5,5.085732460021973,400
2009-01-28,6.5,6.5,6.5,6.5,5.085732460021973,0
2009-01-29,6.5,7.125,5.775000095367432,5.775000095367432,4.518477916717529,10600
2009-01-30,6.300000190734863,6.300000190734863,6.300000190734863,6.300000190734863,4.9292497634887695,200
2009-02-02,6.199999809265137,6.199999809265137,6.199999809265137,6.199999809265137,4.851006031036377,200
2009-02-03,6.199999809265137,6.199999809265137,6.199999809265137,6.199999809265137,4.851006031036377,0
2009-02-04,6.300000190734863,6.300000190734863,6.244999885559082,6.244999885559082,4.8862175941467285,400
2009-02-05,7.050000190734863,7.050000190734863,7.010000228881836,7.050000190734863,5.516064643859863,3800
2009-02-06,7.050000190734863,7.050000190734863,7.050000190734863,7.050000190734863,5.516064643859863,0
2009-02-09,7.050000190734863,7.050000190734863,7.050000190734863,7.050000190734863,5.516064643859863,0
2009-02-10,7.050000190734863,7.050000190734863,7.050000190734863,7.050000190734863,5.516064643859863,0
2009-02-11,7.050000190734863,7.050000190734863,7.025000095367432,7.025000095367432,5.496505737304688,4400
2009-02-12,6.510000228881836,7.0,6.510000228881836,7.0,5.4769439697265625,4800
2009-02-13,7.045000076293945,7.045000076293945,7.0,7.0,5.4769439697265625,600
2009-02-17,6.300000190734863,6.300000190734863,6.190000057220459,6.190000057220459,4.843185901641846,400
2009-02-18,6.190000057220459,6.190000057220459,6.190000057220459,6.190000057220459,4.843185901641846,0
2009-02-19,6.190000057220459,6.190000057220459,6.190000057220459,6.190000057220459,4.843185901641846,0
2009-02-20,6.190000057220459,6.190000057220459,6.190000057220459,6.190000057220459,4.843185901641846,0
2009-02-23,6.190000057220459,6.190000057220459,6.190000057220459,6.190000057220459,4.843185901641846,0
2009-02-24,6.190000057220459,6.190000057220459,6.190000057220459,6.190000057220459,4.843185901641846,0
2009-02-25,6.190000057220459,6.190000057220459,6.190000057220459,6.190000057220459,4.843185901641846,0
2009-02-26,6.190000057220459,6.190000057220459,6.190000057220459,6.190000057220459,4.843185901641846,0
2009-02-27,6.190000057220459,6.190000057220459,6.190000057220459,6.190000057220459,4.843185901641846,0
2009-03-02,6.190000057220459,6.190000057220459,6.190000057220459,6.190000057220459,4.843185901641846,0
2009-03-03,6.190000057220459,6.190000057220459,6.190000057220459,6.190000057220459,4.843185901641846,0
2009-03-04,6.150000095367432,6.150000095367432,6.150000095367432,6.150000095367432,4.811887741088867,400
2009-03-05,6.150000095367432,6.150000095367432,6.150000095367432,6.150000095367432,4.811887741088867,0
2009-03-06,5.920000076293945,5.920000076293945,5.920000076293945,5.920000076293945,4.631933212280273,200
2009-03-09,5.920000076293945,5.920000076293945,5.920000076293945,5.920000076293945,4.631933212280273,0
2009-03-10,5.920000076293945,5.920000076293945,5.920000076293945,5.920000076293945,4.631933212280273,0
2009-03-11,5.920000076293945,5.920000076293945,5.920000076293945,5.920000076293945,4.631933212280273,0
2009-03-12,5.920000076293945,5.920000076293945,5.920000076293945,5.920000076293945,4.631933212280273,0
2009-03-13,5.920000076293945,5.920000076293945,5.920000076293945,5.920000076293945,4.631933212280273,0
2009-03-16,5.920000076293945,5.920000076293945,5.920000076293945,5.920000076293945,4.631933212280273,0
2009-03-17,5.920000076293945,5.920000076293945,5.920000076293945,5.920000076293945,4.631933212280273,0
2009-03-18,5.5,5.5,5.5,5.5,4.303313732147217,400
2009-03-19,5.614999771118164,5.614999771118164,5.474999904632568,5.5,4.303313732147217,800
2009-03-20,5.619999885559082,5.619999885559082,5.619999885559082,5.619999885559082,4.397204875946045,200
2009-03-23,5.619999885559082,5.619999885559082,5.619999885559082,5.619999885559082,4.397204875946045,0
2009-03-24,5.619999885559082,5.619999885559082,5.619999885559082,5.619999885559082,4.397204875946045,0
2009-03-25,5.619999885559082,5.619999885559082,5.619999885559082,5.619999885559082,4.397204875946045,0
2009-03-26,5.5,5.525000095367432,5.25,5.525000095367432,4.322873115539551,4800
2009-03-27,5.525000095367432,5.525000095367432,5.525000095367432,5.525000095367432,4.322873115539551,400
2009-03-30,5.619999885559082,5.625,5.25,5.25,4.133896827697754,1400
2009-03-31,5.5,5.625,5.5,5.550000190734863,4.370118618011475,8200
2009-04-01,5.550000190734863,5.550000190734863,5.550000190734863,5.550000190734863,4.370118618011475,0
2009-04-02,5.550000190734863,5.625,5.550000190734863,5.625,4.429174423217773,4000
2009-04-03,5.5,5.525000095367432,5.300000190734863,5.300000190734863,4.173265933990479,34400
2009-04-06,5.300000190734863,5.300000190734863,5.300000190734863,5.300000190734863,4.173265933990479,0
2009-04-07,5.300000190734863,5.300000190734863,5.300000190734863,5.300000190734863,4.173265933990479,0
2009-04-08,5.300000190734863,5.300000190734863,5.300000190734863,5.300000190734863,4.173265933990479,0
2009-04-09,5.300000190734863,5.300000190734863,5.300000190734863,5.300000190734863,4.173265933990479,0
2009-04-13,5.5,5.5,5.5,5.5,4.330748081207275,200
2009-04-14,5.550000190734863,5.550000190734863,5.420000076293945,5.420000076293945,4.267755031585693,12200
2009-04-15,5.420000076293945,5.420000076293945,5.420000076293945,5.420000076293945,4.267755031585693,0
2009-04-16,5.400000095367432,5.400000095367432,5.400000095367432,5.400000095367432,4.252007484436035,7000
2009-04-17,5.820000171661377,5.820000171661377,5.735000133514404,5.735000133514404,4.51578950881958,1200
2009-04-20,5.735000133514404,5.735000133514404,5.735000133514404,5.735000133514404,4.51578950881958,0
2009-04-21,5.735000133514404,5.735000133514404,5.735000133514404,5.735000133514404,4.51578950881958,0
2009-04-22,5.735000133514404,5.735000133514404,5.735000133514404,5.735000133514404,4.51578950881958,0
2009-04-23,6.050000190734863,6.050000190734863,6.050000190734863,6.050000190734863,4.763823509216309,200
2009-04-24,6.050000190734863,6.050000190734863,6.050000190734863,6.050000190734863,4.763823509216309,0
2009-04-27,5.864999771118164,5.864999771118164,5.625,5.625,4.429174423217773,1600
2009-04-28,5.315000057220459,5.315000057220459,5.315000057220459,5.315000057220459,4.185077667236328,200
2009-04-29,5.324999809265137,5.324999809265137,5.324999809265137,5.324999809265137,4.192952632904053,200
2009-04-30,5.275000095367432,6.300000190734863,5.25,6.284999847412109,4.948863983154297,5800
2009-05-01,6.210000038146973,6.210000038146973,5.25,5.25,4.133896827697754,4600
2009-05-04,5.235000133514404,5.25,5.224999904632568,5.25,4.133896827697754,1600
2009-05-05,5.275000095367432,5.275000095367432,5.275000095367432,5.275000095367432,4.1535820960998535,600
2009-05-06,5.275000095367432,5.275000095367432,5.275000095367432,5.275000095367432,4.1535820960998535,0
2009-05-07,5.224999904632568,5.224999904632568,5.224999904632568,5.224999904632568,4.114211559295654,1400
2009-05-08,5.224999904632568,5.224999904632568,5.224999904632568,5.224999904632568,4.114211559295654,0
2009-05-11,5.485000133514404,6.239999771118164,5.260000228881836,6.239999771118164,4.913429260253906,5200
2009-05-12,6.130000114440918,6.130000114440918,5.554999828338623,5.599999904632568,4.409488677978516,3800
2009-05-13,5.599999904632568,5.599999904632568,5.599999904632568,5.599999904632568,4.409488677978516,0
2009-05-14,5.599999904632568,5.599999904632568,5.599999904632568,5.599999904632568,4.409488677978516,0
2009-05-15,5.25,5.5,5.25,5.5,4.330748081207275,800
2009-05-18,5.5,5.5,5.5,5.5,4.330748081207275,0
2009-05-19,5.494999885559082,5.494999885559082,5.494999885559082,5.494999885559082,4.326812267303467,800
2009-05-20,5.25,5.5,5.25,5.5,4.330748081207275,6400
2009-05-21,5.5,5.5,5.5,5.5,4.330748081207275,0
2009-05-22,5.5,5.5,5.5,5.5,4.330748081207275,0
2009-05-26,5.46999979019165,6.320000171661377,5.304999828338623,6.320000171661377,4.976423740386963,5200
2009-05-27,6.315000057220459,6.704999923706055,6.074999809265137,6.614999771118164,5.2087082862854,14200
2009-05-28,6.599999904632568,6.599999904632568,5.375,5.5,4.330748081207275,6800
2009-05-29,5.5,5.5,5.5,5.5,4.330748081207275,0
2009-06-01,5.485000133514404,5.510000228881836,5.485000133514404,5.510000228881836,4.338623046875,1800
2009-06-02,5.510000228881836,5.510000228881836,5.510000228881836,5.510000228881836,4.338623046875,0
2009-06-03,5.510000228881836,5.510000228881836,5.510000228881836,5.510000228881836,4.338623046875,0
2009-06-04,5.510000228881836,5.510000228881836,5.510000228881836,5.510000228881836,4.338623046875,0
2009-06-05,5.534999847412109,5.925000190734863,5.5,5.5,4.330748081207275,14600
2009-06-08,5.650000095367432,5.650000095367432,5.650000095367432,5.650000095367432,4.448859214782715,6000
2009-06-09,5.550000190734863,5.550000190734863,5.550000190734863,5.550000190734863,4.370118618011475,200
2009-06-10,5.724999904632568,5.739999771118164,5.514999866485596,5.550000190734863,4.370118618011475,1000
2009-06-11,5.505000114440918,5.675000190734863,5.5,5.639999866485596,4.440984725952148,4200
2009-06-12,5.579999923706055,5.579999923706055,5.579999923706055,5.579999923706055,4.393740653991699,200
2009-06-15,5.579999923706055,5.579999923706055,5.579999923706055,5.579999923706055,4.393740653991699,0
2009-06-16,5.579999923706055,5.579999923706055,5.579999923706055,5.579999923706055,4.393740653991699,0
2009-06-17,5.579999923706055,5.579999923706055,5.579999923706055,5.579999923706055,4.393740653991699,0
2009-06-18,5.619999885559082,6.974999904632568,5.5,6.974999904632568,5.492176055908203,7800
2009-06-19,6.659999847412109,6.815000057220459,5.449999809265137,5.514999866485596,4.342559814453125,24000
2009-06-22,5.960000038146973,5.960000038146973,5.550000190734863,5.550000190734863,4.370118618011475,1200
2009-06-23,5.559999942779541,5.559999942779541,5.449999809265137,5.454999923706055,4.295315742492676,5600
2009-06-24,5.5,5.550000190734863,5.5,5.550000190734863,4.370118618011475,800
2009-06-25,5.550000190734863,5.550000190734863,5.5,5.5,4.330748081207275,1400
2009-06-26,5.5,5.5,5.5,5.5,4.330748081207275,0
2009-06-29,5.465000152587891,5.465000152587891,5.465000152587891,5.465000152587891,4.330749034881592,200
2009-06-30,5.465000152587891,5.465000152587891,5.465000152587891,5.465000152587891,4.330749034881592,6000
2009-07-01,5.465000152587891,5.5,4.940000057220459,4.965000152587891,3.9345242977142334,10200
2009-07-02,4.949999809265137,4.949999809265137,4.949999809265137,4.949999809265137,3.9226348400115967,200
2009-07-06,4.949999809265137,4.949999809265137,4.949999809265137,4.949999809265137,3.9226348400115967,0
2009-07-07,4.949999809265137,4.949999809265137,4.949999809265137,4.949999809265137,3.9226348400115967,0
2009-07-08,5.070000171661377,5.159999847412109,4.525000095367432,4.764999866485596,3.776031255722046,13600
2009-07-09,4.764999866485596,4.764999866485596,4.764999866485596,4.764999866485596,3.776031255722046,0
2009-07-10,4.764999866485596,4.764999866485596,4.764999866485596,4.764999866485596,3.776031255722046,0
2009-07-13,4.764999866485596,4.764999866485596,4.764999866485596,4.764999866485596,3.776031255722046,0
2009-07-14,4.75,4.75,4.75,4.75,3.7641446590423584,1000
2009-07-15,4.894999980926514,4.894999980926514,4.894999980926514,4.894999980926514,3.879050493240357,1200
2009-07-16,4.894999980926514,4.894999980926514,4.894999980926514,4.894999980926514,3.879050493240357,0
2009-07-17,4.894999980926514,4.894999980926514,4.894999980926514,4.894999980926514,3.879050493240357,0
2009-07-20,4.894999980926514,4.894999980926514,4.894999980926514,4.894999980926514,3.879050493240357,0
2009-07-21,4.644999980926514,5.900000095367432,4.5,5.324999809265137,4.219805240631104,22800
2009-07-22,5.215000152587891,5.434999942779541,4.585000038146973,4.760000228881836,3.7720696926116943,12800
2009-07-23,4.699999809265137,5.860000133514404,4.699999809265137,5.860000133514404,4.643767356872559,15000
2009-07-24,5.71999979019165,5.71999979019165,4.78000020980835,4.900000095367432,3.883013963699341,20600
2009-07-27,4.900000095367432,4.900000095367432,4.900000095367432,4.900000095367432,3.883013963699341,0
2009-07-28,4.664999961853027,4.695000171661377,4.664999961853027,4.695000171661377,3.7205615043640137,800
2009-07-29,4.695000171661377,4.695000171661377,4.695000171661377,4.695000171661377,3.7205615043640137,0
2009-07-30,4.695000171661377,4.695000171661377,4.695000171661377,4.695000171661377,3.7205615043640137,0
2009-07-31,4.650000095367432,4.650000095367432,4.650000095367432,4.650000095367432,3.6848998069763184,400
2009-08-03,4.75,5.875,4.75,5.699999809265137,4.516974925994873,13200
2009-08-04,5.599999904632568,5.599999904632568,5.15500020980835,5.210000038146973,4.128674983978272,4000
2009-08-05,5.210000038146973,5.210000038146973,5.210000038146973,5.210000038146973,4.128674983978272,0
2009-08-06,5.039999961853027,5.284999847412109,4.625,4.639999866485596,3.6769747734069824,2800
2009-08-07,4.639999866485596,4.639999866485596,4.639999866485596,4.639999866485596,3.6769747734069824,0
2009-08-10,4.755000114440918,4.760000228881836,4.75,4.75,3.7641446590423584,4000
2009-08-11,4.75,4.75,4.75,4.75,3.7641446590423584,0
2009-08-12,4.75,4.75,4.75,4.75,3.7641446590423584,400
2009-08-13,4.75,4.75,4.75,4.75,3.7641446590423584,0
2009-08-14,4.664999961853027,4.710000038146973,4.625,4.625,3.6650893688201904,1800
2009-08-17,4.625,4.625,4.625,4.625,3.6650893688201904,0
2009-08-18,4.625,4.625,4.440000057220459,4.625,3.6650893688201904,2200
2009-08-19,4.340000152587891,4.340000152587891,4.340000152587891,4.340000152587891,3.4392402172088623,1200
2009-08-20,4.25,4.340000152587891,4.25,4.340000152587891,3.4392402172088623,1000
2009-08-21,4.320000171661377,4.320000171661377,4.25,4.25,3.367918968200684,3400
2009-08-24,4.324999809265137,4.664999961853027,4.025000095367432,4.025000095367432,3.18961763381958,6600
2009-08-25,4.050000190734863,4.050000190734863,3.819999933242798,3.849999904632568,3.050939083099365,7600
2009-08-26,3.849999904632568,4.15500020980835,3.75,4.15500020980835,3.2926366329193115,1000
2009-08-27,4.150000095367432,4.25,4.150000095367432,4.25,3.367918968200684,5000
2009-08-28,4.230000019073486,4.375,4.224999904632568,4.25,3.367918968200684,2800
2009-08-31,4.25,4.25,4.25,4.25,3.367918968200684,0
2009-09-01,4.5,4.5,4.5,4.5,3.5660319328308105,200
2009-09-02,4.5,4.5,4.5,4.5,3.5660319328308105,0
2009-09-03,4.860000133514404,4.875,4.5,4.599999904632568,3.645277500152588,31600
2009-09-04,4.599999904632568,4.599999904632568,4.599999904632568,4.599999904632568,3.645277500152588,0
2009-09-08,4.599999904632568,4.599999904632568,4.599999904632568,4.599999904632568,3.645277500152588,0
2009-09-09,4.5,4.840000152587891,4.494999885559082,4.574999809265137,3.625466346740722,24600
2009-09-10,4.820000171661377,5.0,4.820000171661377,5.0,3.962256908416748,1000
2009-09-11,4.980000019073486,4.980000019073486,4.625,4.630000114440918,3.6690516471862793,30000
2009-09-14,4.639999866485596,4.690000057220459,4.639999866485596,4.690000057220459,3.716599225997925,400
2009-09-15,4.625,4.625,4.625,4.625,3.6650893688201904,800
2009-09-16,4.965000152587891,4.965000152587891,4.965000152587891,4.965000152587891,3.9345242977142334,200
2009-09-17,4.965000152587891,4.965000152587891,4.965000152587891,4.965000152587891,3.9345242977142334,0
2009-09-18,4.945000171661377,4.949999809265137,4.945000171661377,4.949999809265137,3.9226348400115967,1000
2009-09-21,4.949999809265137,4.949999809265137,4.949999809265137,4.949999809265137,3.9226348400115967,0
2009-09-22,4.739999771118164,4.739999771118164,4.264999866485596,4.690000057220459,3.716599225997925,4800
2009-09-23,4.699999809265137,5.150000095367432,4.699999809265137,5.150000095367432,4.081127166748047,13200
2009-09-24,4.764999866485596,4.764999866485596,4.755000114440918,4.755000114440918,3.768107891082764,1600
2009-09-25,5.210000038146973,5.5,5.159999847412109,5.210000038146973,4.128674983978272,4600
2009-09-28,5.210000038146973,5.210000038146973,4.804999828338623,4.880000114440918,3.867165327072144,1000
2009-09-29,4.880000114440918,4.880000114440918,4.880000114440918,4.880000114440918,3.895102024078369,0
2009-09-30,4.900000095367432,5.210000038146973,4.5,5.210000038146973,4.1585001945495605,7800
2009-10-01,5.210000038146973,5.210000038146973,5.210000038146973,5.210000038146973,4.1585001945495605,0
2009-10-02,5.210000038146973,5.210000038146973,5.210000038146973,5.210000038146973,4.1585001945495605,0
2009-10-05,5.210000038146973,5.210000038146973,5.210000038146973,5.210000038146973,4.1585001945495605,0
2009-10-06,5.210000038146973,5.210000038146973,5.210000038146973,5.210000038146973,4.1585001945495605,0
2009-10-07,5.210000038146973,5.210000038146973,5.210000038146973,5.210000038146973,4.1585001945495605,0
2009-10-08,5.210000038146973,5.210000038146973,5.210000038146973,5.210000038146973,4.1585001945495605,0
2009-10-09,5.210000038146973,5.210000038146973,5.210000038146973,5.210000038146973,4.1585001945495605,0
2009-10-12,5.210000038146973,5.210000038146973,5.210000038146973,5.210000038146973,4.1585001945495605,0
2009-10-13,5.210000038146973,5.210000038146973,5.210000038146973,5.210000038146973,4.1585001945495605,0
2009-10-14,5.210000038146973,5.210000038146973,5.210000038146973,5.210000038146973,4.1585001945495605,0
2009-10-15,5.210000038146973,5.210000038146973,5.210000038146973,5.210000038146973,4.1585001945495605,0
2009-10-16,5.210000038146973,5.210000038146973,5.210000038146973,5.210000038146973,4.1585001945495605,0
2009-10-19,5.210000038146973,5.210000038146973,5.210000038146973,5.210000038146973,4.1585001945495605,0
2009-10-20,5.210000038146973,5.210000038146973,5.210000038146973,5.210000038146973,4.1585001945495605,0
2009-10-21,5.210000038146973,5.210000038146973,5.210000038146973,5.210000038146973,4.1585001945495605,0
2009-10-22,4.554999828338623,4.554999828338623,4.554999828338623,4.554999828338623,3.635692358016968,800
2009-10-23,4.574999809265137,4.574999809265137,4.574999809265137,4.574999809265137,3.651655912399292,600
2009-10-26,4.980000019073486,4.994999885559082,4.980000019073486,4.994999885559082,3.9868881702423096,800
2009-10-27,4.994999885559082,4.994999885559082,4.994999885559082,4.994999885559082,3.9868881702423096,0
2009-10-28,4.994999885559082,4.994999885559082,4.994999885559082,4.994999885559082,3.9868881702423096,0
2009-10-29,4.994999885559082,4.994999885559082,4.994999885559082,4.994999885559082,3.9868881702423096,0
2009-10-30,4.994999885559082,4.994999885559082,4.994999885559082,4.994999885559082,3.9868881702423096,0
2009-11-02,4.980000019073486,5.125,4.980000019073486,5.125,4.0906524658203125,13400
2009-11-03,5.125,5.125,5.125,5.125,4.0906524658203125,0
2009-11-04,5.125,5.125,5.125,5.125,4.0906524658203125,0
2009-11-05,5.119999885559082,5.119999885559082,5.119999885559082,5.119999885559082,4.086662769317627,400
2009-11-06,5.119999885559082,5.119999885559082,5.119999885559082,5.119999885559082,4.086662769317627,0
2009-11-09,5.119999885559082,5.119999885559082,5.119999885559082,5.119999885559082,4.086662769317627,0
2009-11-10,5.119999885559082,5.119999885559082,5.119999885559082,5.119999885559082,4.086662769317627,0
2009-11-11,5.119999885559082,5.119999885559082,5.119999885559082,5.119999885559082,4.086662769317627,0
2009-11-12,5.119999885559082,5.119999885559082,5.119999885559082,5.119999885559082,4.086662769317627,0
2009-11-13,4.75,5.099999904632568,4.525000095367432,5.099999904632568,4.070699691772461,2200
2009-11-16,5.099999904632568,5.099999904632568,5.099999904632568,5.099999904632568,4.070699691772461,0
2009-11-17,5.099999904632568,5.099999904632568,5.099999904632568,5.099999904632568,4.070699691772461,0
2009-11-18,4.949999809265137,4.949999809265137,4.949999809265137,4.949999809265137,3.950972318649292,21000
2009-11-19,4.949999809265137,4.949999809265137,4.949999809265137,4.949999809265137,3.950972318649292,0
2009-11-20,4.949999809265137,4.949999809265137,4.949999809265137,4.949999809265137,3.950972318649292,0
2009-11-23,4.949999809265137,4.949999809265137,4.949999809265137,4.949999809265137,3.950972318649292,0
2009-11-24,4.949999809265137,4.949999809265137,4.949999809265137,4.949999809265137,3.950972318649292,0
2009-11-25,4.949999809265137,4.949999809265137,4.949999809265137,4.949999809265137,3.950972318649292,0
2009-11-27,4.949999809265137,4.949999809265137,4.949999809265137,4.949999809265137,3.950972318649292,0
2009-11-30,5.099999904632568,5.099999904632568,5.099999904632568,5.099999904632568,4.070699691772461,1000
2009-12-01,5.099999904632568,5.099999904632568,5.099999904632568,5.099999904632568,4.070699691772461,0
2009-12-02,4.764999866485596,4.764999866485596,4.75,4.75,3.791336536407471,5600
2009-12-03,4.75,4.75,4.75,4.75,3.791336536407471,0
2009-12-04,4.75,4.75,4.75,4.75,3.791336536407471,600
2009-12-07,4.614999771118164,4.619999885559082,4.494999885559082,4.550000190734863,3.631701231002808,5400
2009-12-08,4.550000190734863,4.550000190734863,4.550000190734863,4.550000190734863,3.631701231002808,0
2009-12-09,4.75,4.75,4.625,4.650000095367432,3.711519241333008,9000
2009-12-10,4.650000095367432,4.650000095367432,4.650000095367432,4.650000095367432,3.711519241333008,0
2009-12-11,4.849999904632568,4.849999904632568,4.554999828338623,4.75,3.791336536407471,2000
2009-12-14,4.75,4.75,4.75,4.75,3.791336536407471,0
2009-12-15,4.75,4.75,4.699999809265137,4.75,3.791336536407471,5800
2009-12-16,4.635000228881836,4.635000228881836,4.625,4.625,3.691565752029419,1400
2009-12-17,4.625,4.625,4.625,4.625,3.691565752029419,0
2009-12-18,4.75,4.75,4.75,4.75,3.791336536407471,400
2009-12-21,4.75,4.75,4.75,4.75,3.791336536407471,0
2009-12-22,4.630000114440918,4.650000095367432,4.630000114440918,4.650000095367432,3.711519241333008,1000
2009-12-23,4.800000190734863,4.800000190734863,4.795000076293945,4.800000190734863,3.831245183944702,5000
2009-12-24,4.800000190734863,4.800000190734863,4.800000190734863,4.800000190734863,3.831245183944702,400
2009-12-28,4.824999809265137,4.864999771118164,4.824999809265137,4.824999809265137,3.8512001037597656,4800
2009-12-29,4.795000076293945,4.809999942779541,4.795000076293945,4.809999942779541,3.8672800064086914,800
2009-12-30,4.809999942779541,4.809999942779541,4.809999942779541,4.809999942779541,3.8672800064086914,0
2009-12-31,4.809999942779541,4.809999942779541,4.809999942779541,4.809999942779541,3.8672800064086914,0
2010-01-04,4.804999828338623,4.849999904632568,4.800000190734863,4.849999904632568,3.8994393348693848,7000
2010-01-05,4.809999942779541,4.809999942779541,4.800000190734863,4.800000190734863,3.859239339828491,1800
2010-01-06,5.0,5.0,4.804999828338623,4.824999809265137,3.879340171813965,2000
2010-01-07,4.900000095367432,4.900000095367432,4.900000095367432,4.900000095367432,3.939641237258911,400
2010-01-08,4.994999885559082,5.0,4.994999885559082,5.0,4.020041465759277,1200
2010-01-11,5.0,5.0,5.0,5.0,4.020041465759277,0
2010-01-12,5.0,5.0,5.0,5.0,4.020041465759277,0
2010-01-13,5.0,5.0,5.0,5.0,4.020041465759277,0
2010-01-14,5.0,5.074999809265137,4.994999885559082,5.074999809265137,4.0803422927856445,6200
2010-01-15,5.074999809265137,5.074999809265137,5.074999809265137,5.074999809265137,4.0803422927856445,0
2010-01-19,5.074999809265137,5.074999809265137,5.074999809265137,5.074999809265137,4.0803422927856445,0
2010-01-20,5.074999809265137,5.074999809265137,5.074999809265137,5.074999809265137,4.0803422927856445,0
2010-01-21,5.065000057220459,5.074999809265137,4.929999828338623,5.074999809265137,4.0803422927856445,4800
2010-01-22,5.074999809265137,5.074999809265137,5.074999809265137,5.074999809265137,4.0803422927856445,0
2010-01-25,5.065000057220459,5.074999809265137,5.065000057220459,5.074999809265137,4.0803422927856445,5400
2010-01-26,5.074999809265137,5.074999809265137,5.074999809265137,5.074999809265137,4.0803422927856445,0
2010-01-27,5.074999809265137,5.074999809265137,5.074999809265137,5.074999809265137,4.0803422927856445,0
2010-01-28,5.074999809265137,5.074999809265137,5.074999809265137,5.074999809265137,4.0803422927856445,0
2010-01-29,5.074999809265137,5.074999809265137,5.074999809265137,5.074999809265137,4.0803422927856445,4000
2010-02-01,5.074999809265137,5.074999809265137,5.074999809265137,5.074999809265137,4.0803422927856445,4200
2010-02-02,5.074999809265137,5.074999809265137,5.074999809265137,5.074999809265137,4.0803422927856445,4200
2010-02-03,5.074999809265137,5.074999809265137,5.074999809265137,5.074999809265137,4.0803422927856445,4000
2010-02-04,5.074999809265137,5.074999809265137,5.074999809265137,5.074999809265137,4.0803422927856445,4000
2010-02-05,4.900000095367432,4.900000095367432,4.900000095367432,4.900000095367432,3.939641237258911,400
2010-02-08,4.900000095367432,4.900000095367432,4.900000095367432,4.900000095367432,3.939641237258911,0
2010-02-09,5.074999809265137,5.125,5.074999809265137,5.125,4.120543479919434,3400
2010-02-10,5.125,5.125,5.125,5.125,4.120543479919434,0
2010-02-11,5.150000095367432,5.175000190734863,5.150000095367432,5.175000190734863,4.160743713378906,2200
2010-02-12,5.175000190734863,5.175000190734863,5.175000190734863,5.175000190734863,4.160743713378906,0
2010-02-16,5.0,5.130000114440918,4.945000171661377,4.945000171661377,3.9758222103118896,4000
2010-02-17,4.965000152587891,5.105000019073486,4.889999866485596,4.945000171661377,3.9758222103118896,4600
2010-02-18,4.945000171661377,4.945000171661377,4.945000171661377,4.945000171661377,3.9758222103118896,0
2010-02-19,4.945000171661377,4.945000171661377,4.945000171661377,4.945000171661377,3.9758222103118896,0
2010-02-22,4.945000171661377,4.945000171661377,4.945000171661377,4.945000171661377,3.9758222103118896,0
2010-02-23,4.824999809265137,4.829999923706055,4.824999809265137,4.824999809265137,3.879340171813965,1200
2010-02-24,4.824999809265137,4.824999809265137,4.824999809265137,4.824999809265137,3.879340171813965,0
2010-02-25,4.824999809265137,4.824999809265137,4.824999809265137,4.824999809265137,3.879340171813965,0
2010-02-26,4.824999809265137,4.824999809265137,4.824999809265137,4.824999809265137,3.879340171813965,0
2010-03-01,4.824999809265137,4.824999809265137,4.824999809265137,4.824999809265137,3.879340171813965,0
2010-03-02,4.824999809265137,4.824999809265137,4.824999809265137,4.824999809265137,3.879340171813965,0
2010-03-03,4.824999809265137,4.824999809265137,4.824999809265137,4.824999809265137,3.879340171813965,0
2010-03-04,4.824999809265137,4.824999809265137,4.824999809265137,4.824999809265137,3.879340171813965,0
2010-03-05,4.824999809265137,4.824999809265137,4.824999809265137,4.824999809265137,3.879340171813965,0
2010-03-08,4.824999809265137,4.824999809265137,4.824999809265137,4.824999809265137,3.879340171813965,0
2010-03-09,4.824999809265137,4.824999809265137,4.824999809265137,4.824999809265137,3.879340171813965,1000
2010-03-10,4.824999809265137,4.824999809265137,4.824999809265137,4.824999809265137,3.879340171813965,0
2010-03-11,4.824999809265137,4.824999809265137,4.824999809265137,4.824999809265137,3.879340171813965,0
2010-03-12,4.974999904632568,5.235000133514404,4.735000133514404,4.934999942779541,3.967782735824585,7200
2010-03-15,4.934999942779541,4.934999942779541,4.934999942779541,4.934999942779541,3.967782735824585,0
2010-03-16,4.934999942779541,4.934999942779541,4.934999942779541,4.934999942779541,3.967782735824585,0
2010-03-17,4.875,4.875,4.875,4.875,3.9195423126220703,200
2010-03-18,4.90500020980835,5.070000171661377,4.800000190734863,4.800000190734863,3.859239339828491,12600
2010-03-19,4.949999809265137,4.949999809265137,4.949999809265137,4.949999809265137,3.979841470718384,1000
2010-03-22,4.949999809265137,4.949999809265137,4.949999809265137,4.949999809265137,3.979841470718384,0
2010-03-23,4.949999809265137,4.949999809265137,4.949999809265137,4.949999809265137,3.979841470718384,200
2010-03-24,4.949999809265137,4.949999809265137,4.949999809265137,4.949999809265137,3.979841470718384,600
2010-03-25,4.809999942779541,4.835000038146973,4.800000190734863,4.800000190734863,3.859239339828491,4400
2010-03-26,4.800000190734863,5.090000152587891,4.800000190734863,5.090000152587891,4.092402458190918,14600
2010-03-29,4.809999942779541,5.0,4.755000114440918,4.954999923706055,3.983861923217773,4400
2010-03-30,4.925000190734863,4.925000190734863,4.824999809265137,4.824999809265137,3.906936883926392,1400
2010-03-31,5.090000152587891,5.090000152587891,4.849999904632568,4.849999904632568,3.927179336547852,6200
2010-04-01,4.849999904632568,4.849999904632568,4.849999904632568,4.849999904632568,3.927179336547852,0
2010-04-05,4.789999961853027,4.849999904632568,4.75,4.849999904632568,3.927179336547852,3400
2010-04-06,4.849999904632568,4.864999771118164,4.849999904632568,4.849999904632568,3.927179336547852,1600
2010-04-07,4.849999904632568,4.849999904632568,4.849999904632568,4.849999904632568,3.927179336547852,0
2010-04-08,4.849999904632568,4.849999904632568,4.849999904632568,4.849999904632568,3.927179336547852,0
2010-04-09,4.849999904632568,4.849999904632568,4.849999904632568,4.849999904632568,3.927179336547852,4400
2010-04-12,4.864999771118164,4.864999771118164,4.849999904632568,4.849999904632568,3.927179336547852,3000
2010-04-13,4.849999904632568,4.849999904632568,4.849999904632568,4.849999904632568,3.927179336547852,0
2010-04-14,4.869999885559082,4.949999809265137,4.869999885559082,4.90500020980835,3.9717161655426025,7800
2010-04-15,4.90500020980835,4.90500020980835,4.90500020980835,4.90500020980835,3.9717161655426025,0
2010-04-16,4.949999809265137,4.949999809265137,4.949999809265137,4.949999809265137,4.008152484893799,1400
2010-04-19,4.949999809265137,4.949999809265137,4.949999809265137,4.949999809265137,4.008152484893799,200
2010-04-20,4.949999809265137,4.949999809265137,4.949999809265137,4.949999809265137,4.008152484893799,200
2010-04-21,4.949999809265137,5.025000095367432,4.949999809265137,5.0,4.048639297485352,4400
2010-04-22,5.0,5.0,5.0,5.0,4.048639297485352,0
2010-04-23,5.0,5.0,5.0,5.0,4.048639297485352,0
2010-04-26,5.050000190734863,5.050000190734863,5.050000190734863,5.050000190734863,4.089126110076904,200
2010-04-27,5.230000019073486,5.244999885559082,5.230000019073486,5.244999885559082,4.247021675109863,1000
2010-04-28,5.244999885559082,5.244999885559082,5.244999885559082,5.244999885559082,4.247021675109863,0
2010-04-29,5.224999904632568,5.25,5.0,5.085000038146973,4.117466449737549,7000
2010-04-30,5.150000095367432,5.150000095367432,5.0,5.0,4.048639297485352,4400
2010-05-03,4.849999904632568,5.005000114440918,4.849999904632568,5.0,4.048639297485352,9600
2010-05-04,5.0,5.0,5.0,5.0,4.048639297485352,0
2010-05-05,5.210000038146973,5.210000038146973,4.949999809265137,5.054999828338623,4.093174934387207,600
2010-05-06,5.054999828338623,5.054999828338623,5.054999828338623,5.054999828338623,4.093174934387207,0
2010-05-07,4.849999904632568,4.849999904632568,4.849999904632568,4.849999904632568,3.927179336547852,1000
2010-05-10,4.849999904632568,4.849999904632568,4.849999904632568,4.849999904632568,3.927179336547852,0
2010-05-11,4.849999904632568,4.849999904632568,4.849999904632568,4.849999904632568,3.927179336547852,0
2010-05-12,5.039999961853027,5.244999885559082,5.03000020980835,5.244999885559082,4.247021675109863,1800
2010-05-13,5.244999885559082,5.244999885559082,5.244999885559082,5.244999885559082,4.247021675109863,0
2010-05-14,5.244999885559082,5.244999885559082,5.244999885559082,5.244999885559082,4.247021675109863,0
2010-05-17,4.849999904632568,4.849999904632568,4.849999904632568,4.849999904632568,3.927179336547852,2400
2010-05-18,5.215000152587891,5.275000095367432,5.204999923706055,5.25,4.251073360443115,7800
2010-05-19,5.25,5.25,5.25,5.25,4.251073360443115,0
2010-05-20,5.25,5.25,5.25,5.25,4.251073360443115,0
2010-05-21,5.25,5.25,5.25,5.25,4.251073360443115,0
2010-05-24,5.25,5.25,5.25,5.25,4.251073360443115,0
2010-05-25,5.25,5.25,5.25,5.25,4.251073360443115,0
2010-05-26,5.5,5.5,5.5,5.5,4.453504085540772,400
2010-05-27,5.5,5.625,5.25,5.349999904632568,4.332044124603272,15800
2010-05-28,5.349999904632568,5.349999904632568,5.005000114440918,5.005000114440918,4.052687168121338,1200
2010-06-01,5.005000114440918,5.005000114440918,5.005000114440918,5.005000114440918,4.052687168121338,0
2010-06-02,5.125,5.125,5.110000133514404,5.125,4.149855613708496,2000
2010-06-03,5.0,5.0,4.945000171661377,5.0,4.048639297485352,4800
2010-06-04,5.0,5.0,5.0,5.0,4.048639297485352,0
2010-06-07,5.0,5.0,5.0,5.0,4.048639297485352,0
2010-06-08,5.0,5.0,5.0,5.0,4.048639297485352,200
2010-06-09,5.184999942779541,5.184999942779541,5.15500020980835,5.15500020980835,4.174149036407471,400
2010-06-10,5.235000133514404,5.235000133514404,4.875,4.90500020980835,3.9717161655426025,800
2010-06-11,5.045000076293945,5.050000190734863,5.045000076293945,5.050000190734863,4.089126110076904,1600
2010-06-14,5.050000190734863,5.050000190734863,5.050000190734863,5.050000190734863,4.089126110076904,0
2010-06-15,5.050000190734863,5.050000190734863,5.050000190734863,5.050000190734863,4.089126110076904,0
2010-06-16,5.050000190734863,5.050000190734863,5.050000190734863,5.050000190734863,4.089126110076904,0
2010-06-17,5.050000190734863,5.050000190734863,5.050000190734863,5.050000190734863,4.089126110076904,0
2010-06-18,5.050000190734863,5.050000190734863,5.050000190734863,5.050000190734863,4.089126110076904,0
2010-06-21,5.050000190734863,5.050000190734863,5.050000190734863,5.050000190734863,4.089126110076904,0
2010-06-22,5.050000190734863,5.050000190734863,5.050000190734863,5.050000190734863,4.089126110076904,0
2010-06-23,5.050000190734863,5.050000190734863,5.050000190734863,5.050000190734863,4.089126110076904,0
2010-06-24,5.050000190734863,5.050000190734863,5.050000190734863,5.050000190734863,4.089126110076904,0
2010-06-25,5.050000190734863,5.050000190734863,5.050000190734863,5.050000190734863,4.089126110076904,0
2010-06-28,4.849999904632568,4.855000019073486,4.849999904632568,4.855000019073486,3.931229591369629,400
2010-06-29,4.715000152587891,4.849999904632568,4.715000152587891,4.849999904632568,3.955695629119873,4600
2010-06-30,4.715000152587891,4.849999904632568,4.715000152587891,4.849999904632568,3.955695629119873,4400
2010-07-01,4.849999904632568,4.849999904632568,4.849999904632568,4.849999904632568,3.955695629119873,0
2010-07-02,4.849999904632568,4.849999904632568,4.849999904632568,4.849999904632568,3.955695629119873,0
2010-07-06,4.849999904632568,4.849999904632568,4.849999904632568,4.849999904632568,3.955695629119873,0
2010-07-07,4.849999904632568,4.849999904632568,4.849999904632568,4.849999904632568,3.955695629119873,0
2010-07-08,4.849999904632568,4.849999904632568,4.849999904632568,4.849999904632568,3.955695629119873,0
2010-07-09,4.849999904632568,4.849999904632568,4.849999904632568,4.849999904632568,3.955695629119873,0
2010-07-12,4.849999904632568,4.849999904632568,4.849999904632568,4.849999904632568,3.955695629119873,0
2010-07-13,4.849999904632568,4.849999904632568,4.849999904632568,4.849999904632568,3.955695629119873,0
2010-07-14,4.474999904632568,4.474999904632568,4.474999904632568,4.474999904632568,3.6498446464538574,400
2010-07-15,4.474999904632568,4.474999904632568,4.474999904632568,4.474999904632568,3.6498446464538574,0
2010-07-16,4.550000190734863,4.550000190734863,4.550000190734863,4.550000190734863,3.711014747619629,200
2010-07-19,4.550000190734863,4.550000190734863,4.550000190734863,4.550000190734863,3.711014747619629,0
2010-07-20,4.550000190734863,4.550000190734863,4.550000190734863,4.550000190734863,3.711014747619629,0
2010-07-21,4.550000190734863,4.550000190734863,4.550000190734863,4.550000190734863,3.711014747619629,0
2010-07-22,4.550000190734863,4.550000190734863,4.550000190734863,4.550000190734863,3.711014747619629,0
2010-07-23,4.849999904632568,4.849999904632568,4.849999904632568,4.849999904632568,3.955695629119873,600
2010-07-26,4.849999904632568,4.849999904632568,4.849999904632568,4.849999904632568,3.955695629119873,0
2010-07-27,4.75,4.849999904632568,4.610000133514404,4.849999904632568,3.955695629119873,3400
2010-07-28,4.849999904632568,4.849999904632568,4.849999904632568,4.849999904632568,3.955695629119873,0
2010-07-29,4.849999904632568,4.849999904632568,4.849999904632568,4.849999904632568,3.955695629119873,0
2010-07-30,4.849999904632568,4.849999904632568,4.849999904632568,4.849999904632568,3.955695629119873,0
2010-08-02,4.454999923706055,4.454999923706055,4.454999923706055,4.454999923706055,3.633532762527466,1000
2010-08-03,4.454999923706055,4.454999923706055,4.454999923706055,4.454999923706055,3.633532762527466,0
2010-08-04,4.454999923706055,4.454999923706055,4.454999923706055,4.454999923706055,3.633532762527466,0
2010-08-05,4.534999847412109,4.614999771118164,4.519999980926514,4.614999771118164,3.764030694961548,1000
2010-08-06,4.5,4.590000152587891,4.5,4.590000152587891,3.743640184402466,400
2010-08-09,4.590000152587891,4.590000152587891,4.590000152587891,4.590000152587891,3.743640184402466,0
2010-08-10,4.590000152587891,4.590000152587891,4.590000152587891,4.590000152587891,3.743640184402466,0
2010-08-11,4.590000152587891,4.590000152587891,4.590000152587891,4.590000152587891,3.743640184402466,0
2010-08-12,4.590000152587891,4.590000152587891,4.590000152587891,4.590000152587891,3.743640184402466,0
2010-08-13,4.590000152587891,4.590000152587891,4.590000152587891,4.590000152587891,3.743640184402466,0
2010-08-16,4.590000152587891,4.590000152587891,4.590000152587891,4.590000152587891,3.743640184402466,0
2010-08-17,4.590000152587891,4.590000152587891,4.590000152587891,4.590000152587891,3.743640184402466,0
2010-08-18,4.75,4.75,4.75,4.75,3.87413477897644,800
2010-08-19,4.699999809265137,4.699999809265137,4.699999809265137,4.699999809265137,3.8333568572998047,1000
2010-08-20,4.71999979019165,4.71999979019165,4.59499979019165,4.59499979019165,3.7477176189422607,1800
2010-08-23,4.75,4.849999904632568,4.75,4.849999904632568,3.955695629119873,800
2010-08-24,4.849999904632568,4.849999904632568,4.849999904632568,4.849999904632568,3.955695629119873,0
2010-08-25,4.5,4.739999771118164,4.5,4.739999771118164,3.865980625152588,2600
2010-08-26,4.65500020980835,4.65500020980835,4.65500020980835,4.65500020980835,3.796654939651489,200
2010-08-27,4.650000095367432,4.650000095367432,4.650000095367432,4.650000095367432,3.792576789855957,2000
2010-08-30,4.650000095367432,4.650000095367432,4.650000095367432,4.650000095367432,3.792576789855957,0
2010-08-31,4.650000095367432,4.650000095367432,4.650000095367432,4.650000095367432,3.792576789855957,0
2010-09-01,4.635000228881836,4.635000228881836,4.635000228881836,4.635000228881836,3.78034234046936,600
2010-09-02,4.635000228881836,4.635000228881836,4.635000228881836,4.635000228881836,3.78034234046936,0
2010-09-03,4.75,4.75,4.75,4.75,3.87413477897644,400
2010-09-07,4.605000019073486,4.605000019073486,4.449999809265137,4.449999809265137,3.6294548511505127,2200
2010-09-08,4.699999809265137,4.699999809265137,4.699999809265137,4.699999809265137,3.8333568572998047,2800
2010-09-09,4.699999809265137,4.699999809265137,4.699999809265137,4.699999809265137,3.8333568572998047,0
2010-09-10,4.5,4.554999828338623,4.5,4.550000190734863,3.711014747619629,800
2010-09-13,4.554999828338623,4.554999828338623,4.449999809265137,4.449999809265137,3.6294548511505127,1800
2010-09-14,4.445000171661377,4.449999809265137,4.335000038146973,4.335000038146973,3.5356595516204834,2000
2010-09-15,4.380000114440918,4.380000114440918,4.380000114440918,4.380000114440918,3.5723609924316406,1000
2010-09-16,4.375,4.375,4.375,4.375,3.5682835578918457,600
2010-09-17,4.96999979019165,4.96999979019165,4.380000114440918,4.849999904632568,3.955695629119873,17200
2010-09-20,5.175000190734863,5.175000190734863,4.525000095367432,4.525000095367432,3.690624475479126,6000
2010-09-21,4.525000095367432,4.525000095367432,4.525000095367432,4.525000095367432,3.690624475479126,0
2010-09-22,4.625,4.625,4.625,4.625,3.772186517715454,1200
2010-09-23,4.75,4.75,4.75,4.75,3.87413477897644,400
2010-09-24,4.75,4.75,4.75,4.75,3.87413477897644,0
2010-09-27,4.75,4.75,4.75,4.75,3.87413477897644,0
2010-09-28,4.505000114440918,4.505000114440918,4.5,4.5,3.67023515701294,600
2010-09-29,4.570000171661377,4.570000171661377,4.525000095367432,4.525000095367432,3.7195544242858887,400
2010-09-30,4.574999809265137,4.625,4.525000095367432,4.625,3.801754713058472,3600
2010-10-01,4.5,4.5,4.5,4.5,3.699004411697388,1400
2010-10-04,4.550000190734863,4.550000190734863,4.400000095367432,4.400000095367432,3.616804838180542,18200
2010-10-05,4.510000228881836,4.585000038146973,4.454999923706055,4.519999980926514,3.715444803237915,5600
2010-10-06,4.429999828338623,4.434999942779541,4.429999828338623,4.434999942779541,3.6455752849578857,400
2010-10-07,4.434999942779541,4.434999942779541,4.434999942779541,4.434999942779541,3.6455752849578857,0
2010-10-08,4.449999809265137,4.480000019073486,4.449999809265137,4.480000019073486,3.682565689086914,1400
2010-10-11,4.545000076293945,4.574999809265137,4.545000076293945,4.574999809265137,3.760654211044312,32800
2010-10-12,4.650000095367432,4.650000095367432,4.550000190734863,4.650000095367432,3.8223047256469727,6800
2010-10-13,4.650000095367432,4.650000095367432,4.650000095367432,4.650000095367432,3.8223047256469727,0
2010-10-14,4.570000171661377,4.570000171661377,4.570000171661377,4.570000171661377,3.756544589996338,200
2010-10-15,4.5,4.5,4.5,4.5,3.699004411697388,5400
2010-10-18,4.53000020980835,4.619999885559082,4.53000020980835,4.619999885559082,3.7976438999176025,1000
2010-10-19,4.59499979019165,4.59499979019165,4.525000095367432,4.545000076293945,3.735995054244995,7400
2010-10-20,4.590000152587891,4.599999904632568,4.590000152587891,4.599999904632568,3.78120493888855,6000
2010-10-21,4.525000095367432,4.525000095367432,4.525000095367432,4.525000095367432,3.7195544242858887,1400
2010-10-22,4.550000190734863,4.574999809265137,4.550000190734863,4.574999809265137,3.760654211044312,10600
2010-10-25,4.574999809265137,4.574999809265137,4.574999809265137,4.574999809265137,3.760654211044312,0
2010-10-26,4.625,4.650000095367432,4.619999885559082,4.619999885559082,3.7976438999176025,2400
2010-10-27,4.625,4.650000095367432,4.625,4.650000095367432,3.8223047256469727,3200
2010-10-28,4.75,5.0,4.75,5.0,4.110004901885986,16400
2010-10-29,5.25,5.25,5.125,5.125,4.2127556800842285,1200
2010-11-01,5.125,5.125,5.125,5.125,4.2127556800842285,0
2010-11-02,5.125,5.125,5.125,5.125,4.2127556800842285,0
2010-11-03,5.125,5.125,5.125,5.125,4.2127556800842285,0
2010-11-04,5.074999809265137,5.449999809265137,5.074999809265137,5.449999809265137,4.479905605316162,8600
2010-11-05,5.25,5.599999904632568,5.25,5.599999904632568,4.603205680847168,5800
2010-11-08,5.599999904632568,6.065000057220459,5.599999904632568,6.065000057220459,4.985436916351318,3800
2010-11-09,6.599999904632568,6.599999904632568,5.940000057220459,6.170000076293945,5.071746349334717,3000
2010-11-10,6.170000076293945,6.170000076293945,6.170000076293945,6.170000076293945,5.071746349334717,0
2010-11-11,6.170000076293945,6.170000076293945,6.0,6.150000095367432,5.055307865142822,2600
2010-11-12,6.0,6.375,6.0,6.324999809265137,5.199158191680908,3600
2010-11-15,6.25,6.75,6.0,6.5,5.343006610870361,52000
2010-11-16,6.5,7.224999904632568,6.400000095367432,7.045000076293945,5.79099702835083,30600
2010-11-17,7.0,7.224999904632568,7.0,7.179999828338623,5.901968002319336,1800
2010-11-18,7.0,7.21999979019165,6.875,7.199999809265137,5.918407440185547,9200
2010-11-19,6.875,7.199999809265137,6.875,7.199999809265137,5.918407440185547,12600
2010-11-22,7.199999809265137,7.199999809265137,7.074999809265137,7.099999904632568,5.836208343505859,2400
2010-11-23,7.025000095367432,7.224999904632568,6.974999904632568,7.170000076293945,5.893747806549072,27200
2010-11-24,7.179999828338623,7.300000190734863,7.179999828338623,7.300000190734863,6.000608444213867,1800
2010-11-26,7.400000095367432,7.400000095367432,7.385000228881836,7.385000228881836,6.070478439331055,2000
2010-11-29,7.400000095367432,7.449999809265137,7.400000095367432,7.449999809265137,6.123908996582031,400
2010-11-30,7.449999809265137,7.449999809265137,7.449999809265137,7.449999809265137,6.123908996582031,0
2010-12-01,7.449999809265137,7.449999809265137,7.449999809265137,7.449999809265137,6.123908996582031,0
2010-12-02,6.974999904632568,7.0,6.920000076293945,7.0,5.754007339477539,6600
2010-12-03,6.989999771118164,7.0,6.989999771118164,7.0,5.754007339477539,800
2010-12-06,7.0,7.0,7.0,7.0,5.754007339477539,0
2010-12-07,7.0,7.0,7.0,7.0,5.754007339477539,0
2010-12-08,7.0,7.0,7.0,7.0,5.754007339477539,0
2010-12-09,6.75,6.784999847412109,6.75,6.784999847412109,5.577278137207031,800
2010-12-10,7.0,7.0,7.0,7.0,5.754007339477539,12800
2010-12-13,6.880000114440918,6.880000114440918,6.75,6.75,5.548507213592529,1600
2010-12-14,6.75,6.75,6.75,6.75,5.548507213592529,0
2010-12-15,6.75,6.75,6.670000076293945,6.730000019073486,5.532067775726318,2600
2010-12-16,6.730000019073486,6.730000019073486,6.730000019073486,6.730000019073486,5.532067775726318,0
2010-12-17,6.090000152587891,6.5,6.090000152587891,6.144999980926514,5.051196098327637,4000
2010-12-20,6.144999980926514,6.144999980926514,6.144999980926514,6.144999980926514,5.051196098327637,0
2010-12-21,6.5,6.505000114440918,6.5,6.505000114440918,5.347115993499756,600
2010-12-22,6.699999809265137,7.0,6.699999809265137,6.710000038146973,5.515626430511475,11200
2010-12-23,6.710000038146973,6.710000038146973,6.710000038146973,6.710000038146973,5.515626430511475,0
2010-12-27,6.710000038146973,6.710000038146973,6.710000038146973,6.710000038146973,5.515626430511475,0
2010-12-28,6.710000038146973,6.710000038146973,6.710000038146973,6.710000038146973,5.515626430511475,0
2010-12-29,6.710000038146973,6.710000038146973,6.710000038146973,6.710000038146973,5.544548511505127,0
2010-12-30,6.710000038146973,6.710000038146973,6.710000038146973,6.710000038146973,5.544548511505127,0
2010-12-31,6.710000038146973,6.710000038146973,6.710000038146973,6.710000038146973,5.544548511505127,0
2011-01-03,6.300000190734863,6.75,6.300000190734863,6.75,5.57759952545166,4600
2011-01-04,6.75,6.75,6.75,6.75,5.57759952545166,0
2011-01-05,6.75,6.75,6.75,6.75,5.57759952545166,0
2011-01-06,6.090000152587891,6.110000133514404,6.090000152587891,6.110000133514404,5.048762798309326,600
2011-01-07,6.204999923706055,6.5,5.954999923706055,6.5,5.371021747589111,14200
2011-01-10,6.25,6.25,6.25,6.25,5.164444923400879,600
2011-01-11,6.03000020980835,6.03000020980835,6.019999980926514,6.019999980926514,4.974393367767334,800
2011-01-12,5.925000190734863,6.699999809265137,5.90500020980835,6.699999809265137,5.536284446716309,1200
2011-01-13,6.065000057220459,6.065000057220459,6.065000057220459,6.065000057220459,5.01157808303833,4800
2011-01-14,6.119999885559082,6.119999885559082,6.119999885559082,6.119999885559082,5.057024955749512,400
2011-01-18,6.119999885559082,6.119999885559082,6.119999885559082,6.119999885559082,5.057024955749512,0
2011-01-19,6.119999885559082,6.119999885559082,6.119999885559082,6.119999885559082,5.057024955749512,0
2011-01-20,6.309999942779541,6.315000057220459,6.309999942779541,6.309999942779541,5.214023590087891,5400
2011-01-21,6.309999942779541,6.324999809265137,6.275000095367432,6.324999809265137,5.2264180183410645,4600
2011-01-24,6.324999809265137,6.324999809265137,6.324999809265137,6.324999809265137,5.2264180183410645,0
2011-01-25,6.175000190734863,6.175000190734863,6.175000190734863,6.175000190734863,5.102473735809326,200
2011-01-26,6.175000190734863,6.175000190734863,6.175000190734863,6.175000190734863,5.102473735809326,0
2011-01-27,6.125,6.175000190734863,6.03000020980835,6.03000020980835,4.982656478881836,13800
2011-01-28,6.190000057220459,6.190000057220459,6.025000095367432,6.025000095367432,4.978524684906006,2600
2011-01-31,6.170000076293945,6.175000190734863,6.139999866485596,6.139999866485596,5.073551654815674,4400
2011-02-01,6.150000095367432,6.150000095367432,6.125,6.125,5.061156749725342,21600
2011-02-02,6.125,6.125,6.125,6.125,5.061156749725342,0
2011-02-03,6.125,6.125,6.125,6.125,5.061156749725342,0
2011-02-04,6.244999885559082,6.244999885559082,6.150000095367432,6.150000095367432,5.081815242767334,20000
2011-02-07,6.150000095367432,6.150000095367432,6.150000095367432,6.150000095367432,5.081815242767334,0
2011-02-08,6.175000190734863,6.175000190734863,6.150000095367432,6.150000095367432,5.081815242767334,1400
2011-02-09,6.150000095367432,6.150000095367432,6.150000095367432,6.150000095367432,5.081815242767334,0
2011-02-10,6.125,6.150000095367432,6.099999904632568,6.099999904632568,5.040498733520508,14800
2011-02-11,6.099999904632568,6.099999904632568,6.099999904632568,6.099999904632568,5.040498733520508,0
2011-02-14,5.59499979019165,6.010000228881836,5.59499979019165,5.829999923706055,4.817394733428955,1251800
2011-02-15,5.760000228881836,5.800000190734863,5.715000152587891,5.800000190734863,4.792604923248291,25400
2011-02-16,5.885000228881836,6.0,5.800000190734863,5.929999828338623,4.900025844573975,62400
2011-02-17,6.019999980926514,6.150000095367432,5.900000095367432,6.150000095367432,5.081815242767334,45400
2011-02-18,6.050000190734863,6.125,6.050000190734863,6.099999904632568,5.040498733520508,4200
2011-02-22,6.099999904632568,6.099999904632568,6.099999904632568,6.099999904632568,5.040498733520508,0
2011-02-23,6.005000114440918,6.045000076293945,6.005000114440918,6.045000076293945,4.995051383972168,800
2011-02-24,6.0,6.054999828338623,6.0,6.0,4.957867622375488,5600
2011-02-25,5.925000190734863,6.150000095367432,5.925000190734863,6.150000095367432,5.081815242767334,39600
2011-02-28,6.150000095367432,6.150000095367432,6.150000095367432,6.150000095367432,5.081815242767334,0
2011-03-01,6.0,6.150000095367432,6.0,6.150000095367432,5.081815242767334,5400
2011-03-02,6.150000095367432,6.150000095367432,6.150000095367432,6.150000095367432,5.081815242767334,0
2011-03-03,6.144999980926514,6.150000095367432,6.099999904632568,6.150000095367432,5.081815242767334,6800
2011-03-04,6.150000095367432,6.150000095367432,6.059999942779541,6.150000095367432,5.081815242767334,5800
2011-03-07,6.150000095367432,6.150000095367432,6.099999904632568,6.110000133514404,5.048762798309326,10400
2011-03-08,6.150000095367432,6.150000095367432,6.150000095367432,6.150000095367432,5.081815242767334,2200
2011-03-09,6.099999904632568,6.099999904632568,6.099999904632568,6.099999904632568,5.040498733520508,2000
2011-03-10,6.135000228881836,6.135000228881836,6.135000228881836,6.135000228881836,5.06942081451416,400
2011-03-11,5.925000190734863,6.105000019073486,5.789999961853027,5.985000133514404,4.945472717285156,49600
2011-03-14,5.864999771118164,5.864999771118164,5.864999771118164,5.864999771118164,4.846314907073975,200
2011-03-15,5.849999904632568,5.849999904632568,5.849999904632568,5.849999904632568,4.833919525146484,1000
2011-03-16,5.900000095367432,5.949999809265137,5.900000095367432,5.949999809265137,4.916550636291504,4000
2011-03-17,6.085000038146973,6.085000038146973,6.014999866485596,6.014999866485596,4.970262050628662,7200
2011-03-18,6.054999828338623,6.150000095367432,6.050000190734863,6.110000133514404,5.048762798309326,22600
2011-03-21,6.110000133514404,6.110000133514404,6.110000133514404,6.110000133514404,5.048762798309326,0
2011-03-22,6.110000133514404,6.110000133514404,6.110000133514404,6.110000133514404,5.048762798309326,0
2011-03-23,6.150000095367432,6.150000095367432,5.925000190734863,5.960000038146973,4.9248127937316895,800
2011-03-24,5.960000038146973,5.960000038146973,5.960000038146973,5.960000038146973,4.9248127937316895,0
2011-03-25,5.925000190734863,6.025000095367432,5.925000190734863,5.949999809265137,4.916550636291504,13800
2011-03-28,5.940000057220459,5.945000171661377,5.940000057220459,5.940000057220459,4.90828800201416,1800
2011-03-29,5.940000057220459,5.940000057220459,5.940000057220459,5.940000057220459,4.90828800201416,0
2011-03-30,5.940000057220459,5.940000057220459,5.940000057220459,5.940000057220459,4.937379837036133,0
2011-03-31,5.900000095367432,5.900000095367432,5.755000114440918,5.849999904632568,4.86257266998291,44800
2011-04-01,5.96999979019165,5.974999904632568,5.900000095367432,5.900000095367432,4.904133319854736,1800
2011-04-04,5.949999809265137,5.949999809265137,5.914999961853027,5.914999961853027,4.91660213470459,2600
2011-04-05,5.974999904632568,5.974999904632568,5.974999904632568,5.974999904632568,4.96647310256958,1200
2011-04-06,5.925000190734863,5.974999904632568,5.875,5.934999942779541,4.933225631713867,5000
2011-04-07,5.934999942779541,5.934999942779541,5.934999942779541,5.934999942779541,4.933225631713867,0
2011-04-08,5.875,5.875,5.849999904632568,5.849999904632568,4.86257266998291,12000
2011-04-11,5.784999847412109,5.815000057220459,5.739999771118164,5.739999771118164,4.771139144897461,2800
2011-04-12,5.775000095367432,5.824999809265137,5.775000095367432,5.775000095367432,4.800231456756592,18000
2011-04-13,5.795000076293945,5.815000057220459,5.775000095367432,5.815000057220459,4.833479404449463,5000
2011-04-14,5.860000133514404,5.880000114440918,5.849999904632568,5.849999904632568,4.86257266998291,14200
2011-04-15,5.945000171661377,5.949999809265137,5.945000171661377,5.949999809265137,4.9456939697265625,2600
2011-04-18,5.949999809265137,5.949999809265137,5.900000095367432,5.900000095367432,4.904133319854736,11200
2011-04-19,5.945000171661377,5.945000171661377,5.90500020980835,5.914999961853027,4.91660213470459,3800
2011-04-20,5.945000171661377,5.949999809265137,5.945000171661377,5.945000171661377,4.941537380218506,3000
2011-04-21,5.949999809265137,5.974999904632568,5.900000095367432,5.949999809265137,4.9456939697265625,14000
2011-04-25,5.949999809265137,5.949999809265137,5.925000190734863,5.949999809265137,4.9456939697265625,4400
2011-04-26,5.949999809265137,5.949999809265137,5.949999809265137,5.949999809265137,4.9456939697265625,17000
2011-04-27,5.949999809265137,5.949999809265137,5.925000190734863,5.949999809265137,4.9456939697265625,10000
2011-04-28,5.949999809265137,5.949999809265137,5.949999809265137,5.949999809265137,4.9456939697265625,0
2011-04-29,5.96999979019165,5.974999904632568,5.925000190734863,5.925000190734863,4.924912452697754,22000
2011-05-02,5.855000019073486,5.860000133514404,5.849999904632568,5.860000133514404,4.870884418487549,1400
2011-05-03,5.925000190734863,6.5,5.925000190734863,6.460000038146973,5.36961030960083,107200
2011-05-04,6.449999809265137,6.474999904632568,6.425000190734863,6.474999904632568,5.382077217102051,34000
2011-05-05,6.480000019073486,6.480000019073486,6.375,6.400000095367432,5.319736957550049,31400
2011-05-06,6.445000171661377,6.5,6.445000171661377,6.5,5.402856826782227,19800
2011-05-09,6.5,6.514999866485596,6.454999923706055,6.454999923706055,5.365453243255615,11800
2011-05-10,6.5,6.5,6.494999885559082,6.5,5.402856826782227,4000
2011-05-11,6.46999979019165,6.46999979019165,6.460000038146973,6.460000038146973,5.36961030960083,400
2011-05-12,6.449999809265137,6.449999809265137,6.389999866485596,6.389999866485596,5.311424732208252,6200
2011-05-13,6.360000133514404,6.394999980926514,6.355000019073486,6.394999980926514,5.315581798553467,800
2011-05-16,6.204999923706055,6.25,6.099999904632568,6.25,5.1950554847717285,2800
2011-05-17,6.25,6.25,6.190000057220459,6.190000057220459,5.145184516906738,600
2011-05-18,6.210000038146973,6.300000190734863,6.210000038146973,6.300000190734863,5.236617088317871,13000
2011-05-19,6.300000190734863,6.300000190734863,6.300000190734863,6.300000190734863,5.236617088317871,0
2011-05-20,6.300000190734863,6.300000190734863,6.300000190734863,6.300000190734863,5.236617088317871,0
2011-05-23,6.349999904632568,6.349999904632568,6.150000095367432,6.25,5.1950554847717285,17400
2011-05-24,6.184999942779541,6.300000190734863,6.184999942779541,6.289999961853027,5.228303909301758,4600
2011-05-25,6.255000114440918,6.255000114440918,6.199999809265137,6.199999809265137,5.153494358062744,3800
2011-05-26,6.210000038146973,6.210000038146973,6.199999809265137,6.199999809265137,5.153494358062744,400
2011-05-27,6.210000038146973,6.244999885559082,6.210000038146973,6.244999885559082,5.1909003257751465,1600
2011-05-31,6.190000057220459,6.275000095367432,6.190000057220459,6.260000228881836,5.203367710113525,11400
2011-06-01,6.175000190734863,6.175000190734863,6.175000190734863,6.175000190734863,5.132715702056885,400
2011-06-02,6.215000152587891,6.21999979019165,6.215000152587891,6.21999979019165,5.170119285583496,2800
2011-06-03,6.235000133514404,6.25,6.224999904632568,6.25,5.1950554847717285,3000
2011-06-06,6.25,6.25,6.244999885559082,6.25,5.1950554847717285,2400
2011-06-07,6.25,6.25,6.25,6.25,5.1950554847717285,0
2011-06-08,6.260000228881836,6.275000095367432,6.21999979019165,6.21999979019165,5.170119285583496,20000
2011-06-09,6.25,6.295000076293945,6.25,6.275000095367432,5.215836048126221,28600
2011-06-10,6.309999942779541,6.440000057220459,6.309999942779541,6.425000190734863,5.340517997741699,9200
2011-06-13,6.389999866485596,6.400000095367432,6.389999866485596,6.400000095367432,5.319736957550049,5000
2011-06-14,6.400000095367432,6.400000095367432,6.400000095367432,6.400000095367432,5.319736957550049,0
2011-06-15,6.340000152587891,6.375,6.340000152587891,6.375,5.298956871032715,23400
2011-06-16,6.449999809265137,6.449999809265137,6.349999904632568,6.360000133514404,5.286489486694336,4000
2011-06-17,6.420000076293945,6.420000076293945,6.324999809265137,6.375,5.298956871032715,5200
2011-06-20,6.375,6.375,6.375,6.375,5.298956871032715,0
2011-06-21,6.394999980926514,6.425000190734863,6.394999980926514,6.425000190734863,5.340517997741699,2200
2011-06-22,6.425000190734863,6.425000190734863,6.425000190734863,6.425000190734863,5.340517997741699,0
2011-06-23,6.445000171661377,6.445000171661377,6.400000095367432,6.400000095367432,5.319736957550049,800
2011-06-24,6.449999809265137,6.485000133514404,6.349999904632568,6.349999904632568,5.278177261352539,8800
2011-06-27,6.349999904632568,6.619999885559082,6.349999904632568,6.514999866485596,5.415327072143555,1800
2011-06-28,6.449999809265137,6.815000057220459,6.449999809265137,6.739999771118164,5.602347373962402,39800
2011-06-29,6.650000095367432,7.085000038146973,6.650000095367432,7.085000038146973,5.919857025146484,18800
2011-06-30,7.070000171661377,7.5,6.880000114440918,7.375,6.162165641784668,56000
2011-07-01,7.375,7.480000019073486,7.275000095367432,7.275000095367432,6.078610897064209,26600
2011-07-05,7.125,7.364999771118164,7.105000019073486,7.199999809265137,6.01594352722168,21800
2011-07-06,7.230000019073486,7.25,7.230000019073486,7.230000019073486,6.041009902954102,1600
2011-07-07,7.25,7.324999809265137,7.230000019073486,7.235000133514404,6.045187950134277,16000
2011-07-08,7.03000020980835,7.300000190734863,7.03000020980835,7.230000019073486,6.041009902954102,47200
2011-07-11,7.210000038146973,7.210000038146973,7.034999847412109,7.054999828338623,5.894790649414063,3000
2011-07-12,7.03000020980835,7.199999809265137,7.03000020980835,7.175000190734863,5.99505615234375,5600
2011-07-13,7.199999809265137,7.230000019073486,7.175000190734863,7.230000019073486,6.041009902954102,4000
2011-07-14,7.230000019073486,7.264999866485596,7.230000019073486,7.244999885559082,6.053544044494629,3000
2011-07-15,7.360000133514404,7.375,7.360000133514404,7.375,6.162165641784668,2800
2011-07-18,7.349999904632568,7.505000114440918,7.349999904632568,7.5,6.266608238220215,21000
2011-07-19,7.525000095367432,7.525000095367432,7.525000095367432,7.525000095367432,6.287496566772461,200
2011-07-20,7.525000095367432,7.525000095367432,7.300000190734863,7.389999866485596,6.174698352813721,4600
2011-07-21,7.389999866485596,7.389999866485596,7.389999866485596,7.389999866485596,6.174698352813721,0
2011-07-22,7.400000095367432,7.525000095367432,7.329999923706055,7.414999961853027,6.195586681365967,4200
2011-07-25,7.414999961853027,7.414999961853027,7.414999961853027,7.414999961853027,6.195586681365967,0
2011-07-26,7.420000076293945,7.425000190734863,7.275000095367432,7.349999904632568,6.1412763595581055,5000
2011-07-27,7.295000076293945,7.369999885559082,7.130000114440918,7.130000114440918,5.957455158233643,1800
2011-07-28,6.929999828338623,7.21999979019165,6.929999828338623,7.074999809265137,5.911501407623291,5400
2011-07-29,6.929999828338623,7.050000190734863,6.659999847412109,7.005000114440918,5.853013038635254,5000
2011-08-01,7.119999885559082,7.125,7.005000114440918,7.019999980926514,5.865546226501465,10600
2011-08-02,7.284999847412109,7.625,7.284999847412109,7.474999904632568,6.245718479156494,9200
2011-08-03,7.474999904632568,8.524999618530273,7.474999904632568,8.399999618530273,7.01860237121582,46000
2011-08-04,8.399999618530273,8.449999809265137,8.125,8.175000190734863,6.830602169036865,24400
2011-08-05,8.1899995803833,8.350000381469727,8.0,8.0,6.684382915496826,9400
2011-08-08,8.0,8.0,7.5,7.875,6.579938888549805,8200
2011-08-09,7.875,7.875,7.5,7.644999980926514,6.387763500213623,19800
2011-08-10,7.644999980926514,7.644999980926514,7.644999980926514,7.644999980926514,6.387763500213623,0
2011-08-11,7.635000228881836,7.635000228881836,7.525000095367432,7.539999961853027,6.300028800964356,800
2011-08-12,7.539999961853027,7.539999961853027,7.539999961853027,7.539999961853027,6.300028800964356,0
2011-08-15,8.614999771118164,8.614999771118164,8.425000190734863,8.444999694824219,7.0562005043029785,1400
2011-08-16,8.265000343322754,8.609999656677246,8.265000343322754,8.524999618530273,7.123044013977051,1000
2011-08-17,8.524999618530273,8.524999618530273,8.225000381469727,8.364999771118164,6.989356517791748,3200
2011-08-18,8.335000038146973,8.335000038146973,8.225000381469727,8.239999771118164,6.884913921356201,2200
2011-08-19,8.375,8.375,8.234999656677246,8.234999656677246,6.880734443664551,2800
2011-08-22,8.460000038146973,8.460000038146973,7.875,7.875,6.579938888549805,5800
2011-08-23,7.835000038146973,8.25,7.824999809265137,7.875,6.579938888549805,3000
2011-08-24,7.875,8.020000457763672,7.875,7.875,6.579938888549805,7200
2011-08-25,8.045000076293945,8.045000076293945,7.684999942779541,7.800000190734863,6.517272472381592,2800
2011-08-26,7.630000114440918,7.994999885559082,7.630000114440918,7.940000057220459,6.634250164031982,5000
2011-08-29,7.985000133514404,8.119999885559082,7.985000133514404,8.119999885559082,6.784648418426514,9200
2011-08-30,8.114999771118164,8.140000343322754,8.085000038146973,8.085000038146973,6.755403995513916,1000
2011-08-31,8.069999694824219,8.085000038146973,8.069999694824219,8.085000038146973,6.755403995513916,6000
2011-09-01,7.664999961853027,8.109999656677246,7.639999866485596,8.0600004196167,6.734517574310303,2600
2011-09-02,8.0600004196167,8.0600004196167,8.0600004196167,8.0600004196167,6.734517574310303,0
2011-09-06,8.0600004196167,8.0600004196167,8.0600004196167,8.0600004196167,6.734517574310303,0
2011-09-07,8.0600004196167,8.0600004196167,8.0600004196167,8.0600004196167,6.734517574310303,0
2011-09-08,8.0600004196167,8.0600004196167,8.0600004196167,8.0600004196167,6.734517574310303,0
2011-09-09,8.595000267028809,8.614999771118164,8.595000267028809,8.614999771118164,7.198246002197266,400
2011-09-12,8.550000190734863,8.550000190734863,7.900000095367432,8.46500015258789,7.072912693023682,17400
2011-09-13,8.414999961853027,8.479999542236328,8.050000190734863,8.050000190734863,6.726159572601318,12600
2011-09-14,8.09000015258789,8.09000015258789,7.824999809265137,7.994999885559082,6.68020486831665,4200
2011-09-15,8.0,8.0,7.980000019073486,8.0,6.684382915496826,4200
2011-09-16,7.875,7.974999904632568,7.875,7.875,6.579938888549805,2800
2011-09-19,7.75,8.0,7.75,8.0,6.684382915496826,1600
2011-09-20,8.0,8.0,8.0,8.0,6.684382915496826,0
2011-09-21,7.96999979019165,7.96999979019165,7.96999979019165,7.96999979019165,6.6593170166015625,1000
2011-09-22,7.704999923706055,7.84499979019165,7.5,7.635000228881836,6.379406929016113,21800
2011-09-23,7.510000228881836,7.735000133514404,7.494999885559082,7.735000133514404,6.462963104248047,6400
2011-09-26,7.664999961853027,7.664999961853027,7.0,7.295000076293945,6.0953216552734375,13400
2011-09-27,7.380000114440918,7.644999980926514,7.380000114440918,7.619999885559082,6.366873264312744,5400
2011-09-28,7.875,7.945000171661377,7.670000076293945,7.739999771118164,6.496981620788574,2800
2011-09-29,7.739999771118164,7.739999771118164,7.739999771118164,7.739999771118164,6.496981620788574,0
2011-09-30,7.710000038146973,7.965000152587891,7.449999809265137,7.965000152587891,6.685849189758301,7200
2011-10-03,7.804999828338623,7.869999885559082,6.925000190734863,7.625,6.400450229644775,13000
2011-10-04,7.125,7.949999809265137,6.880000114440918,7.90500020980835,6.635483264923096,16400
2011-10-05,7.849999904632568,7.855000019073486,7.349999904632568,7.664999961853027,6.434027194976807,20400
2011-10-06,7.389999866485596,7.925000190734863,7.295000076293945,7.900000095367432,6.631287097930908,17800
2011-10-07,7.900000095367432,7.900000095367432,7.900000095367432,7.900000095367432,6.631287097930908,0
2011-10-10,7.755000114440918,7.760000228881836,7.699999809265137,7.704999923706055,6.467602252960205,4400
2011-10-11,7.650000095367432,7.78000020980835,7.650000095367432,7.75,6.505377292633057,1600
2011-10-12,7.465000152587891,7.570000171661377,7.465000152587891,7.570000171661377,6.354282855987549,1400
2011-10-13,7.570000171661377,7.570000171661377,7.570000171661377,7.570000171661377,6.354282855987549,0
2011-10-14,7.570000171661377,7.570000171661377,7.570000171661377,7.570000171661377,6.354282855987549,0
2011-10-17,7.300000190734863,7.605000019073486,7.300000190734863,7.5,6.295525550842285,3000
2011-10-18,7.650000095367432,7.650000095367432,7.364999771118164,7.445000171661377,6.2493577003479,3200
2011-10-19,7.125,7.800000190734863,7.125,7.800000190734863,6.547345161437988,3200
2011-10-20,7.59499979019165,7.800000190734863,7.59499979019165,7.800000190734863,6.547345161437988,3000
2011-10-21,7.800000190734863,7.800000190734863,7.75,7.75,6.505377292633057,3600
2011-10-24,7.75,7.75,7.75,7.75,6.505377292633057,0
2011-10-25,7.75,7.75,7.75,7.75,6.505377292633057,0
2011-10-26,7.349999904632568,7.824999809265137,7.349999904632568,7.550000190734863,6.337496280670166,2800
2011-10-27,7.380000114440918,7.824999809265137,7.380000114440918,7.65500020980835,6.425633430480957,6000
2011-10-28,7.914999961853027,8.244999885559082,7.800000190734863,8.244999885559082,6.920882701873779,14400
2011-10-31,8.039999961853027,8.039999961853027,8.039999961853027,8.039999961853027,6.74880313873291,1200
2011-11-01,8.039999961853027,8.039999961853027,8.039999961853027,8.039999961853027,6.74880313873291,0
2011-11-02,7.889999866485596,7.889999866485596,7.875,7.875,6.610301017761231,600
2011-11-03,8.0,8.085000038146973,7.875,7.875,6.610301017761231,2400
2011-11-04,8.229999542236328,8.229999542236328,8.229999542236328,8.229999542236328,6.908287525177002,200
2011-11-07,7.875,8.324999809265137,7.875,8.279999732971191,6.950261116027832,22200
2011-11-08,8.270000457763672,8.270000457763672,8.069999694824219,8.069999694824219,6.773984432220459,7800
2011-11-09,7.880000114440918,8.069999694824219,7.875,8.0649995803833,6.769786834716797,4400
2011-11-10,8.135000228881836,8.194999694824219,8.074999809265137,8.085000038146973,6.786576271057129,11200
2011-11-11,8.085000038146973,8.085000038146973,8.085000038146973,8.085000038146973,6.786576271057129,0
2011-11-14,8.0649995803833,8.194999694824219,7.949999809265137,8.194999694824219,6.878910541534424,5400
2011-11-15,8.175000190734863,8.260000228881836,7.925000190734863,8.005000114440918,6.719424247741699,16600
2011-11-16,7.849999904632568,7.849999904632568,7.849999904632568,7.849999904632568,6.589317798614502,400
2011-11-17,7.945000171661377,8.15999984741211,7.849999904632568,8.109999656677246,6.807561874389648,10800
2011-11-18,8.369999885559082,8.444999694824219,8.244999885559082,8.404999732971191,7.055184364318848,8600
2011-11-21,8.050000190734863,8.375,8.050000190734863,8.350000381469727,7.0090179443359375,3000
2011-11-22,7.775000095367432,8.25,7.775000095367432,8.149999618530273,6.841137886047363,7000
2011-11-23,8.149999618530273,8.149999618530273,8.149999618530273,8.149999618530273,6.841137886047363,0
2011-11-25,8.149999618530273,8.149999618530273,8.149999618530273,8.149999618530273,6.841137886047363,0
2011-11-28,8.300000190734863,8.300000190734863,8.045000076293945,8.045000076293945,6.752999782562256,4000
2011-11-29,8.0600004196167,8.0600004196167,8.055000305175781,8.0600004196167,6.765592575073242,6400
2011-11-30,8.119999885559082,8.234999656677246,8.100000381469727,8.234999656677246,6.912486553192139,15800
2011-12-01,8.494999885559082,8.619999885559082,8.4399995803833,8.619999885559082,7.23565673828125,6600
2011-12-02,8.46500015258789,8.5,8.449999809265137,8.449999809265137,7.092958450317383,3200
2011-12-05,8.079999923706055,8.5,8.079999923706055,8.5,7.13493013381958,7600
2011-12-06,8.5,8.5,8.229999542236328,8.229999542236328,6.908287525177002,1600
2011-12-07,8.385000228881836,8.399999618530273,8.100000381469727,8.135000228881836,6.828546047210693,14800
2011-12-08,8.125,8.125,8.100000381469727,8.125,6.820152282714844,4600
2011-12-09,8.149999618530273,8.149999618530273,8.149999618530273,8.149999618530273,6.841137886047363,1000
2011-12-12,8.149999618530273,8.149999618530273,8.149999618530273,8.149999618530273,6.841137886047363,0
2011-12-13,8.149999618530273,8.149999618530273,8.149999618530273,8.149999618530273,6.841137886047363,0
2011-12-14,8.109999656677246,8.149999618530273,8.109999656677246,8.149999618530273,6.841137886047363,2200
2011-12-15,8.164999961853027,8.164999961853027,8.15999984741211,8.164999961853027,6.853729248046875,1000
2011-12-16,8.3149995803833,8.329999923706055,8.3149995803833,8.329999923706055,6.992230415344238,1200
2011-12-19,8.329999923706055,8.375,8.15999984741211,8.375,7.030003070831299,3400
2011-12-20,8.335000038146973,8.335000038146973,8.225000381469727,8.324999809265137,6.988035202026367,15600
2011-12-21,8.149999618530273,8.300000190734863,8.149999618530273,8.229999542236328,6.908287525177002,7200
2011-12-22,8.300000190734863,8.300000190734863,8.300000190734863,8.300000190734863,6.967047214508057,2400
2011-12-23,8.274999618530273,8.274999618530273,8.1899995803833,8.274999618530273,6.9460625648498535,2200
2011-12-27,8.149999618530273,8.350000381469727,8.149999618530273,8.300000190734863,6.967047214508057,15000
2011-12-28,8.154999732971191,8.300000190734863,8.09000015258789,8.300000190734863,6.996551513671875,3200
2011-12-29,8.28499984741211,8.300000190734863,8.225000381469727,8.225000381469727,6.933327674865723,6400
2011-12-30,8.15999984741211,8.300000190734863,8.15999984741211,8.25,6.954402446746826,5200
2012-01-03,8.619999885559082,8.619999885559082,8.050000190734863,8.135000228881836,6.857463359832764,4200
2012-01-04,8.220000267028809,8.260000228881836,8.220000267028809,8.260000228881836,6.962834358215332,1400
2012-01-05,8.25,8.25,8.15999984741211,8.15999984741211,6.878536224365234,8200
2012-01-06,8.15999984741211,8.15999984741211,8.15999984741211,8.15999984741211,6.878536224365234,0
2012-01-09,8.199999809265137,8.21500015258789,8.154999732971191,8.154999732971191,6.874322891235352,6000
2012-01-10,8.154999732971191,8.154999732971191,8.154999732971191,8.154999732971191,6.874322891235352,0
2012-01-11,8.039999961853027,8.050000190734863,7.40500020980835,8.050000190734863,6.785810947418213,10000
2012-01-12,8.005000114440918,8.074999809265137,7.989999771118164,8.074999809265137,6.806885719299316,3400
2012-01-13,8.074999809265137,8.074999809265137,8.074999809265137,8.074999809265137,6.806885719299316,0
2012-01-17,8.074999809265137,8.28499984741211,7.675000190734863,8.25,6.954402446746826,10600
2012-01-18,8.085000038146973,8.085000038146973,8.085000038146973,8.085000038146973,6.815314769744873,200
2012-01-19,8.085000038146973,8.085000038146973,8.085000038146973,8.085000038146973,6.815314769744873,0
2012-01-20,7.989999771118164,7.989999771118164,7.989999771118164,7.989999771118164,6.735235691070557,4400
2012-01-23,7.84499979019165,8.010000228881836,7.690000057220459,8.010000228881836,6.75209379196167,1200
2012-01-24,8.229999542236328,8.229999542236328,8.170000076293945,8.170000076293945,6.88696813583374,800
2012-01-25,8.050000190734863,8.0600004196167,8.050000190734863,8.050000190734863,6.785810947418213,3600
2012-01-26,7.965000152587891,7.965000152587891,7.940000057220459,7.940000057220459,6.693087100982666,4600
2012-01-27,7.940000057220459,7.940000057220459,7.940000057220459,7.940000057220459,6.693087100982666,0
2012-01-30,7.965000152587891,8.239999771118164,7.900000095367432,8.239999771118164,6.945971965789795,3600
2012-01-31,8.079999923706055,8.305000305175781,8.074999809265137,8.305000305175781,7.000767230987549,7400
2012-02-01,8.375,8.380000114440918,8.34000015258789,8.380000114440918,7.063987255096436,6400
2012-02-02,8.234999656677246,8.375,8.225000381469727,8.375,7.059772491455078,5200
2012-02-03,8.484999656677246,8.75,8.484999656677246,8.75,7.375880718231201,9800
2012-02-06,8.944999694824219,9.449999809265137,8.944999694824219,9.324999809265137,7.860583782196045,7400
2012-02-07,9.225000381469728,9.225000381469728,9.0,9.039999961853027,7.620340347290039,82800
2012-02-08,9.100000381469728,9.324999809265137,9.0,9.324999809265137,7.860583782196045,3800
2012-02-09,9.324999809265137,9.324999809265137,9.324999809265137,9.324999809265137,7.860583782196045,0
2012-02-10,9.1899995803833,9.3100004196167,9.010000228881836,9.0600004196167,7.637199878692627,8200
2012-02-13,9.0600004196167,9.0600004196167,9.0600004196167,9.0600004196167,7.637199878692627,0
2012-02-14,8.765000343322754,9.0,8.760000228881836,9.0,7.586620807647705,3400
2012-02-15,8.994999885559082,9.0,8.75,8.850000381469727,7.460178852081299,19800
2012-02-16,8.835000038146973,8.835000038146973,8.835000038146973,8.835000038146973,7.44753360748291,200
2012-02-17,8.845000267028809,8.845000267028809,8.845000267028809,8.845000267028809,7.455965042114258,400
2012-02-21,8.800000190734863,8.800000190734863,8.800000190734863,8.800000190734863,7.418031215667725,200
2012-02-22,8.8100004196167,8.8100004196167,8.8100004196167,8.8100004196167,7.426459312438965,200
2012-02-23,8.994999885559082,9.005000114440918,8.979999542236328,8.994999885559082,7.582407474517822,10800
2012-02-24,9.074999809265137,9.074999809265137,9.074999809265137,9.074999809265137,7.649841785430908,1000
2012-02-27,9.074999809265137,9.074999809265137,9.074999809265137,9.074999809265137,7.649841785430908,0
2012-02-28,9.149999618530272,9.149999618530272,9.074999809265137,9.149999618530272,7.713065624237059,1600
2012-02-29,9.010000228881836,9.010000228881836,8.984999656677246,8.984999656677246,7.573977470397949,800
2012-03-01,9.010000228881836,9.010000228881836,9.010000228881836,9.010000228881836,7.5950517654418945,400
2012-03-02,9.149999618530272,9.149999618530272,9.0,9.0,7.586620807647705,1000
2012-03-05,8.984999656677246,9.0,8.984999656677246,9.0,7.586620807647705,3000
2012-03-06,8.96500015258789,8.96500015258789,8.845000267028809,8.925000190734863,7.52340030670166,2400
2012-03-07,8.925000190734863,8.925000190734863,8.925000190734863,8.925000190734863,7.52340030670166,0
2012-03-08,8.829999923706055,8.829999923706055,8.829999923706055,8.829999923706055,7.443320274353027,400
2012-03-09,9.005000114440918,9.149999618530272,9.005000114440918,9.0600004196167,7.637199878692627,2200
2012-03-12,9.28499984741211,9.295000076293944,9.05500030517578,9.210000038146973,7.7636399269104,3200
2012-03-13,9.239999771118164,9.239999771118164,9.239999771118164,9.239999771118164,7.7889299392700195,600
2012-03-14,9.239999771118164,9.239999771118164,9.229999542236328,9.239999771118164,7.7889299392700195,7600
2012-03-15,9.244999885559082,9.244999885559082,9.239999771118164,9.239999771118164,7.7889299392700195,1800
2012-03-16,9.239999771118164,9.244999885559082,9.239999771118164,9.239999771118164,7.7889299392700195,1000
2012-03-19,9.225000381469728,9.274999618530272,9.135000228881836,9.225000381469728,7.776286602020264,11000
2012-03-20,9.225000381469728,9.225000381469728,9.225000381469728,9.225000381469728,7.776286602020264,0
2012-03-21,9.225000381469728,9.34000015258789,9.225000381469728,9.34000015258789,7.873228073120117,2800
2012-03-22,9.34000015258789,9.34000015258789,9.34000015258789,9.34000015258789,7.873228073120117,2200
2012-03-23,9.229999542236328,9.229999542236328,9.225000381469728,9.225000381469728,7.776286602020264,1400
2012-03-26,9.34000015258789,9.4399995803833,9.335000038146973,9.4399995803833,7.957522869110107,2600
2012-03-27,9.5,9.5,9.475000381469728,9.5,8.008100509643555,1800
2012-03-28,9.5,9.5,9.5,9.5,8.037714958190918,0
2012-03-29,9.5,9.5,9.5,9.5,8.037714958190918,0
2012-03-30,9.5,9.5,9.5,9.5,8.037714958190918,400
2012-04-02,9.71500015258789,9.720000267028809,9.71500015258789,9.720000267028809,8.22385311126709,5200
2012-04-03,9.875,9.875,9.875,9.875,8.35499382019043,400
2012-04-04,9.850000381469728,9.850000381469728,9.850000381469728,9.850000381469728,8.333840370178223,200
2012-04-05,9.729999542236328,9.729999542236328,9.729999542236328,9.729999542236328,8.232309341430664,400
2012-04-09,9.779999732971191,9.850000381469728,9.675000190734863,9.675000190734863,8.185776710510254,2200
2012-04-10,9.84000015258789,9.875,9.84000015258789,9.859999656677246,8.342297554016113,3000
2012-04-11,9.869999885559082,9.875,9.869999885559082,9.875,8.35499382019043,1200
2012-04-12,9.875,9.875,9.875,9.875,8.35499382019043,600
2012-04-13,9.970000267028809,10.494999885559082,9.970000267028809,10.494999885559082,8.879558563232422,7800
2012-04-16,10.994999885559082,10.994999885559082,10.55500030517578,10.875,9.20106601715088,9200
2012-04-17,10.760000228881836,11.425000190734863,10.760000228881836,11.425000190734863,9.666406631469728,800
2012-04-18,11.43000030517578,11.43000030517578,11.25,11.25,9.518345832824709,3600
2012-04-19,11.25,11.375,11.25,11.345000267028809,9.598724365234377,8000
2012-04-20,11.369999885559082,11.369999885559082,11.244999885559082,11.28499984741211,9.547958374023438,14800
2012-04-23,11.279999732971191,11.28499984741211,11.199999809265137,11.199999809265137,9.47604274749756,3000
2012-04-24,11.199999809265137,11.75,11.199999809265137,11.744999885559082,9.937150955200195,6400
2012-04-25,11.210000038146973,11.6899995803833,11.210000038146973,11.5,9.729866027832031,29200
2012-04-26,11.255000114440918,11.255000114440918,11.199999809265137,11.199999809265137,9.47604274749756,4800
2012-04-27,11.34000015258789,11.34000015258789,10.774999618530272,10.875,9.20106601715088,16400
2012-04-30,11.0,11.364999771118164,11.0,11.364999771118164,9.615645408630373,5600
2012-05-01,11.289999961853027,11.289999961853027,11.0,11.0,9.306828498840332,2000
2012-05-02,11.744999885559082,11.744999885559082,11.25,11.53499984741211,9.759476661682127,16600
2012-05-03,11.600000381469728,11.600000381469728,11.600000381469728,11.600000381469728,9.81447410583496,600
2012-05-04,11.25,11.470000267028809,11.25,11.364999771118164,9.615645408630373,3000
2012-05-07,11.295000076293944,11.385000228881836,10.824999809265137,11.385000228881836,9.632566452026367,115800
2012-05-08,11.345000267028809,11.524999618530272,11.345000267028809,11.524999618530272,9.751014709472656,3600
2012-05-09,11.454999923706056,11.454999923706056,11.454999923706056,11.454999923706056,9.691790580749512,600
2012-05-10,11.350000381469728,11.350000381469728,10.824999809265137,10.824999809265137,9.158764839172363,1400
2012-05-11,10.824999809265137,11.175000190734863,10.824999809265137,11.09000015258789,9.382972717285156,3400
2012-05-14,11.135000228881836,11.135000228881836,10.93000030517578,10.93000030517578,9.247601509094238,1600
2012-05-15,11.119999885559082,11.119999885559082,10.824999809265137,10.824999809265137,9.158764839172363,1600
2012-05-16,11.0,11.0,10.824999809265137,10.824999809265137,9.158764839172363,1800
2012-05-17,10.829999923706056,10.880000114440918,10.8149995803833,10.875,9.20106601715088,6600
2012-05-18,10.774999618530272,11.0,10.5600004196167,10.960000038146973,9.272982597351074,6800
2012-05-21,11.470000267028809,11.470000267028809,11.470000267028809,11.470000267028809,9.704483032226562,400
2012-05-22,11.449999809265137,11.449999809265137,10.979999542236328,10.979999542236328,9.289905548095703,600
2012-05-23,10.899999618530272,11.489999771118164,10.899999618530272,10.975000381469728,9.285675048828123,1800
2012-05-24,11.0,11.0,10.989999771118164,11.0,9.306828498840332,2400
2012-05-25,11.050000190734863,11.0600004196167,11.050000190734863,11.0600004196167,9.357590675354004,1000
2012-05-29,11.454999923706056,11.454999923706056,11.425000190734863,11.425000190734863,9.666406631469728,3200
2012-05-30,11.260000228881836,11.260000228881836,10.975000381469728,11.25,9.518345832824709,2600
2012-05-31,11.25,11.25,11.25,11.25,9.518345832824709,0
2012-06-01,10.824999809265137,11.0,10.75,11.0,9.306828498840332,2800
2012-06-04,10.600000381469728,10.824999809265137,8.100000381469727,10.505000114440918,8.888020515441895,14400
2012-06-05,10.274999618530272,10.274999618530272,10.274999618530272,10.274999618530272,8.69342041015625,400
2012-06-06,10.295000076293944,10.449999809265137,10.029999732971191,10.375,8.778029441833496,4400
2012-06-07,10.399999618530272,10.399999618530272,10.399999618530272,10.399999618530272,8.799179077148438,400
2012-06-08,10.475000381469728,10.475000381469728,10.125,10.265000343322754,8.684961318969727,9200
2012-06-11,10.350000381469728,10.8149995803833,10.350000381469728,10.425000190734863,8.82033634185791,1600
2012-06-12,10.425000190734863,10.425000190734863,10.425000190734863,10.425000190734863,8.82033634185791,0
2012-06-13,10.425000190734863,10.425000190734863,10.399999618530272,10.399999618530272,8.799179077148438,6400
2012-06-14,10.375,10.390000343322754,10.364999771118164,10.364999771118164,8.769567489624023,12800
2012-06-15,10.5,10.515000343322754,10.5,10.5,8.883790016174316,8400
2012-06-18,10.5,10.625,10.5,10.5,8.883790016174316,5400
2012-06-19,10.625,10.625,10.625,10.625,8.989548683166504,1000
2012-06-20,10.5,11.345000267028809,10.5,11.0,9.306828498840332,6200
2012-06-21,11.0,11.0,11.0,11.0,9.306828498840332,0
2012-06-22,11.114999771118164,11.489999771118164,11.114999771118164,11.225000381469728,9.4971923828125,10600
2012-06-25,11.289999961853027,11.289999961853027,11.25,11.25,9.518345832824709,11200
2012-06-26,11.289999961853027,11.300000190734863,11.25,11.25,9.518345832824709,1600
2012-06-27,11.25,11.289999961853027,11.25,11.289999961853027,9.58199977874756,22800
2012-06-28,11.350000381469728,11.359999656677246,11.350000381469728,11.350000381469728,9.63292121887207,5000
2012-06-29,11.350000381469728,11.350000381469728,11.350000381469728,11.350000381469728,9.63292121887207,3200
2012-07-02,11.21500015258789,11.21500015258789,11.21500015258789,11.21500015258789,9.518345832824709,400
2012-07-03,11.21500015258789,11.21500015258789,11.21500015258789,11.21500015258789,9.518345832824709,0
2012-07-05,11.25,11.25,11.220000267028809,11.220000267028809,9.522587776184082,2200
2012-07-06,11.149999618530272,11.149999618530272,11.149999618530272,11.149999618530272,9.463178634643556,200
2012-07-09,11.21500015258789,11.4399995803833,11.095000267028809,11.095000267028809,9.416499137878418,1600
2012-07-10,11.204999923706056,11.414999961853027,11.199999809265137,11.395000457763672,9.671113967895508,6000
2012-07-11,11.4350004196167,11.4399995803833,11.4350004196167,11.4399995803833,9.709305763244627,2800
2012-07-12,11.425000190734863,11.4399995803833,11.425000190734863,11.4399995803833,9.709305763244627,2000
2012-07-13,11.454999923706056,11.454999923706056,11.255000114440918,11.279999732971191,9.573508262634276,2000
2012-07-16,11.494999885559082,11.5,11.484999656677246,11.484999656677246,9.74749755859375,3400
2012-07-17,11.5,11.5,11.5,11.5,9.76023006439209,1200
2012-07-18,11.40999984741211,11.5,11.40999984741211,11.5,9.76023006439209,8600
2012-07-19,11.029999732971191,11.404999732971191,11.020000457763672,11.404999732971191,9.67959976196289,800
2012-07-20,11.4350004196167,11.4350004196167,11.255000114440918,11.40999984741211,9.683843612670898,2600
2012-07-23,11.25,11.5,11.135000228881836,11.369999885559082,9.649897575378418,21200
2012-07-24,11.369999885559082,11.369999885559082,11.369999885559082,11.369999885559082,9.649897575378418,0
2012-07-25,11.25,11.350000381469728,11.25,11.350000381469728,9.63292121887207,8600
2012-07-26,11.350000381469728,11.350000381469728,11.350000381469728,11.350000381469728,9.63292121887207,0
2012-07-27,11.5,11.5,11.5,11.5,9.76023006439209,2000
2012-07-30,10.0,11.369999885559082,10.0,10.899999618530272,9.25100040435791,39600
2012-07-31,11.125,11.130000114440918,10.9399995803833,11.130000114440918,9.446205139160156,2000
2012-08-01,11.324999809265137,11.324999809265137,11.300000190734863,11.300000190734863,9.590484619140623,800
2012-08-02,11.220000267028809,11.220000267028809,11.175000190734863,11.175000190734863,9.484396934509276,2200
2012-08-03,11.175000190734863,11.175000190734863,11.175000190734863,11.175000190734863,9.484396934509276,0
2012-08-06,11.1850004196167,11.1850004196167,11.175000190734863,11.175000190734863,9.484396934509276,1000
2012-08-07,11.005000114440918,11.399999618530272,11.005000114440918,11.350000381469728,9.63292121887207,15400
2012-08-08,11.21500015258789,11.539999961853027,11.21500015258789,11.449999809265137,9.717790603637695,6600
2012-08-09,11.1850004196167,11.1850004196167,11.1850004196167,11.1850004196167,9.492884635925291,400
2012-08-10,11.244999885559082,11.244999885559082,11.244999885559082,11.244999885559082,9.543806076049805,600
2012-08-13,11.600000381469728,11.625,11.489999771118164,11.5,9.76023006439209,2600
2012-08-14,11.515000343322754,11.515000343322754,11.515000343322754,11.515000343322754,9.772960662841797,600
2012-08-15,11.515000343322754,11.604999542236328,11.505000114440918,11.604999542236328,9.84934425354004,8600
2012-08-16,11.625,11.625,11.604999542236328,11.604999542236328,9.84934425354004,600
2012-08-17,11.625,11.625,11.524999618530272,11.524999618530272,9.781447410583496,600
2012-08-20,11.625,11.625,11.625,11.625,9.866318702697754,600
2012-08-21,11.625,11.649999618530272,11.524999618530272,11.524999618530272,9.781447410583496,40000
2012-08-22,11.524999618530272,11.574999809265137,11.524999618530272,11.574999809265137,9.823883056640623,3800
2012-08-23,11.649999618530272,11.649999618530272,11.524999618530272,11.524999618530272,9.781447410583496,1600
2012-08-24,11.529999732971191,11.550000190734863,11.529999732971191,11.550000190734863,9.802663803100586,600
2012-08-27,11.550000190734863,11.550000190734863,11.5,11.545000076293944,9.798420906066896,30800
2012-08-28,11.550000190734863,11.625,11.550000190734863,11.625,9.866318702697754,800
2012-08-29,11.625,11.625,11.604999542236328,11.604999542236328,9.84934425354004,3000
2012-08-30,11.529999732971191,11.529999732971191,11.529999732971191,11.529999732971191,9.785691261291504,400
2012-08-31,11.53499984741211,11.53499984741211,11.53499984741211,11.53499984741211,9.789934158325195,200
2012-09-04,11.524999618530272,11.59000015258789,11.524999618530272,11.524999618530272,9.781447410583496,7000
2012-09-05,11.625,11.625,11.505000114440918,11.505000114440918,9.764471054077148,8600
2012-09-06,11.5649995803833,11.625,11.5649995803833,11.625,9.866318702697754,2200
2012-09-07,11.625,11.625,11.53499984741211,11.53499984741211,9.789934158325195,11000
2012-09-10,11.515000343322754,11.550000190734863,11.515000343322754,11.550000190734863,9.802663803100586,3000
2012-09-11,11.550000190734863,11.774999618530272,11.550000190734863,11.635000228881836,9.874807357788086,6600
2012-09-12,11.625,11.625,11.625,11.625,9.866318702697754,400
2012-09-13,11.765000343322754,11.774999618530272,11.765000343322754,11.774999618530272,9.99362564086914,3200
2012-09-14,11.829999923706056,12.0,11.829999923706056,11.994999885559082,10.180339813232422,2000
2012-09-17,12.0,12.25,12.0,12.100000381469728,10.26946258544922,7400
2012-09-18,12.100000381469728,12.100000381469728,12.100000381469728,12.100000381469728,10.26946258544922,800
2012-09-19,12.25,12.255000114440918,12.100000381469728,12.25,10.396764755249023,4000
2012-09-20,12.25,12.25,12.25,12.25,10.396764755249023,0
2012-09-21,12.25,12.25,11.779999732971191,12.0,10.184587478637695,1600
2012-09-24,12.125,12.125,12.074999809265137,12.074999809265137,10.24824047088623,2800
2012-09-25,12.170000076293944,12.25,12.03499984741211,12.125,10.290675163269045,6600
2012-09-26,12.145000457763672,12.145000457763672,12.125,12.125,10.290675163269045,2200
2012-09-27,12.050000190734863,12.25,12.045000076293944,12.239999771118164,10.418353080749512,4400
2012-09-28,12.1850004196167,12.239999771118164,12.024999618530272,12.045000076293944,10.252373695373535,1800
2012-10-01,12.229999542236328,12.229999542236328,12.06999969482422,12.06999969482422,10.27365493774414,4800
2012-10-02,12.0649995803833,12.06999969482422,11.380000114440918,12.06999969482422,10.27365493774414,4200
2012-10-03,12.095000267028809,12.095000267028809,12.095000267028809,12.095000267028809,10.294933319091797,800
2012-10-04,12.09000015258789,12.135000228881836,12.074999809265137,12.135000228881836,10.328978538513184,1200
2012-10-05,12.125,12.25,12.0649995803833,12.25,10.426864624023438,5400
2012-10-08,12.289999961853027,12.3149995803833,12.289999961853027,12.3100004196167,10.477934837341309,3000
2012-10-09,12.06999969482422,12.06999969482422,12.06999969482422,12.06999969482422,10.27365493774414,600
2012-10-10,12.100000381469728,12.25,12.100000381469728,12.25,10.426864624023438,1400
2012-10-11,12.25,12.369999885559082,12.25,12.300000190734863,10.4694242477417,12600
2012-10-12,12.300000190734863,12.300000190734863,12.300000190734863,12.300000190734863,10.4694242477417,0
2012-10-15,12.34000015258789,12.369999885559082,12.300000190734863,12.359999656677246,10.520492553710938,2000
2012-10-16,12.369999885559082,12.369999885559082,12.369999885559082,12.369999885559082,10.529003143310549,600
2012-10-17,12.25,12.25,12.109999656677246,12.225000381469728,10.405585289001465,10600
2012-10-18,12.114999771118164,12.119999885559082,12.109999656677246,12.109999656677246,10.307700157165527,10800
2012-10-19,12.125,12.15999984741211,12.109999656677246,12.109999656677246,10.307700157165527,4200
2012-10-22,11.704999923706056,12.239999771118164,11.630000114440918,12.19499969482422,10.380048751831056,4800
2012-10-23,12.15999984741211,12.234999656677246,11.875,12.020000457763672,10.23109531402588,3800
2012-10-24,12.029999732971191,12.029999732971191,12.029999732971191,12.029999732971191,10.23960304260254,600
2012-10-25,12.029999732971191,12.029999732971191,12.029999732971191,12.029999732971191,10.23960304260254,0
2012-10-26,12.1899995803833,12.4399995803833,12.15999984741211,12.199999809265137,10.384305000305176,23400
2012-10-31,12.300000190734863,12.300000190734863,12.300000190734863,12.300000190734863,10.4694242477417,600
2012-11-01,12.28499984741211,13.149999618530272,12.0,12.074999809265137,10.277908325195312,28600
2012-11-02,12.149999618530272,12.149999618530272,12.074999809265137,12.074999809265137,10.277908325195312,4800
2012-11-05,12.130000114440918,12.25,12.074999809265137,12.25,10.426864624023438,11000
2012-11-06,12.25,12.25,12.0,12.0,10.214073181152344,11400
2012-11-07,11.975000381469728,12.0649995803833,11.75,12.050000190734863,10.25662899017334,3600
2012-11-08,12.05500030517578,12.079999923706056,11.835000038146973,12.0,10.214073181152344,9000
2012-11-09,12.0,12.0,11.75,11.75,10.00127410888672,3000
2012-11-12,11.864999771118164,11.864999771118164,11.75,11.75,10.00127410888672,2200
2012-11-13,11.75,11.75,11.520000457763672,11.649999618530272,9.916159629821776,5200
2012-11-14,11.649999618530272,11.760000228881836,11.4399995803833,11.5,9.788484573364258,12800
2012-11-15,11.8100004196167,11.8100004196167,11.520000457763672,11.625,9.894883155822754,6000
2012-11-16,11.75,11.75,11.1899995803833,11.524999618530272,9.80976390838623,11200
2012-11-19,11.6899995803833,11.845000267028809,11.5,11.5,9.788484573364258,12200
2012-11-20,11.625,11.635000228881836,11.324999809265137,11.324999809265137,9.639527320861816,7800
2012-11-21,11.364999771118164,11.625,11.364999771118164,11.600000381469728,9.873602867126465,5000
2012-11-23,11.65999984741211,11.65999984741211,11.65999984741211,11.65999984741211,9.924671173095703,400
2012-11-26,11.6850004196167,11.854999542236328,11.6850004196167,11.854999542236328,10.090648651123049,600
2012-11-27,11.845000267028809,11.920000076293944,11.675000190734863,11.920000076293944,10.145977020263672,10400
2012-11-28,11.8149995803833,11.920000076293944,11.710000038146973,11.920000076293944,10.145977020263672,4800
2012-11-29,11.895000457763672,11.895000457763672,11.675000190734863,11.880000114440918,10.111930847167969,1000
2012-11-30,11.6850004196167,11.789999961853027,11.255000114440918,11.789999961853027,10.035326957702637,4600
2012-12-03,11.75,11.970000267028809,11.699999809265137,11.800000190734863,10.04383659362793,19600
2012-12-04,11.925000190734863,11.984999656677246,11.699999809265137,11.699999809265137,9.95871925354004,40200
2012-12-05,11.654999732971191,11.744999885559082,11.529999732971191,11.5600004196167,9.839555740356444,508600
2012-12-06,11.5600004196167,11.625,11.5,11.625,9.894883155822754,29200
2012-12-07,11.625,11.625,11.505000114440918,11.539999961853027,9.822531700134276,81600
2012-12-10,11.595000267028809,11.614999771118164,11.475000381469728,11.515000343322754,9.801251411437988,62800
2012-12-11,11.550000190734863,11.550000190734863,11.5,11.515000343322754,9.801251411437988,33400
2012-12-12,11.5600004196167,11.574999809265137,11.5,11.529999732971191,9.814017295837402,53400
2012-12-13,11.484999656677246,11.550000190734863,11.484999656677246,11.529999732971191,9.814017295837402,26600
2012-12-14,11.5,11.550000190734863,11.5,11.539999961853027,9.822531700134276,43800
2012-12-17,11.5600004196167,11.59000015258789,11.475000381469728,11.475000381469728,9.767207145690918,26800
2012-12-18,11.5,11.574999809265137,11.475000381469728,11.505000114440918,9.79273796081543,6000
2012-12-19,11.574999809265137,11.574999809265137,11.475000381469728,11.475000381469728,9.767207145690918,12000
2012-12-20,11.5,11.510000228881836,11.475000381469728,11.475000381469728,9.767207145690918,20000
2012-12-21,11.479999542236328,11.494999885559082,11.475000381469728,11.475000381469728,9.767207145690918,10200
2012-12-24,11.449999809265137,11.5,11.449999809265137,11.470000267028809,9.76294994354248,5600
2012-12-26,11.475000381469728,11.5,11.475000381469728,11.479999542236328,9.771461486816406,17400
2012-12-27,11.449999809265137,11.520000457763672,11.449999809265137,11.475000381469728,9.797076225280762,7600
2012-12-28,11.475000381469728,11.505000114440918,11.475000381469728,11.505000114440918,9.822686195373535,4000
2012-12-31,11.5,11.520000457763672,11.454999923706056,11.475000381469728,9.797076225280762,15800
2013-01-02,11.5,11.524999618530272,11.475000381469728,11.515000343322754,9.831223487854004,43200
2013-01-03,11.470000267028809,11.550000190734863,11.449999809265137,11.5,9.818418502807615,12600
2013-01-04,11.5,11.550000190734863,11.475000381469728,11.505000114440918,9.822686195373535,21800
2013-01-07,11.5,11.604999542236328,11.420000076293944,11.545000076293944,9.856837272644045,96000
2013-01-08,11.550000190734863,11.55500030517578,11.5,11.505000114440918,9.822686195373535,8800
2013-01-09,11.5,11.55500030517578,11.5,11.550000190734863,9.861106872558594,4600
2013-01-10,11.505000114440918,11.574999809265137,11.505000114440918,11.5600004196167,9.86964511871338,13600
2013-01-11,11.640000343322754,11.675000190734863,11.609999656677246,11.649999618530272,9.94648551940918,21400
2013-01-14,11.675000190734863,11.800000190734863,11.649999618530272,11.720000267028809,10.00624942779541,46800
2013-01-15,11.75,11.859999656677246,11.6899995803833,11.80500030517578,10.07882308959961,28400
2013-01-16,11.864999771118164,11.864999771118164,11.739999771118164,11.8149995803833,10.087356567382812,2400
2013-01-17,11.765000343322754,11.989999771118164,11.649999618530272,11.954999923706056,10.206884384155272,33600
2013-01-18,11.885000228881836,11.975000381469728,11.875,11.899999618530272,10.159930229187012,15400
2013-01-22,11.890000343322754,11.890000343322754,11.420000076293944,11.670000076293944,9.963562965393066,45200
2013-01-23,11.699999809265137,11.864999771118164,11.635000228881836,11.864999771118164,10.130047798156738,21200
2013-01-24,11.859999656677246,11.859999656677246,11.635000228881836,11.824999809265137,10.09589672088623,6000
2013-01-25,11.755000114440918,11.774999618530272,11.630000114440918,11.760000228881836,10.040400505065918,6600
2013-01-28,11.744999885559082,11.75,11.630000114440918,11.75,10.0318603515625,8200
2013-01-29,11.800000190734863,11.975000381469728,11.75,11.975000381469728,10.22396183013916,44200
2013-01-30,11.850000381469728,11.994999885559082,11.774999618530272,11.970000267028809,10.21969223022461,6400
2013-01-31,11.984999656677246,12.100000381469728,11.970000267028809,12.095000267028809,10.32641887664795,20800
2013-02-01,12.100000381469728,13.0649995803833,12.005000114440918,12.324999809265137,10.522780418395996,48200
2013-02-04,12.274999618530272,12.324999809265137,12.005000114440918,12.095000267028809,10.32641887664795,53400
2013-02-05,12.0600004196167,12.1850004196167,12.0,12.125,10.352027893066406,43400
2013-02-06,12.09000015258789,12.175000190734863,12.0,12.114999771118164,10.34348964691162,32200
2013-02-07,12.06999969482422,12.074999809265137,12.029999732971191,12.074999809265137,10.30933952331543,23200
2013-02-08,12.050000190734863,12.109999656677246,12.050000190734863,12.0600004196167,10.296533584594728,7600
2013-02-11,12.005000114440918,12.085000038146973,12.005000114440918,12.0600004196167,10.296533584594728,9800
2013-02-12,12.0,12.119999885559082,12.0,12.09000015258789,10.32214641571045,24600
2013-02-13,12.074999809265137,12.085000038146973,12.050000190734863,12.0649995803833,10.30080223083496,27200
2013-02-14,12.154999732971191,12.154999732971191,12.06999969482422,12.06999969482422,10.305071830749512,11800
2013-02-15,12.039999961853027,12.100000381469728,12.039999961853027,12.095000267028809,10.32641887664795,11200
2013-02-19,12.28499984741211,12.494999885559082,12.130000114440918,12.234999656677246,10.445942878723145,25200
2013-02-20,12.140000343322754,12.475000381469728,12.140000343322754,12.399999618530272,10.586817741394045,12800
2013-02-21,12.369999885559082,12.420000076293944,12.30500030517578,12.40999984741211,10.595355987548828,13000
2013-02-22,12.399999618530272,12.46500015258789,12.375,12.399999618530272,10.586817741394045,7400
2013-02-25,12.399999618530272,12.399999618530272,12.399999618530272,12.399999618530272,10.586817741394045,0
2013-02-26,12.404999732971191,12.489999771118164,12.375,12.489999771118164,10.663655281066896,11400
2013-02-27,12.475000381469728,12.475000381469728,12.380000114440918,12.449999809265137,10.629505157470703,10200
2013-02-28,12.420000076293944,12.475000381469728,12.375,12.385000228881836,10.574010848999023,9000
2013-03-01,12.399999618530272,12.494999885559082,12.399999618530272,12.404999732971191,10.591086387634276,3600
2013-03-04,12.414999961853027,12.529999732971191,12.414999961853027,12.425000190734863,10.608160018920898,5200
2013-03-05,12.5,12.5,12.375,12.404999732971191,10.591086387634276,16800
2013-03-06,12.375,12.454999923706056,12.375,12.454999923706056,10.633773803710938,3200
2013-03-07,12.385000228881836,12.489999771118164,12.385000228881836,12.489999771118164,10.663655281066896,3400
2013-03-08,12.375,12.489999771118164,12.375,12.484999656677246,10.65938663482666,7600
2013-03-11,12.375,12.510000228881836,12.375,12.510000228881836,10.680731773376465,14800
2013-03-12,12.550000190734863,12.800000190734863,12.550000190734863,12.770000457763672,10.902714729309082,29800
2013-03-13,12.734999656677246,12.78499984741211,12.699999809265137,12.774999618530272,10.906982421875,28600
2013-03-14,12.774999618530272,12.84000015258789,12.770000457763672,12.8100004196167,10.936864852905272,19800
2013-03-15,13.234999656677246,13.234999656677246,12.779999732971191,12.875,10.992361068725586,3000
2013-03-18,12.869999885559082,13.119999885559082,12.869999885559082,12.93000030517578,11.039319038391112,6200
2013-03-19,13.024999618530272,13.024999618530272,12.875,13.020000457763672,11.116159439086914,7200
2013-03-20,13.145000457763672,13.994999885559082,13.06999969482422,13.279999732971191,11.338139533996582,9200
2013-03-21,13.760000228881836,13.760000228881836,13.43000030517578,13.55500030517578,11.57292652130127,5600
2013-03-22,13.710000038146973,13.869999885559082,13.385000228881836,13.770000457763672,11.756486892700195,11400
2013-03-25,13.875,13.875,13.625,13.835000038146973,11.81198787689209,2800
2013-03-26,13.869999885559082,13.869999885559082,13.5,13.600000381469728,11.611348152160645,3400
2013-03-27,13.479999542236328,13.75,12.710000038146973,13.399999618530272,11.499780654907228,25600
2013-03-28,13.390000343322754,13.494999885559082,13.345000267028809,13.449999809265137,11.542695045471191,2200
2013-04-01,13.494999885559082,13.494999885559082,13.25,13.494999885559082,11.581311225891112,2600
2013-04-02,13.470000267028809,13.489999771118164,13.265000343322754,13.28499984741211,11.401090621948242,2600
2013-04-03,13.390000343322754,13.494999885559082,12.8100004196167,13.390000343322754,11.491199493408203,1600
2013-04-04,13.345000267028809,13.449999809265137,13.100000381469728,13.25,11.371053695678713,3400
2013-04-05,13.335000038146973,13.335000038146973,13.0,13.119999885559082,11.259488105773926,9600
2013-04-08,13.324999809265137,13.324999809265137,13.03499984741211,13.1899995803833,11.319561004638672,3000
2013-04-09,13.30500030517578,13.324999809265137,13.25,13.25,11.371053695678713,1600
2013-04-10,13.199999809265137,13.199999809265137,12.994999885559082,13.125,11.263781547546388,16200
2013-04-11,13.125,13.125,13.125,13.125,11.263781547546388,0
2013-04-12,12.994999885559082,12.994999885559082,12.970000267028809,12.970000267028809,11.130762100219728,2000
2013-04-15,13.109999656677246,13.109999656677246,12.774999618530272,12.78499984741211,10.971996307373049,6000
2013-04-16,12.779999732971191,12.875,12.755000114440918,12.755000114440918,10.946247100830078,15200
2013-04-17,12.800000190734863,12.954999923706056,12.800000190734863,12.954999923706056,11.117886543273926,12400
2013-04-18,12.9399995803833,12.9399995803833,12.829999923706056,12.829999923706056,11.010610580444336,1400
2013-04-19,12.925000190734863,12.954999923706056,12.774999618530272,12.829999923706056,11.010610580444336,8200
2013-04-22,12.760000228881836,13.039999961853027,12.755000114440918,13.039999961853027,11.19083309173584,6000
2013-04-23,13.09000015258789,13.5649995803833,12.774999618530272,12.875,11.049232482910156,4800
2013-04-24,13.109999656677246,13.125,12.774999618530272,12.975000381469728,11.135050773620604,83800
2013-04-25,12.994999885559082,13.510000228881836,12.994999885559082,13.005000114440918,11.160797119140623,7200
2013-04-26,13.095000267028809,13.65999984741211,13.095000267028809,13.65999984741211,11.722912788391112,48800
2013-04-29,13.779999732971191,13.779999732971191,13.600000381469728,13.765000343322754,11.813023567199709,1600
2013-04-30,13.875,13.904999732971191,13.864999771118164,13.864999771118164,11.898839950561523,1200
2013-05-01,13.890000343322754,14.46500015258789,13.890000343322754,13.920000076293944,11.94604206085205,7800
2013-05-02,13.920000076293944,14.5,13.920000076293944,13.93000030517578,11.954623222351074,18400
2013-05-03,13.954999923706056,14.050000190734863,13.880000114440918,13.949999809265137,11.97178840637207,16000
2013-05-06,14.25,14.324999809265137,14.020000457763672,14.020000457763672,12.031862258911133,2600
2013-05-07,14.100000381469728,14.345000267028809,14.095000267028809,14.345000267028809,12.31077480316162,4000
2013-05-08,14.494999885559082,15.050000190734863,14.494999885559082,14.78499984741211,12.68837833404541,47200
2013-05-09,14.869999885559082,14.875,14.744999885559082,14.744999885559082,12.654048919677734,51600
2013-05-10,14.739999771118164,14.75,14.630000114440918,14.725000381469728,12.636887550354004,5400
2013-05-13,14.779999732971191,14.779999732971191,14.625,14.704999923706056,12.619723320007324,10600
2013-05-14,14.6850004196167,14.704999923706056,14.260000228881836,14.614999771118164,12.542486190795898,14000
2013-05-15,14.765000343322754,14.765000343322754,14.255000114440918,14.65999984741211,12.581104278564451,19200
2013-05-16,14.574999809265137,14.93000030517578,14.574999809265137,14.835000038146973,12.73128890991211,38200
2013-05-17,14.850000381469728,14.850000381469728,14.75,14.8100004196167,12.709835052490234,13000
2013-05-20,14.789999961853027,14.850000381469728,14.71500015258789,14.800000190734863,12.701251029968262,11200
2013-05-21,14.875,14.925000190734863,14.385000228881836,14.71500015258789,12.628308296203612,19400
2013-05-22,14.640000343322754,14.800000190734863,14.460000038146973,14.640000343322754,12.563941955566406,10000
2013-05-23,14.53499984741211,14.545000076293944,14.0,14.470000267028809,12.418049812316896,10400
2013-05-24,14.390000343322754,14.524999618530272,14.34000015258789,14.524999618530272,12.465249061584473,5200
2013-05-28,14.5,14.845000267028809,14.5,14.75,12.658340454101562,8200
2013-05-29,14.84000015258789,14.84000015258789,14.595000267028809,14.699999809265137,12.615432739257812,6800
2013-05-30,14.75,14.864999771118164,14.75,14.78499984741211,12.68837833404541,10400
2013-05-31,14.75,14.975000381469728,14.75,14.75,12.658340454101562,15200
2013-06-03,14.75,14.81999969482422,14.75,14.774999618530272,12.679797172546388,7800
2013-06-04,14.80500030517578,14.80500030517578,14.75,14.75,12.658340454101562,4600
2013-06-05,14.774999618530272,14.994999885559082,14.625,14.774999618530272,12.679797172546388,15800
2013-06-06,14.75,14.845000267028809,14.625,14.78499984741211,12.68837833404541,11800
2013-06-07,14.850000381469728,14.850000381469728,14.675000190734863,14.69499969482422,12.6111421585083,2200
2013-06-10,14.71500015258789,14.739999771118164,14.475000381469728,14.524999618530272,12.465249061584473,1600
2013-06-11,14.274999618530272,14.760000228881836,13.864999771118164,14.164999961853027,12.156298637390137,46600
2013-06-12,14.300000190734863,14.300000190734863,14.125,14.300000190734863,12.272157669067385,1000
2013-06-13,14.300000190734863,14.449999809265137,14.300000190734863,14.399999618530272,12.3579740524292,4000
2013-06-14,14.43000030517578,14.449999809265137,14.399999618530272,14.4399995803833,12.392300605773926,6400
2013-06-17,14.515000343322754,14.515000343322754,14.050000190734863,14.265000343322754,12.242116928100586,5800
2013-06-18,14.354999542236328,14.71500015258789,14.05500030517578,14.359999656677246,12.32364559173584,4600
2013-06-19,14.425000190734863,14.739999771118164,14.079999923706056,14.454999923706056,12.405179023742676,21400
2013-06-20,14.095000267028809,14.43000030517578,14.095000267028809,14.289999961853027,12.263571739196776,3400
2013-06-21,14.204999923706056,14.579999923706056,14.204999923706056,14.520000457763672,12.460959434509276,27600
2013-06-24,14.460000038146973,14.625,14.135000228881836,14.375,12.336520195007324,6600
2013-06-25,14.510000228881836,14.600000381469728,14.375,14.46500015258789,12.413758277893066,2000
2013-06-26,14.699999809265137,14.699999809265137,14.375,14.475000381469728,12.42233943939209,5600
2013-06-27,14.489999771118164,14.625,13.960000038146973,14.600000381469728,12.590500831604004,3600
2013-06-28,14.604999542236328,14.984999656677246,14.404999732971191,14.984999656677246,12.922508239746094,56000
2013-07-01,14.960000038146973,14.960000038146973,14.625,14.899999618530272,12.84920883178711,3800
2013-07-02,14.914999961853027,14.984999656677246,14.585000038146973,14.68000030517578,12.659489631652832,7600
2013-07-03,14.720000267028809,14.720000267028809,14.71500015258789,14.71500015258789,12.68967342376709,1000
2013-07-05,14.80500030517578,15.005000114440918,14.515000343322754,14.984999656677246,12.922508239746094,18000
2013-07-08,15.0,15.489999771118164,14.55500030517578,15.489999771118164,13.358003616333008,20600
2013-07-09,15.335000038146973,15.375,15.199999809265137,15.375,13.258829116821287,3600
2013-07-10,15.40999984741211,15.960000038146973,15.25,15.699999809265137,13.53909969329834,19400
2013-07-11,15.864999771118164,16.270000457763672,15.800000190734863,15.93000030517578,13.737444877624512,11200
2013-07-12,15.8100004196167,16.114999771118164,15.8100004196167,15.989999771118164,13.789183616638184,5800
2013-07-15,16.110000610351562,16.110000610351562,15.104999542236328,15.9350004196167,13.741756439208984,8800
2013-07-16,15.859999656677246,15.94499969482422,15.079999923706056,15.75,13.582216262817385,2800
2013-07-17,15.270000457763672,15.899999618530272,15.270000457763672,15.760000228881836,13.590842247009276,3400
2013-07-18,15.84000015258789,15.885000228881836,15.710000038146973,15.850000381469728,13.668453216552734,3200
2013-07-19,15.80500030517578,15.975000381469728,15.699999809265137,15.975000381469728,13.776250839233398,2600
2013-07-22,16.21500015258789,16.21500015258789,15.975000381469728,15.975000381469728,13.776250839233398,2200
2013-07-23,15.84000015258789,16.975000381469727,15.84000015258789,16.364999771118164,14.112571716308594,24400
2013-07-24,16.635000228881836,16.635000228881836,16.030000686645508,16.43000030517578,14.168625831604004,5800
2013-07-25,16.479999542236328,16.5,16.469999313354492,16.485000610351562,14.216053009033203,6800
2013-07-26,16.5,16.5,16.375,16.450000762939453,14.185870170593262,14400
2013-07-29,16.450000762939453,16.4950008392334,16.155000686645508,16.155000686645508,13.931472778320312,32200
2013-07-30,16.15999984741211,16.5,16.15999984741211,16.46500015258789,14.198809623718262,3200
2013-07-31,16.264999389648438,16.485000610351562,16.1299991607666,16.46500015258789,14.198809623718262,14600
2013-08-01,16.25,16.424999237060547,16.25,16.424999237060547,14.164314270019531,4400
2013-08-02,16.3799991607666,16.424999237060547,16.375,16.40999984741211,14.151376724243164,5200
2013-08-05,16.270000457763672,16.46500015258789,16.25,16.389999389648438,14.134127616882324,3800
2013-08-06,16.46500015258789,16.475000381469727,16.350000381469727,16.469999313354492,14.203120231628418,4200
2013-08-07,16.424999237060547,16.424999237060547,16.350000381469727,16.364999771118164,14.112571716308594,1600
2013-08-08,16.329999923706055,16.450000762939453,16.31999969482422,16.424999237060547,14.164314270019531,1400
2013-08-09,16.399999618530273,16.450000762939453,16.350000381469727,16.450000762939453,14.185870170593262,4400
2013-08-12,16.3799991607666,16.639999389648438,16.375,16.375,14.121196746826172,27000
2013-08-13,16.25,16.2549991607666,16.25,16.25,14.013399124145508,1000
2013-08-14,16.395000457763672,16.434999465942383,16.274999618530273,16.405000686645508,14.147065162658691,22800
2013-08-15,16.270000457763672,16.415000915527344,16.2549991607666,16.325000762939453,14.07807731628418,2400
2013-08-16,16.5,16.5,16.5,16.5,14.228988647460938,1600
2013-08-19,16.25,16.469999313354492,16.25,16.469999313354492,14.203120231628418,2600
2013-08-20,16.25,16.524999618530273,16.25,16.385000228881836,14.129817962646484,20200
2013-08-21,16.385000228881836,16.469999313354492,16.385000228881836,16.469999313354492,14.203120231628418,2000
2013-08-22,16.625,16.625,16.354999542236328,16.5049991607666,14.233301162719728,3000
2013-08-23,16.625,16.625,16.30500030517578,16.530000686645508,14.254860877990724,5000
2013-08-26,16.549999237060547,16.549999237060547,16.450000762939453,16.485000610351562,14.216053009033203,1000
2013-08-27,16.2549991607666,16.5,16.25,16.299999237060547,14.056513786315918,5600
2013-08-28,16.315000534057617,16.434999465942383,16.30500030517578,16.434999465942383,14.172935485839844,2800
2013-08-29,16.450000762939453,16.450000762939453,16.350000381469727,16.350000381469727,14.099635124206545,5200
2013-08-30,16.424999237060547,16.424999237060547,16.399999618530273,16.399999618530273,14.142752647399902,2000
2013-09-03,16.450000762939453,16.450000762939453,16.325000762939453,16.389999389648438,14.134127616882324,9600
2013-09-04,16.389999389648438,16.389999389648438,16.389999389648438,16.389999389648438,14.134127616882324,0
2013-09-05,16.389999389648438,16.389999389648438,16.389999389648438,16.389999389648438,14.134127616882324,400
2013-09-06,16.450000762939453,16.450000762939453,16.325000762939453,16.415000915527344,14.15568733215332,2000
2013-09-09,16.415000915527344,16.424999237060547,16.415000915527344,16.415000915527344,14.15568733215332,1400
2013-09-10,16.34000015258789,16.3799991607666,16.299999237060547,16.375,14.121196746826172,11400
2013-09-11,16.309999465942383,16.420000076293945,16.309999465942383,16.420000076293945,14.159998893737791,7600
2013-09-12,16.274999618530273,16.395000457763672,16.274999618530273,16.395000457763672,14.13844394683838,6200
2013-09-13,16.329999923706055,16.420000076293945,16.325000762939453,16.3700008392334,14.11688232421875,2000
2013-09-16,16.420000076293945,16.420000076293945,16.25,16.395000457763672,14.13844394683838,13400
2013-09-17,16.2549991607666,16.399999618530273,16.2549991607666,16.389999389648438,14.134127616882324,3600
2013-09-18,16.389999389648438,16.389999389648438,16.325000762939453,16.375,14.121196746826172,1400
2013-09-19,16.325000762939453,16.420000076293945,16.325000762939453,16.364999771118164,14.112571716308594,3000
2013-09-20,16.325000762939453,16.415000915527344,16.325000762939453,16.325000762939453,14.07807731628418,2800
2013-09-23,16.295000076293945,16.325000762939453,16.2450008392334,16.25,14.013399124145508,23200
2013-09-24,16.274999618530273,16.375,16.274999618530273,16.375,14.121196746826172,1000
2013-09-25,16.315000534057617,16.360000610351562,16.315000534057617,16.360000610351562,14.108258247375488,3200
2013-09-26,16.28499984741211,16.344999313354492,16.25,16.344999313354492,14.095322608947754,3200
2013-09-27,16.25,16.25,16.25,16.25,14.073670387268066,600
2013-09-30,16.40999984741211,16.420000076293945,16.25,16.31999969482422,14.134291648864746,19600
2013-10-01,16.315000534057617,16.399999618530273,16.315000534057617,16.399999618530273,14.203580856323242,800
2013-10-02,16.25,16.399999618530273,16.25,16.3700008392334,14.177599906921388,5000
2013-10-03,16.415000915527344,16.415000915527344,16.389999389648438,16.415000915527344,14.216572761535645,2000
2013-10-04,16.40999984741211,16.40999984741211,16.260000228881836,16.290000915527344,14.108317375183104,9400
2013-10-07,16.295000076293945,16.364999771118164,16.295000076293945,16.364999771118164,14.173270225524902,1800
2013-10-08,16.28499984741211,16.375,15.774999618530272,15.890000343322754,13.761882781982422,18400
2013-10-09,16.229999542236328,16.229999542236328,15.850000381469728,16.030000686645508,13.883133888244627,600
2013-10-10,16.110000610351562,16.2450008392334,16.024999618530273,16.239999771118164,14.065011024475098,16000
2013-10-11,16.239999771118164,16.239999771118164,16.114999771118164,16.19499969482422,14.026037216186523,4200
2013-10-14,16.139999389648438,16.155000686645508,14.984999656677246,16.114999771118164,13.956751823425291,15800
2013-10-15,16.135000228881836,16.149999618530273,16.100000381469727,16.149999618530273,13.987064361572266,2200
2013-10-16,16.174999237060547,16.174999237060547,15.960000038146973,16.1299991607666,13.969743728637695,7600
2013-10-17,15.960000038146973,16.149999618530273,15.960000038146973,16.149999618530273,13.987064361572266,1800
2013-10-18,16.0,16.2450008392334,16.0,16.2450008392334,14.069343566894531,7800
2013-10-21,16.165000915527344,16.354999542236328,15.895000457763672,16.354999542236328,14.164610862731934,55600
2013-10-22,16.354999542236328,16.354999542236328,16.18000030517578,16.344999313354492,14.155948638916016,1000
2013-10-23,16.270000457763672,16.424999237060547,16.270000457763672,16.424999237060547,14.225234985351562,98800
2013-10-24,16.44499969482422,16.450000762939453,16.424999237060547,16.43000030517578,14.229565620422363,6800
2013-10-25,16.5,17.125,16.5,17.06999969482422,14.78385066986084,45000
2013-10-28,17.059999465942383,17.4950008392334,17.0,17.290000915527344,14.97438621520996,28400
2013-10-29,17.209999084472656,17.3700008392334,17.145000457763672,17.209999084472656,14.90509796142578,15200
2013-10-30,17.260000228881836,17.579999923706055,17.25,17.545000076293945,15.195233345031738,40600
2013-10-31,17.600000381469727,17.610000610351562,17.575000762939453,17.610000610351562,15.251531600952148,29000
2013-11-01,17.614999771118164,17.674999237060547,17.524999618530273,17.540000915527344,15.190903663635254,34400
2013-11-04,17.639999389648438,17.8700008392334,17.5049991607666,17.639999389648438,15.277505874633787,48000
2013-11-05,17.520000457763672,17.674999237060547,17.5,17.545000076293945,15.195233345031738,12400
2013-11-06,17.649999618530273,17.674999237060547,17.579999923706055,17.579999923706055,15.22555160522461,2000
2013-11-07,17.604999542236328,17.604999542236328,17.514999389648438,17.514999389648438,15.169252395629885,4000
2013-11-08,17.65999984741211,17.674999237060547,17.645000457763672,17.649999618530273,15.286172866821287,6600
2013-11-11,17.649999618530273,17.674999237060547,17.559999465942383,17.559999465942383,15.20822048187256,3400
2013-11-12,17.600000381469727,17.809999465942383,17.600000381469727,17.684999465942383,15.316486358642578,11200
2013-11-13,17.649999618530273,17.78499984741211,17.649999618530273,17.78499984741211,15.46430492401123,2600
2013-11-14,17.81999969482422,17.81999969482422,17.725000381469727,17.7450008392334,15.429521560668944,4800
2013-11-15,17.7450008392334,17.770000457763672,17.700000762939453,17.764999389648438,15.44691276550293,7400
2013-11-18,17.674999237060547,17.799999237060547,17.674999237060547,17.780000686645508,15.459959030151367,11600
2013-11-19,17.690000534057617,17.75,17.690000534057617,17.75,15.433868408203123,7600
2013-11-20,17.809999465942383,18.0,17.75,17.954999923706055,15.612119674682615,46800
2013-11-21,17.989999771118164,18.0,17.809999465942383,17.915000915527344,15.577336311340332,12400
2013-11-22,17.915000915527344,18.3700008392334,17.915000915527344,18.3700008392334,15.972968101501465,13000
2013-11-25,18.3700008392334,18.98500061035156,18.3700008392334,18.875,16.412073135375977,22400
2013-11-26,18.815000534057617,18.96999931335449,18.75,18.89999961853028,16.433805465698242,5400
2013-11-27,18.975000381469727,19.1200008392334,18.96999931335449,19.020000457763672,16.538150787353516,15400
2013-11-29,19.049999237060547,19.09499931335449,19.049999237060547,19.075000762939453,16.585973739624023,10600
2013-12-02,19.0049991607666,19.049999237060547,19.0,19.01000022888184,16.529455184936523,18000
2013-12-03,19.049999237060547,19.190000534057617,19.01000022888184,19.174999237060547,16.672929763793945,44600
2013-12-04,19.184999465942383,19.280000686645508,19.1200008392334,19.20499992370605,16.69900894165039,46200
2013-12-05,19.19499969482422,19.225000381469727,19.09000015258789,19.100000381469727,16.607715606689453,13600
2013-12-06,19.125,19.125,19.0,19.114999771118164,16.62075424194336,56200
2013-12-09,19.0,19.11000061035156,19.0,19.065000534057617,16.577280044555664,79400
2013-12-10,19.104999542236328,19.104999542236328,19.0,19.05500030517578,16.568586349487305,12800
2013-12-11,19.030000686645508,19.030000686645508,18.75,19.0,16.520761489868164,42400
2013-12-12,19.0,19.0049991607666,18.75,18.76000022888184,16.312074661254883,13400
2013-12-13,18.7549991607666,18.9950008392334,18.7549991607666,18.80500030517578,16.351207733154297,6800
2013-12-16,18.959999084472656,19.145000457763672,18.940000534057617,19.059999465942383,16.572933197021484,20400
2013-12-17,19.11000061035156,19.325000762939453,18.920000076293945,18.924999237060547,16.455551147460938,13600
2013-12-18,18.95499992370605,19.299999237060547,18.95499992370605,18.98500061035156,16.507719039916992,6200
2013-12-19,19.299999237060547,19.299999237060547,19.01499938964844,19.01499938964844,16.53380584716797,6200
2013-12-20,19.09499931335449,19.09499931335449,18.975000381469727,19.0,16.520761489868164,19000
2013-12-23,18.975000381469727,19.0,18.75,18.96500015258789,16.490327835083008,23200
2013-12-24,18.770000457763672,18.950000762939453,18.770000457763672,18.934999465942383,16.4642391204834,5400
2013-12-26,18.875,18.96999931335449,18.3799991607666,18.84000015258789,16.38163948059082,29600
2013-12-27,18.81999969482422,18.89999961853028,18.81999969482422,18.89999961853028,16.433805465698242,1000
2013-12-30,18.89999961853028,18.89999961853028,18.44499969482422,18.770000457763672,16.320772171020508,9800
2013-12-31,18.825000762939453,18.94499969482422,18.790000915527344,18.815000534057617,16.35990333557129,1800
2014-01-02,18.825000762939453,18.924999237060547,18.395000457763672,18.80500030517578,16.351207733154297,21400
2014-01-03,18.950000762939453,18.950000762939453,18.84499931335449,18.924999237060547,16.455551147460938,15000
2014-01-06,18.795000076293945,18.920000076293945,18.51499938964844,18.739999771118164,16.294687271118164,11000
2014-01-07,18.69499969482422,18.920000076293945,18.69499969482422,18.920000076293945,16.451202392578125,24000
2014-01-08,18.82999992370605,18.924999237060547,18.815000534057617,18.825000762939453,16.368595123291016,14600
2014-01-09,18.89999961853028,18.89999961853028,18.854999542236328,18.854999542236328,16.39468002319336,1400
2014-01-10,18.88500022888184,18.88999938964844,18.825000762939453,18.825000762939453,16.368595123291016,1000
2014-01-13,18.89999961853028,18.89999961853028,18.8700008392334,18.89999961853028,16.433805465698242,5400
2014-01-14,18.89999961853028,18.924999237060547,18.895000457763672,18.895000457763672,16.429462432861328,12000
2014-01-15,18.924999237060547,18.924999237060547,18.895000457763672,18.905000686645508,16.438159942626953,8800
2014-01-16,18.895000457763672,18.924999237060547,18.86000061035156,18.924999237060547,16.455551147460938,29400
2014-01-17,18.75,19.0,18.75,19.0,16.520761489868164,24600
2014-01-21,19.0,19.200000762939453,19.0,19.184999465942383,16.68161964416504,12000
2014-01-22,19.06999969482422,19.34499931335449,19.06999969482422,19.334999084472656,16.812044143676758,18200
2014-01-23,19.34499931335449,20.43000030517578,19.34499931335449,20.030000686645508,17.416358947753906,55600
2014-01-24,19.875,20.7450008392334,19.68000030517578,19.915000915527344,17.316368103027344,37800
2014-01-27,19.924999237060547,20.0,19.690000534057617,19.75,17.172895431518555,22000
2014-01-28,19.795000076293945,19.86000061035156,19.600000381469727,19.600000381469727,17.042469024658203,17800
2014-01-29,19.625,19.8700008392334,19.614999771118164,19.64999961853028,17.0859432220459,3200
2014-01-30,19.725000381469727,19.725000381469727,19.64999961853028,19.64999961853028,17.0859432220459,8400
2014-01-31,19.5,20.7450008392334,19.5,20.725000381469727,18.02067375183105,28200
2014-02-03,20.674999237060547,20.674999237060547,20.21500015258789,20.21500015258789,17.57721710205078,15600
2014-02-04,20.34000015258789,20.40999984741211,20.125,20.174999237060547,17.542442321777344,11000
2014-02-05,20.190000534057617,20.190000534057617,19.655000686645508,20.02499961853028,17.412015914916992,9800
2014-02-06,20.049999237060547,20.049999237060547,19.739999771118164,20.0,17.390275955200195,11000
2014-02-07,20.05500030517578,20.05500030517578,19.780000686645508,19.90999984741211,17.40338897705078,5800
2014-02-10,19.934999465942383,19.96500015258789,19.59499931335449,19.94499969482422,17.43398094177246,24200
2014-02-11,19.834999084472656,20.0,19.834999084472656,19.96500015258789,17.45146369934082,5000
2014-02-12,19.959999084472656,20.06999969482422,19.88999938964844,20.06999969482422,17.543241500854492,7600
2014-02-13,19.94499969482422,20.229999542236328,19.934999465942383,20.06999969482422,17.543241500854492,17000
2014-02-14,20.225000381469727,20.225000381469727,19.875,20.145000457763672,17.608797073364258,8600
2014-02-18,20.155000686645508,20.229999542236328,19.959999084472656,20.20499992370605,17.661243438720703,16600
2014-02-19,20.229999542236328,20.614999771118164,20.14999961853028,20.475000381469727,17.897254943847656,18400
2014-02-20,20.5,20.729999542236328,20.5,20.729999542236328,18.120153427124023,8800
2014-02-21,21.225000381469727,21.225000381469727,21.0,21.20499992370605,18.535350799560547,12400
2014-02-24,21.315000534057617,21.975000381469727,21.14999961853028,21.5,18.793212890625,37400
2014-02-25,21.674999237060547,22.225000381469727,21.575000762939453,21.604999542236328,18.88499641418457,11200
2014-02-26,21.915000915527344,21.975000381469727,21.6200008392334,21.69499969482422,18.96366310119629,36800
2014-02-27,21.790000915527344,21.96999931335449,21.614999771118164,21.75,19.01173973083496,18200
2014-02-28,21.850000381469727,22.350000381469727,21.614999771118164,22.2450008392334,19.44441795349121,12800
2014-03-03,22.239999771118164,22.350000381469727,22.200000762939453,22.25,19.44878578186035,9800
2014-03-04,22.309999465942383,22.48500061035156,22.299999237060547,22.299999237060547,19.492490768432617,21800
2014-03-05,22.299999237060547,22.5,22.299999237060547,22.5,19.667308807373047,25800
2014-03-06,22.5,22.5,22.174999237060547,22.364999771118164,19.5493106842041,46000
2014-03-07,22.405000686645508,22.975000381469727,22.405000686645508,22.895000457763672,20.01258659362793,39400
2014-03-10,22.98500061035156,23.614999771118164,22.98500061035156,23.39999961853028,20.45400619506836,36600
2014-03-11,23.6299991607666,24.06999969482422,23.25,23.27499961853028,20.34474372863769,32600
2014-03-12,23.2549991607666,23.7549991607666,22.80500030517578,23.104999542236328,20.196144104003903,20400
2014-03-13,23.63999938964844,23.63999938964844,22.780000686645508,23.084999084472656,20.17865753173828,35200
2014-03-14,23.209999084472656,23.479999542236328,23.0,23.44499969482422,20.49334144592285,30600
2014-03-17,23.625,24.0,23.549999237060547,24.0,20.97846984863281,32800
2014-03-18,24.0,24.0,23.8799991607666,23.9950008392334,20.97410011291504,17000
2014-03-19,24.0,24.0,23.684999465942383,23.84499931335449,20.84297752380371,28800
2014-03-20,23.905000686645508,23.9950008392334,23.89999961853028,23.989999771118164,20.96972274780273,10600
2014-03-21,23.125,24.0,23.075000762939453,23.950000762939453,20.93476104736328,36600
2014-03-24,23.73500061035156,23.73500061035156,23.01499938964844,23.5,20.54141616821289,25800
2014-03-25,23.55500030517578,23.975000381469727,23.2549991607666,23.5,20.54141616821289,15600
2014-03-26,23.584999084472656,23.584999084472656,23.2549991607666,23.3700008392334,20.42778587341309,17000
2014-03-27,23.184999465942383,23.3700008392334,23.02499961853028,23.364999771118164,20.42341041564941,20200
2014-03-28,23.200000762939453,23.424999237060547,22.7450008392334,23.225000381469727,20.3010368347168,45200
2014-03-31,23.424999237060547,23.96500015258789,23.15999984741211,23.59000015258789,20.62008476257324,31600
2014-04-01,23.5,23.5,23.190000534057617,23.4950008392334,20.537050247192383,45400
2014-04-02,23.709999084472656,23.739999771118164,23.26499938964844,23.540000915527344,20.57638168334961,24600
2014-04-03,23.665000915527344,24.565000534057617,23.665000915527344,24.239999771118164,21.18825340270996,71200
2014-04-04,24.13500022888184,24.31999969482422,24.0,24.125,21.08773422241211,84600
2014-04-07,24.280000686645508,24.280000686645508,23.93000030517578,24.125,21.08773422241211,41800
2014-04-08,24.075000762939453,24.434999465942383,24.040000915527344,24.26499938964844,21.210107803344727,30600
2014-04-09,24.395000457763672,24.46999931335449,24.14999961853028,24.325000762939453,21.26255226135254,41600
2014-04-10,24.27499961853028,24.415000915527344,23.950000762939453,24.084999084472656,21.05276679992676,40600
2014-04-11,24.165000915527344,24.165000915527344,23.45499992370605,23.690000534057617,20.707490921020508,27800
2014-04-14,23.71500015258789,23.71500015258789,23.0,23.450000762939453,20.49771499633789,30200
2014-04-15,23.450000762939453,23.674999237060547,23.434999465942383,23.53499984741211,20.57200813293457,37200
2014-04-16,23.5049991607666,23.88999938964844,23.2450008392334,23.725000381469727,20.73809051513672,47200
2014-04-17,23.71500015258789,23.9950008392334,23.625,23.934999465942383,20.92164802551269,14800
2014-04-21,23.834999084472656,24.0,23.75,23.8799991607666,20.873573303222656,22200
2014-04-22,24.0,24.0,23.71500015258789,23.89999961853028,20.89105796813965,17200
2014-04-23,24.0,24.1200008392334,23.70499992370605,23.94499969482422,20.93039321899414,17000
2014-04-24,23.920000076293945,23.96500015258789,23.52499961853028,23.52499961853028,20.56327247619629,11200
2014-04-25,23.5,23.52499961853028,21.75,22.26000022888184,19.4575309753418,47000
2014-04-28,22.170000076293945,22.170000076293945,21.75,21.850000381469727,19.0991439819336,19200
2014-04-29,21.80500030517578,22.4950008392334,21.75,22.270000457763672,19.46626853942871,29800
2014-04-30,22.729999542236328,22.75,22.26499938964844,22.604999542236328,19.759096145629883,14200
2014-05-01,22.424999237060547,22.600000381469727,22.09499931335449,22.415000915527344,19.59301376342773,18200
2014-05-02,22.424999237060547,22.645000457763672,22.11000061035156,22.600000381469727,19.75472450256348,30400
2014-05-05,22.38500022888184,22.600000381469727,22.15999984741211,22.57999992370605,19.737239837646484,13200
2014-05-06,22.43000030517578,22.549999237060547,22.2549991607666,22.459999084472656,19.63235092163086,18200
2014-05-07,22.53499984741211,22.8700008392334,22.1299991607666,22.440000534057617,19.6148681640625,23600
2014-05-08,22.34000015258789,22.5,22.075000762939453,22.229999542236328,19.52264976501465,27600
2014-05-09,22.46500015258789,22.46999931335449,22.07999992370605,22.229999542236328,19.52264976501465,15000
2014-05-12,22.229999542236328,22.229999542236328,21.645000457763672,22.165000915527344,19.46557235717773,32600
2014-05-13,22.395000457763672,22.395000457763672,21.645000457763672,21.89999961853028,19.23284339904785,46200
2014-05-14,21.395000457763672,21.75,19.979999542236328,21.125,18.552228927612305,87400
2014-05-15,21.0,21.01499938964844,20.68000030517578,20.75,18.222900390625,90000
2014-05-16,20.75,20.959999084472656,20.489999771118164,20.64999961853028,18.13507843017578,34000
2014-05-19,20.520000457763672,21.19499969482422,20.520000457763672,21.100000381469727,18.53027534484864,29400
2014-05-20,21.14999961853028,21.38999938964844,21.125,21.125,18.552228927612305,13200
2014-05-21,21.395000457763672,21.69499969482422,21.155000686645508,21.209999084472656,18.626873016357425,24600
2014-05-22,21.09000015258789,21.489999771118164,21.0,21.280000686645508,18.688352584838867,40200
2014-05-23,21.25,22.21500015258789,21.020000457763672,21.690000534057617,19.048418045043945,44600
2014-05-27,21.604999542236328,22.125,21.604999542236328,22.0,19.320661544799805,48200
2014-05-28,22.02499961853028,22.725000381469727,22.02499961853028,22.604999542236328,19.85198402404785,32200
2014-05-29,22.63999938964844,22.84499931335449,22.01000022888184,22.780000686645508,20.005674362182617,50400
2014-05-30,23.0,23.125,22.864999771118164,22.979999542236328,20.18131256103516,33800
2014-06-02,23.104999542236328,24.1200008392334,23.040000915527344,23.690000534057617,20.80484390258789,49800
2014-06-03,23.625,24.030000686645508,23.01499938964844,23.145000457763672,20.32621955871582,37800
2014-06-04,23.280000686645508,23.76499938964844,23.190000534057617,23.190000534057617,20.3657341003418,22000
2014-06-05,23.405000686645508,23.52499961853028,22.9950008392334,23.51000022888184,20.64676856994629,30000
2014-06-06,23.729999542236328,23.7450008392334,23.03499984741211,23.475000381469727,20.61602783203125,18000
2014-06-09,23.415000915527344,24.09000015258789,23.01499938964844,24.09000015258789,21.156129837036133,32200
2014-06-10,24.09499931335449,24.3799991607666,24.059999465942383,24.31999969482422,21.358118057250977,19800
2014-06-11,24.415000915527344,24.46999931335449,24.1299991607666,24.25,21.2966423034668,26400
2014-06-12,24.350000381469727,24.350000381469727,23.86000061035156,24.299999237060547,21.340553283691406,29400
2014-06-13,24.104999542236328,24.315000534057617,23.809999465942383,23.989999771118164,21.06830596923828,26600
2014-06-16,23.86000061035156,24.350000381469727,23.45499992370605,23.65999984741211,20.778499603271484,31600
2014-06-17,23.93000030517578,24.19499969482422,23.43000030517578,24.13500022888184,21.195650100708008,30600
2014-06-18,23.95499992370605,24.225000381469727,23.940000534057617,24.170000076293945,21.22638893127441,23200
2014-06-19,23.95499992370605,24.21999931335449,23.95499992370605,24.100000381469727,21.1649169921875,35000
2014-06-20,24.01000022888184,24.145000457763672,23.69499969482422,24.13500022888184,21.195650100708008,51800
2014-06-23,24.125,24.125,23.674999237060547,23.89999961853028,20.9892692565918,49400
2014-06-24,24.0,24.0,23.809999465942383,24.0,21.077091217041016,45400
2014-06-25,23.575000762939453,24.0,23.575000762939453,23.834999084472656,20.93218421936035,36000
2014-06-26,23.915000915527344,24.0,23.61000061035156,23.850000381469727,20.945358276367188,50800
2014-06-27,23.655000686645508,24.065000534057617,23.06999969482422,23.145000457763672,20.32621955871582,1033200
2014-06-30,23.32999992370605,23.655000686645508,23.165000915527344,23.51499938964844,20.651153564453125,92000
2014-07-01,23.475000381469727,23.924999237060547,23.32999992370605,23.69499969482422,20.80923652648925,69200
2014-07-02,23.815000534057617,23.815000534057617,23.36000061035156,23.44499969482422,20.58968544006348,26400
2014-07-03,23.545000076293945,23.575000762939453,23.334999084472656,23.48500061035156,20.62480926513672,11600
2014-07-07,23.39999961853028,23.475000381469727,22.96500015258789,23.25,20.418432235717773,66200
2014-07-08,23.21999931335449,23.46999931335449,23.0049991607666,23.184999465942383,20.36134529113769,36400
2014-07-09,23.21999931335449,23.395000457763672,23.040000915527344,23.13999938964844,20.321823120117188,9400
2014-07-10,22.89999961853028,23.23500061035156,22.89999961853028,22.950000762939453,20.154970169067383,16200
2014-07-11,22.905000686645508,23.19499969482422,22.375,22.375,19.64999771118164,15200
2014-07-14,22.395000457763672,22.690000534057617,22.270000457763672,22.405000686645508,19.67634010314941,27800
2014-07-15,22.38999938964844,22.549999237060547,21.875,22.05500030517578,19.368968963623047,27000
2014-07-16,22.170000076293945,22.270000457763672,21.96500015258789,22.05500030517578,19.368968963623047,13000
2014-07-17,21.875,22.09499931335449,21.489999771118164,21.670000076293945,19.03085708618164,24400
2014-07-18,21.520000457763672,22.31999969482422,21.325000762939453,22.145000457763672,19.448007583618164,60400
2014-07-21,21.975000381469727,22.354999542236328,21.520000457763672,22.125,19.43044090270996,19800
2014-07-22,22.420000076293945,22.5,22.15999984741211,22.25,19.54022026062012,31200
2014-07-23,22.34499931335449,22.350000381469727,22.170000076293945,22.26000022888184,19.549001693725582,12600
2014-07-24,22.30500030517578,22.4950008392334,21.5049991607666,21.825000762939453,19.166976928710938,16200
2014-07-25,21.57999992370605,21.6200008392334,20.799999237060547,21.100000381469727,18.53027534484864,51000
2014-07-28,21.25,21.4950008392334,20.26000022888184,20.98500061035156,18.42927932739257,64800
2014-07-29,21.09499931335449,21.34499931335449,21.01499938964844,21.28499984741211,18.6927490234375,41600
2014-07-30,21.09499931335449,21.424999237060547,20.94499969482422,21.39999961853028,18.79374122619629,122600
2014-07-31,21.125,21.905000686645508,21.125,21.809999465942383,19.1538028717041,75600
2014-08-01,21.799999237060547,21.934999465942383,21.5,21.69499969482422,19.052812576293945,30000
2014-08-04,21.604999542236328,22.09499931335449,21.600000381469727,21.975000381469727,19.29870986938477,68600
2014-08-05,21.989999771118164,22.09499931335449,21.684999465942383,21.90999984741211,19.24162673950196,43000
2014-08-06,21.864999771118164,22.100000381469727,21.76499938964844,21.88999938964844,19.22405815124512,18600
2014-08-07,21.979999542236328,21.979999542236328,21.26499938964844,21.3700008392334,18.857851028442383,23000
2014-08-08,21.34499931335449,21.864999771118164,21.27499961853028,21.864999771118164,19.294658660888672,26200
2014-08-11,21.76499938964844,22.405000686645508,21.76499938964844,22.405000686645508,19.77117347717285,19200
2014-08-12,22.405000686645508,22.674999237060547,22.25,22.530000686645508,19.88148307800293,50400
2014-08-13,22.690000534057617,22.690000534057617,22.239999771118164,22.46500015258789,19.824127197265625,30000
2014-08-14,22.549999237060547,22.549999237060547,22.28499984741211,22.540000915527344,19.89030647277832,10000
2014-08-15,22.600000381469727,22.600000381469727,22.104999542236328,22.26000022888184,19.64322280883789,16600
2014-08-18,22.34499931335449,22.6200008392334,22.0,22.395000457763672,19.762353897094727,40000
2014-08-19,22.45499992370605,22.625,22.299999237060547,22.614999771118164,19.95648956298828,26200
2014-08-20,22.565000534057617,22.600000381469727,22.27499961853028,22.459999084472656,19.819711685180664,13200
2014-08-21,22.5,22.700000762939453,22.280000686645508,22.4950008392334,19.850595474243164,28400
2014-08-22,22.5,22.63500022888184,22.405000686645508,22.51499938964844,19.86824607849121,7200
2014-08-25,22.52499961853028,24.0049991607666,22.39999961853028,22.875,20.18592834472656,54200
2014-08-26,22.959999084472656,23.729999542236328,22.450000762939453,23.375,20.62714958190918,114800
2014-08-27,23.39999961853028,23.850000381469727,23.14999961853028,23.334999084472656,20.59185028076172,38400
2014-08-28,23.350000381469727,23.475000381469727,23.084999084472656,23.09000015258789,20.375652313232425,21600
2014-08-29,23.165000915527344,23.450000762939453,22.82999992370605,22.82999992370605,20.146215438842773,24600
2014-09-02,21.98500061035156,23.44499969482422,21.98500061035156,22.549999237060547,19.89912986755371,54600
2014-09-03,22.8799991607666,22.8799991607666,22.104999542236328,22.600000381469727,19.94325828552246,29200
2014-09-04,22.549999237060547,23.14999961853028,22.52499961853028,22.68000030517578,20.01384925842285,29800
2014-09-05,22.63999938964844,23.104999542236328,22.625,22.850000381469727,20.163864135742188,29200
2014-09-08,22.920000076293945,23.239999771118164,22.77499961853028,23.11000061035156,20.39330291748047,18400
2014-09-09,23.125,23.21999931335449,22.84000015258789,22.95499992370605,20.256521224975582,18200
2014-09-10,22.940000534057617,23.21500015258789,22.940000534057617,23.19499969482422,20.468307495117188,5000
2014-09-11,22.604999542236328,23.5,22.604999542236328,23.27499961853028,20.53890609741211,32400
2014-09-12,23.36000061035156,23.450000762939453,23.09000015258789,23.125,20.406539916992188,23600
2014-09-15,23.13999938964844,23.229999542236328,23.0,23.06999969482422,20.35800170898437,18600
2014-09-16,23.174999237060547,23.174999237060547,23.0,23.045000076293945,20.33593940734864,10800
2014-09-17,23.114999771118164,23.280000686645508,22.975000381469727,23.125,20.406539916992188,22600
2014-09-18,23.145000457763672,23.48500061035156,23.045000076293945,23.239999771118164,20.508020401000977,38200
2014-09-19,23.14999961853028,23.4950008392334,23.01000022888184,23.01000022888184,20.305055618286133,26800
2014-09-22,22.5,23.299999237060547,22.5,22.655000686645508,19.99179077148437,30800
2014-09-23,22.700000762939453,23.209999084472656,22.32999992370605,22.32999992370605,19.70499420166016,13000
2014-09-24,22.045000076293945,22.63500022888184,22.045000076293945,22.565000534057617,19.912368774414062,17400
2014-09-25,22.395000457763672,22.76499938964844,22.02499961853028,22.14999961853028,19.5461540222168,27400
2014-09-26,22.14999961853028,22.68000030517578,22.0,22.6200008392334,19.96090316772461,17200
2014-09-29,22.440000534057617,22.5,22.0049991607666,22.190000534057617,19.58145523071289,17400
2014-09-30,21.95499992370605,22.69499969482422,21.950000762939453,21.950000762939453,19.369665145874023,26200
2014-10-01,22.030000686645508,22.38500022888184,21.950000762939453,21.95499992370605,19.37407875061035,18400
2014-10-02,22.059999465942383,22.13999938964844,22.059999465942383,22.13999938964844,19.537334442138672,5800
2014-10-03,22.334999084472656,22.48500061035156,22.125,22.25,19.6343994140625,12800
2014-10-06,22.364999771118164,22.69499969482422,22.364999771118164,22.40999984741211,19.77558708190918,5200
2014-10-07,22.420000076293945,22.565000534057617,22.200000762939453,22.25,19.6343994140625,13800
2014-10-08,22.27499961853028,22.625,22.270000457763672,22.479999542236328,19.837364196777344,12000
2014-10-09,22.27499961853028,22.575000762939453,22.25,22.26499938964844,19.64763069152832,19800
2014-10-10,22.114999771118164,22.27499961853028,22.030000686645508,22.049999237060547,19.457910537719727,6800
2014-10-13,22.05500030517578,22.57999992370605,22.045000076293945,22.51499938964844,19.86824607849121,14800
2014-10-14,22.52499961853028,23.5,22.52499961853028,23.07999992370605,20.36682510375977,33200
2014-10-15,22.780000686645508,23.450000762939453,22.52499961853028,23.165000915527344,20.441835403442383,31800
2014-10-16,22.790000915527344,22.979999542236328,22.46500015258789,22.780000686645508,20.10209846496582,23000
2014-10-17,23.104999542236328,23.38999938964844,22.5049991607666,23.25,20.516843795776367,11000
2014-10-20,23.3700008392334,23.420000076293945,22.88999938964844,23.20499992370605,20.477134704589844,23400
2014-10-21,23.434999465942383,23.434999465942383,22.84499931335449,22.96999931335449,20.26976203918457,28600
2014-10-22,22.82999992370605,23.190000534057617,22.64999961853028,22.7549991607666,20.080034255981445,16200
2014-10-23,22.5049991607666,23.2450008392334,22.5049991607666,23.0,20.29623031616211,19000
2014-10-24,23.13500022888184,23.13500022888184,22.93000030517578,22.93000030517578,20.234458923339844,12000
2014-10-27,22.96999931335449,22.96999931335449,22.7450008392334,22.7450008392334,20.07120704650879,9000
2014-10-28,22.75,23.045000076293945,22.614999771118164,23.0,20.29623031616211,29800
2014-10-29,22.89999961853028,23.19499969482422,22.799999237060547,23.184999465942383,20.459482192993164,18200
2014-10-30,22.9950008392334,23.48500061035156,22.32999992370605,23.46500015258789,20.706567764282227,37200
2014-10-31,23.625,23.625,23.02499961853028,23.46500015258789,20.706567764282227,25400
2014-11-03,23.364999771118164,23.52499961853028,23.229999542236328,23.280000686645508,20.543317794799805,15200
2014-11-04,23.25,23.3700008392334,23.100000381469727,23.290000915527344,20.55213928222656,16200
2014-11-05,23.424999237060547,23.475000381469727,23.31999969482422,23.350000381469727,20.60508346557617,14400
2014-11-06,23.31999969482422,23.46999931335449,23.100000381469727,23.459999084472656,20.702152252197266,10000
2014-11-07,23.3700008392334,23.38999938964844,23.13500022888184,23.315000534057617,20.574203491210938,3400
2014-11-10,23.23500061035156,23.475000381469727,23.23500061035156,23.475000381469727,20.80910873413086,7000
2014-11-11,23.459999084472656,23.459999084472656,22.979999542236328,23.200000762939453,20.56534004211425,15200
2014-11-12,23.23500061035156,23.23500061035156,23.174999237060547,23.174999237060547,20.543174743652344,3600
2014-11-13,23.239999771118164,23.239999771118164,22.979999542236328,22.98500061035156,20.374753952026367,25800
2014-11-14,23.0049991607666,23.0049991607666,22.5,22.825000762939453,20.23292350769043,11000
2014-11-17,22.780000686645508,23.15999984741211,22.209999084472656,22.2549991607666,19.727657318115234,12800
2014-11-18,22.26000022888184,22.434999465942383,22.05500030517578,22.114999771118164,19.603551864624023,12000
2014-11-19,22.01499938964844,22.145000457763672,21.89999961853028,21.905000686645508,19.417404174804688,6800
2014-11-20,21.895000457763672,21.895000457763672,21.61000061035156,21.690000534057617,19.22682380676269,10000
2014-11-21,21.93000030517578,21.9950008392334,21.55500030517578,21.915000915527344,19.42626953125,20400
2014-11-24,21.8700008392334,22.03499984741211,21.614999771118164,21.989999771118164,19.49275016784668,29400
2014-11-25,22.114999771118164,22.25,22.0049991607666,22.13999938964844,19.625717163085938,16600
2014-11-26,22.114999771118164,22.2450008392334,22.01499938964844,22.075000762939453,19.568099975585938,9000
2014-11-28,22.02499961853028,22.049999237060547,21.59499931335449,21.614999771118164,19.16033744812012,6200
2014-12-01,21.575000762939453,21.68000030517578,21.450000762939453,21.530000686645508,19.08498764038086,21200
2014-12-02,21.57999992370605,22.06999969482422,21.43000030517578,21.57999992370605,19.129314422607425,8000
2014-12-03,21.405000686645508,22.0,21.3799991607666,21.82999992370605,19.35092163085937,11600
2014-12-04,21.875,22.02499961853028,21.364999771118164,21.45499992370605,19.018505096435547,23400
2014-12-05,21.5049991607666,22.13999938964844,21.375,21.975000381469727,19.47945022583008,30000
2014-12-08,21.780000686645508,21.82999992370605,21.364999771118164,21.52499961853028,19.08055686950684,78400
2014-12-09,21.3799991607666,22.34499931335449,21.3799991607666,22.34499931335449,19.80743408203125,126800
2014-12-10,22.25,22.475000381469727,22.25,22.38999938964844,19.84732437133789,21600
2014-12-11,22.4950008392334,22.4950008392334,22.18000030517578,22.354999542236328,19.81629753112793,28400
2014-12-12,22.20499992370605,22.5,22.18000030517578,22.39999961853028,19.85618782043457,20200
2014-12-15,22.295000076293945,22.475000381469727,22.100000381469727,22.280000686645508,19.749814987182617,31600
2014-12-16,22.270000457763672,22.5,22.25,22.3799991607666,19.83845901489257,28600
2014-12-17,22.084999084472656,22.5,21.690000534057617,22.4950008392334,19.94039726257324,51000
2014-12-18,22.4950008392334,22.4950008392334,22.174999237060547,22.424999237060547,19.878347396850582,17400
2014-12-19,22.270000457763672,22.3799991607666,22.09499931335449,22.200000762939453,19.67889976501465,40200
2014-12-22,22.104999542236328,22.5049991607666,22.01499938964844,22.5049991607666,19.94926071166992,11200
2014-12-23,22.6299991607666,22.75,22.420000076293945,22.670000076293945,20.09552574157715,13400
2014-12-24,22.375,22.98500061035156,22.375,22.799999237060547,20.210765838623047,5600
2014-12-26,22.84000015258789,22.924999237060547,22.540000915527344,22.924999237060547,20.321569442749023,8200
2014-12-29,22.73500061035156,23.71999931335449,22.584999084472656,23.21500015258789,20.578632354736328,10200
2014-12-30,23.145000457763672,23.395000457763672,22.655000686645508,23.165000915527344,20.534311294555664,34000
2014-12-31,23.850000381469727,24.01499938964844,23.350000381469727,23.95499992370605,21.234594345092773,101000
2015-01-02,24.059999465942383,24.125,23.100000381469727,23.46999931335449,20.80467414855957,23000
2015-01-05,23.415000915527344,23.415000915527344,22.350000381469727,22.77499961853028,20.18860244750977,49600
2015-01-06,22.795000076293945,23.21999931335449,22.424999237060547,22.834999084472656,20.241788864135746,45000
2015-01-07,22.940000534057617,23.36000061035156,22.604999542236328,23.200000762939453,20.56534004211425,18400
2015-01-08,23.165000915527344,23.4950008392334,22.729999542236328,23.21999931335449,20.583065032958984,23800
2015-01-09,23.05500030517578,23.325000762939453,22.7549991607666,22.815000534057617,20.22406005859375,23000
2015-01-12,22.8700008392334,22.875,22.559999465942383,22.84000015258789,20.2462158203125,11400
2015-01-13,23.02499961853028,23.02499961853028,22.584999084472656,22.75,20.16643714904785,17400
2015-01-14,22.575000762939453,22.700000762939453,22.27499961853028,22.36000061035156,19.82073402404785,9600
2015-01-15,22.395000457763672,22.84499931335449,22.14999961853028,22.32999992370605,19.79413414001465,26800
2015-01-16,22.28499984741211,22.420000076293945,22.14999961853028,22.40999984741211,19.865049362182617,9600
2015-01-20,22.28499984741211,22.424999237060547,22.174999237060547,22.2549991607666,19.727657318115234,12800
2015-01-21,22.3799991607666,22.424999237060547,22.200000762939453,22.21500015258789,19.692197799682617,10400
2015-01-22,22.415000915527344,22.420000076293945,22.27499961853028,22.415000915527344,19.869483947753903,8200
2015-01-23,22.28499984741211,22.46500015258789,22.26000022888184,22.45499992370605,19.904943466186523,6600
2015-01-26,22.28499984741211,22.5,22.26000022888184,22.4950008392334,19.94039726257324,7400
2015-01-27,22.31999969482422,22.32999992370605,22.200000762939453,22.25,19.72322463989257,13800
2015-01-28,22.415000915527344,22.475000381469727,21.94499969482422,21.95499992370605,19.461727142333984,11600
2015-01-29,22.32999992370605,22.32999992370605,21.850000381469727,22.200000762939453,19.67889976501465,5800
2015-01-30,21.8799991607666,22.44499969482422,21.8799991607666,21.88500022888184,19.399673461914062,12400
2015-02-02,21.915000915527344,22.02499961853028,21.375,21.415000915527344,18.98304557800293,30800
2015-02-03,21.57999992370605,22.155000686645508,21.57999992370605,22.145000457763672,19.63014793395996,20000
2015-02-04,22.28499984741211,22.28499984741211,22.065000534057617,22.229999542236328,19.70549201965332,8200
2015-02-05,22.020000457763672,22.325000762939453,21.95499992370605,22.21500015258789,19.692197799682617,10400
2015-02-06,22.14999961853028,22.27499961853028,22.030000686645508,22.065000534057617,19.559234619140625,11000
2015-02-09,22.2450008392334,22.4950008392334,22.1200008392334,22.34000015258789,19.8030014038086,24200
2015-02-10,22.40999984741211,22.5,22.350000381469727,22.3799991607666,19.83845901489257,16600
2015-02-11,22.364999771118164,22.575000762939453,22.15999984741211,22.4950008392334,20.03889274597168,17200
2015-02-12,22.69499969482422,23.415000915527344,22.63999938964844,23.065000534057617,20.54665756225586,17200
2015-02-13,23.170000076293945,23.424999237060547,23.125,23.299999237060547,20.75599479675293,13200
2015-02-17,23.174999237060547,23.299999237060547,23.174999237060547,23.295000076293945,20.75154495239257,7800
2015-02-18,23.209999084472656,23.325000762939453,23.174999237060547,23.309999465942383,20.764907836914062,21200
2015-02-19,23.190000534057617,23.489999771118164,23.184999465942383,23.46500015258789,20.902984619140625,25400
2015-02-20,23.5,23.5,23.39999961853028,23.5,20.934165954589844,25800
2015-02-23,23.424999237060547,23.52499961853028,23.190000534057617,23.459999084472656,20.898527145385746,26200
2015-02-24,23.4950008392334,23.5,23.46500015258789,23.5,20.934165954589844,15600
2015-02-25,23.450000762939453,23.450000762939453,23.315000534057617,23.32999992370605,20.782724380493164,10800
2015-02-26,23.27499961853028,23.325000762939453,23.2549991607666,23.295000076293945,20.75154495239257,5800
2015-02-27,23.290000915527344,23.479999542236328,23.25,23.25,20.71145439147949,10200
2015-03-02,23.375,23.375,23.25,23.364999771118164,20.81390190124512,10800
2015-03-03,23.350000381469727,23.350000381469727,23.190000534057617,23.270000457763672,20.729278564453125,8800
2015-03-04,23.174999237060547,23.309999465942383,22.88500022888184,22.96500015258789,20.45757484436035,10600
2015-03-05,23.31999969482422,23.31999969482422,22.38999938964844,22.790000915527344,20.301687240600582,10400
2015-03-06,22.625,22.82999992370605,22.45499992370605,22.61000061035156,20.14133644104004,29000
2015-03-09,22.4950008392334,23.09000015258789,22.4950008392334,22.959999084472656,20.453123092651367,8200
2015-03-10,22.96500015258789,23.1299991607666,22.565000534057617,22.76000022888184,20.274959564208984,14000
2015-03-11,22.71500015258789,22.854999542236328,22.565000534057617,22.725000381469727,20.243783950805664,18400
2015-03-12,22.850000381469727,23.125,22.5049991607666,23.1200008392334,20.59565734863281,31400
2015-03-13,23.125,23.125,22.375,22.934999465942383,20.430849075317383,7400
2015-03-16,18.36000061035156,23.125,18.315000534057617,22.975000381469727,20.46648597717285,13800
2015-03-17,22.709999084472656,23.0,22.5,22.959999084472656,20.453123092651367,12800
2015-03-18,22.9950008392334,23.0,22.55500030517578,22.729999542236328,20.248233795166016,7600
2015-03-19,22.625,22.90999984741211,22.5,22.854999542236328,20.359588623046875,9800
2015-03-20,22.8700008392334,23.0,22.53499984741211,22.53499984741211,20.074525833129883,26600
2015-03-23,22.3700008392334,22.80500030517578,22.3700008392334,22.64999961853028,20.176973342895508,14600
2015-03-24,22.6200008392334,23.0,22.475000381469727,22.63999938964844,20.168062210083008,5000
2015-03-25,22.655000686645508,22.655000686645508,22.40999984741211,22.415000915527344,19.967628479003903,11200
2015-03-26,22.40999984741211,22.57999992370605,22.40999984741211,22.51000022888184,20.0522575378418,9200
2015-03-27,22.424999237060547,22.450000762939453,22.0049991607666,22.01000022888184,19.60684967041016,9800
2015-03-30,22.625,22.89999961853028,22.100000381469727,22.27499961853028,19.842912673950195,15200
2015-03-31,22.11000061035156,22.165000915527344,21.375,21.6200008392334,19.259428024291992,205400
2015-04-01,21.6299991607666,22.700000762939453,21.6299991607666,22.420000076293945,19.972082138061523,16400
2015-04-02,22.375,22.57999992370605,21.94499969482422,22.36000061035156,19.91863441467285,9800
2015-04-06,22.34499931335449,22.82999992370605,21.905000686645508,22.5049991607666,20.04779624938965,31600
2015-04-07,22.36000061035156,22.725000381469727,21.81999969482422,22.625,20.154699325561523,12800
2015-04-08,22.71999931335449,22.71999931335449,22.25,22.30500030517578,19.86963653564453,43800
2015-04-09,22.43000030517578,22.440000534057617,21.93000030517578,22.440000534057617,19.98989486694336,5400
2015-04-10,22.31999969482422,22.7450008392334,22.084999084472656,22.4950008392334,20.03889274597168,31600
2015-04-13,22.75,22.75,22.5,22.56999969482422,20.10570907592773,10200
2015-04-14,22.6200008392334,22.924999237060547,22.1200008392334,22.5049991607666,20.04779624938965,8200
2015-04-15,22.364999771118164,22.549999237060547,22.190000534057617,22.420000076293945,19.972082138061523,8400
2015-04-16,22.375,22.559999465942383,22.20499992370605,22.20499992370605,19.78055763244629,8000
2015-04-17,22.09000015258789,22.09000015258789,21.75,21.80500030517578,19.42423439025879,12000
2015-04-20,21.875,22.1200008392334,21.600000381469727,21.89999961853028,19.50885772705078,40400
2015-04-21,21.770000457763672,22.0,21.770000457763672,21.975000381469727,19.575668334960938,27600
2015-04-22,21.850000381469727,21.940000534057617,21.75,21.795000076293945,19.415321350097656,11600
2015-04-23,21.70499992370605,21.709999084472656,21.39999961853028,21.645000457763672,19.281702041625977,85400
2015-04-24,22.0,22.864999771118164,22.0,22.864999771118164,20.368497848510746,48800
2015-04-27,23.0,23.25,22.76499938964844,23.25,20.71145439147949,45000
2015-04-28,23.209999084472656,23.5,23.125,23.5,20.934165954589844,38400
2015-04-29,23.475000381469727,23.475000381469727,22.875,23.030000686645508,20.515480041503903,17000
2015-04-30,22.920000076293945,23.229999542236328,22.559999465942383,22.709999084472656,20.230424880981445,16800
2015-05-01,22.725000381469727,23.2549991607666,22.545000076293945,22.809999465942383,20.31950187683105,15400
2015-05-04,22.77499961853028,22.950000762939453,22.3799991607666,22.950000762939453,20.444215774536133,17200
2015-05-05,22.6299991607666,23.225000381469727,22.155000686645508,22.545000076293945,20.08343315124512,15600
2015-05-06,22.09499931335449,22.350000381469727,21.51000022888184,22.145000457763672,19.727108001708984,31000
2015-05-07,22.200000762939453,22.200000762939453,21.82999992370605,21.8799991607666,19.49104118347168,13400
2015-05-08,22.18000030517578,22.34000015258789,21.57999992370605,22.020000457763672,19.615758895874023,20800
2015-05-11,22.2450008392334,22.2450008392334,21.75,21.850000381469727,19.464319229125977,8400
2015-05-12,21.96999931335449,21.96999931335449,21.530000686645508,21.84499931335449,19.45986557006836,12400
2015-05-13,21.540000915527344,21.875,21.424999237060547,21.76499938964844,19.486724853515625,8000
2015-05-14,21.940000534057617,21.9950008392334,21.81999969482422,21.8799991607666,19.58968544006348,9600
2015-05-15,21.905000686645508,22.040000915527344,21.850000381469727,21.875,19.585208892822266,11000
2015-05-18,22.114999771118164,22.114999771118164,21.89999961853028,21.89999961853028,19.607589721679688,7000
2015-05-19,21.93000030517578,21.95499992370605,21.795000076293945,21.94499969482422,19.64788055419922,43800
2015-05-20,21.94499969482422,22.31999969482422,21.895000457763672,22.14999961853028,19.83142471313477,35000
2015-05-21,21.950000762939453,22.1200008392334,21.7549991607666,21.94499969482422,19.64788055419922,111600
2015-05-22,21.934999465942383,22.239999771118164,21.934999465942383,22.1200008392334,19.804561614990234,54600
2015-05-26,22.114999771118164,22.424999237060547,22.100000381469727,22.415000915527344,20.06868362426757,25000
2015-05-27,22.924999237060547,22.924999237060547,22.239999771118164,22.479999542236328,20.126876831054688,17000
2015-05-28,22.290000915527344,22.565000534057617,22.174999237060547,22.520000457763672,20.162691116333008,18400
2015-05-29,22.6200008392334,22.6200008392334,22.350000381469727,22.38999938964844,20.04630279541016,24000
2015-06-01,22.549999237060547,22.549999237060547,22.1299991607666,22.46999931335449,20.11792182922364,6800
2015-06-02,22.30500030517578,22.4950008392334,22.280000686645508,22.3700008392334,20.02839469909668,10800
2015-06-03,22.395000457763672,22.475000381469727,22.125,22.475000381469727,20.12240600585937,14200
2015-06-04,22.375,22.46999931335449,22.375,22.3799991607666,20.03734397888184,18000
2015-06-05,22.3799991607666,22.56999969482422,22.3799991607666,22.56999969482422,20.207462310791016,13600
2015-06-08,22.44499969482422,22.51499938964844,22.44499969482422,22.45499992370605,20.104496002197266,8600
2015-06-09,22.530000686645508,22.600000381469727,22.45499992370605,22.5049991607666,20.14925765991211,12200
2015-06-10,22.52499961853028,23.14999961853028,22.52499961853028,22.975000381469727,20.570066452026367,27400
2015-06-11,23.06999969482422,23.09000015258789,22.815000534057617,22.979999542236328,20.574541091918945,8400
2015-06-12,22.975000381469727,23.09499931335449,22.674999237060547,22.68000030517578,20.305946350097656,23400
2015-06-15,22.665000915527344,23.14999961853028,22.665000915527344,22.96500015258789,20.561107635498047,36600
2015-06-16,23.03499984741211,23.5,23.03499984741211,23.395000457763672,20.94610595703125,50200
2015-06-17,23.3700008392334,23.5,23.13999938964844,23.364999771118164,20.91924095153809,45600
2015-06-18,23.475000381469727,23.5,23.375,23.479999542236328,21.02220726013184,46600
2015-06-19,23.5,23.5,22.405000686645508,22.725000381469727,20.346237182617188,162800
2015-06-22,22.674999237060547,22.95499992370605,22.674999237060547,22.90999984741211,20.511863708496094,55400
2015-06-23,22.93000030517578,23.424999237060547,22.895000457763672,23.38999938964844,20.94162368774414,33800
2015-06-24,23.32999992370605,23.39999961853028,22.77499961853028,23.05500030517578,20.641691207885746,41400
2015-06-25,22.9950008392334,23.395000457763672,22.825000762939453,23.395000457763672,20.94610595703125,18200
2015-06-26,23.43000030517578,23.43000030517578,23.280000686645508,23.39999961853028,20.950578689575195,114000
2015-06-29,23.280000686645508,23.520000457763672,23.13999938964844,23.270000457763672,20.83418655395508,21600
2015-06-30,23.18000030517578,23.479999542236328,23.18000030517578,23.440000534057617,20.986391067504883,30200
2015-07-01,23.39999961853028,23.475000381469727,23.30500030517578,23.475000381469727,21.017728805541992,26600
2015-07-02,23.395000457763672,23.475000381469727,23.309999465942383,23.424999237060547,20.972959518432617,23200
2015-07-06,23.280000686645508,23.434999465942383,23.27499961853028,23.280000686645508,20.8431396484375,18800
2015-07-07,23.2549991607666,23.36000061035156,23.25,23.25,20.81627655029297,23800
2015-07-08,23.25,23.375,23.25,23.2549991607666,20.82075500488281,22600
2015-07-09,23.280000686645508,23.434999465942383,23.2549991607666,23.295000076293945,20.8565673828125,21000
2015-07-10,23.334999084472656,23.5,23.334999084472656,23.48500061035156,21.02667999267578,26400
2015-07-13,23.5,23.52499961853028,23.34000015258789,23.39999961853028,20.950578689575195,35400
2015-07-14,23.26499938964844,23.795000076293945,23.2549991607666,23.59499931335449,21.125167846679688,52000
2015-07-15,23.625,23.625,23.5,23.614999771118164,21.14307403564453,19800
2015-07-16,23.64999961853028,23.64999961853028,23.575000762939453,23.614999771118164,21.14307403564453,6600
2015-07-17,23.565000534057617,23.815000534057617,23.5049991607666,23.739999771118164,21.254987716674805,14200
2015-07-20,23.690000534057617,23.825000762939453,23.690000534057617,23.729999542236328,21.246036529541016,9000
2015-07-21,23.625,23.70499992370605,23.5,23.565000534057617,21.09831047058105,15600
2015-07-22,23.5,23.565000534057617,23.5,23.5049991607666,21.04458808898925,14200
2015-07-23,23.5,23.84499931335449,23.5,23.64999961853028,21.17440795898437,20600
2015-07-24,23.520000457763672,23.520000457763672,20.8700008392334,21.520000457763672,19.26736831665039,132600
2015-07-27,21.299999237060547,21.520000457763672,21.2549991607666,21.30500030517578,19.074871063232425,44400
2015-07-28,21.48500061035156,21.84000015258789,20.6200008392334,21.114999771118164,18.904762268066406,39600
2015-07-29,21.239999771118164,22.200000762939453,21.239999771118164,21.71500015258789,19.44195938110352,16800
2015-07-30,21.700000762939453,21.850000381469727,21.625,21.77499961853028,19.49567604064941,56000
2015-07-31,21.78499984741211,21.875,21.674999237060547,21.875,19.585208892822266,64600
2015-08-03,21.77499961853028,22.09499931335449,21.25,21.270000457763672,19.043540954589844,41400
2015-08-04,21.48500061035156,21.670000076293945,21.34000015258789,21.48500061035156,19.23603248596192,20600
2015-08-05,21.43000030517578,21.98500061035156,21.43000030517578,21.84000015258789,19.55387115478516,18200
2015-08-06,21.670000076293945,22.07999992370605,21.670000076293945,21.915000915527344,19.621028900146484,15800
2015-08-07,21.864999771118164,21.864999771118164,21.25,21.31999969482422,19.088302612304688,13400
2015-08-10,21.424999237060547,21.4950008392334,21.200000762939453,21.34000015258789,19.106210708618164,58800
2015-08-11,21.334999084472656,21.46999931335449,21.1200008392334,21.375,19.13754653930664,10600
2015-08-12,21.299999237060547,21.905000686645508,21.2549991607666,21.395000457763672,19.15545463562012,18400
2015-08-13,21.375,22.229999542236328,21.31999969482422,21.56999969482422,19.312131881713867,9400
2015-08-14,21.450000762939453,22.11000061035156,21.450000762939453,21.975000381469727,19.775585174560547,28600
2015-08-17,21.979999542236328,22.21500015258789,21.96500015258789,22.03499984741211,19.82958221435547,28400
2015-08-18,22.0049991607666,22.1200008392334,22.0,22.01499938964844,19.81158447265625,22800
2015-08-19,22.1200008392334,22.1200008392334,22.0,22.0,19.79808807373047,24800
2015-08-20,21.8799991607666,22.049999237060547,21.875,21.905000686645508,19.712596893310547,28200
2015-08-21,21.729999542236328,22.1200008392334,21.540000915527344,22.020000457763672,19.81608772277832,64000
2015-08-24,21.799999237060547,22.020000457763672,21.75,21.75,19.57311248779297,47200
2015-08-25,22.25,22.25,21.52499961853028,21.6299991607666,19.465118408203125,22600
2015-08-26,21.96500015258789,22.114999771118164,21.920000076293945,22.100000381469727,19.888078689575195,98200
2015-08-27,22.125,22.405000686645508,21.875,21.98500061035156,19.784591674804688,33400
2015-08-28,21.979999542236328,22.100000381469727,21.875,22.049999237060547,19.84308242797852,63000
2015-08-31,23.14999961853028,23.14999961853028,22.15999984741211,22.43000030517578,20.18505096435547,61100
2015-09-01,22.14999961853028,22.450000762939453,22.0,22.059999465942383,19.85207939147949,43800
2015-09-02,22.26000022888184,22.65999984741211,22.030000686645508,22.61000061035156,20.34703254699707,65000
2015-09-03,22.530000686645508,22.65999984741211,22.350000381469727,22.5,20.24804306030273,32700
2015-09-04,22.36000061035156,22.690000534057617,22.31999969482422,22.31999969482422,20.086055755615234,32300
2015-09-08,22.690000534057617,23.040000915527344,22.65999984741211,23.0,20.6980037689209,39000
2015-09-09,22.850000381469727,23.209999084472656,22.850000381469727,23.049999237060547,20.74299049377441,20300
2015-09-10,23.0,23.1200008392334,22.89999961853028,23.030000686645508,20.724998474121094,10900
2015-09-11,23.0,23.1200008392334,22.96999931335449,23.040000915527344,20.733999252319336,10400
2015-09-14,23.01000022888184,23.1299991607666,22.76000022888184,23.030000686645508,20.724998474121094,22100
2015-09-15,22.950000762939453,23.25,22.89999961853028,23.030000686645508,20.724998474121094,13600
2015-09-16,22.940000534057617,23.18000030517578,22.809999465942383,23.020000457763672,20.71599578857422,15200
2015-09-17,22.89999961853028,23.25,22.68000030517578,22.8700008392334,20.581016540527344,30400
2015-09-18,22.600000381469727,22.8700008392334,22.09000015258789,22.84000015258789,20.554012298583984,34500
2015-09-21,23.020000457763672,23.299999237060547,22.950000762939453,23.18000030517578,20.8599853515625,39700
2015-09-22,23.01000022888184,23.299999237060547,23.01000022888184,23.059999465942383,20.751996994018555,19200
2015-09-23,23.030000686645508,23.38999938964844,23.030000686645508,23.209999084472656,20.886981964111328,11900
2015-09-24,23.200000762939453,23.920000076293945,23.200000762939453,23.799999237060547,21.417930603027344,17000
2015-09-25,23.89999961853028,23.89999961853028,23.32999992370605,23.32999992370605,20.994972229003903,18800
2015-09-28,23.40999984741211,23.40999984741211,23.0,23.0,20.6980037689209,21600
2015-09-29,23.11000061035156,23.15999984741211,22.84000015258789,22.96999931335449,20.67099952697754,29000
2015-09-30,23.06999969482422,23.61000061035156,22.700000762939453,23.520000457763672,21.165956497192383,42700
2015-10-01,23.700000762939453,23.780000686645508,22.82999992370605,23.040000915527344,20.733999252319336,16000
2015-10-02,22.989999771118164,23.059999465942383,22.030000686645508,22.459999084472656,20.212045669555664,19400
2015-10-05,22.600000381469727,23.13999938964844,22.57999992370605,22.850000381469727,20.56301689147949,24200
2015-10-06,22.8799991607666,22.8799991607666,22.36000061035156,22.530000686645508,20.27503967285156,18200
2015-10-07,22.489999771118164,23.0,22.299999237060547,23.0,20.6980037689209,17200
2015-10-08,22.950000762939453,23.09000015258789,22.790000915527344,23.09000015258789,20.778995513916016,22400
2015-10-09,23.049999237060547,23.290000915527344,22.850000381469727,23.06999969482422,20.7609977722168,34600
2015-10-12,23.020000457763672,23.459999084472656,23.020000457763672,23.39999961853028,21.057966232299805,18100
2015-10-13,23.31999969482422,23.63999938964844,23.06999969482422,23.51000022888184,21.156957626342773,14800
2015-10-14,23.450000762939453,23.450000762939453,23.15999984741211,23.15999984741211,20.84198760986328,12200
2015-10-15,23.1200008392334,23.84000015258789,22.799999237060547,23.790000915527344,21.408933639526367,23900
2015-10-16,23.81999969482422,23.81999969482422,23.170000076293945,23.61000061035156,21.246944427490234,21900
2015-10-19,23.56999969482422,23.76000022888184,23.209999084472656,23.65999984741211,21.29194068908692,20600
2015-10-20,23.56999969482422,23.989999771118164,23.270000457763672,23.959999084472656,21.561912536621094,19200
2015-10-21,23.82999992370605,24.1299991607666,23.450000762939453,23.709999084472656,21.336938858032227,25000
2015-10-22,23.39999961853028,24.71999931335449,23.39999961853028,24.39999961853028,21.95787811279297,21200
2015-10-23,24.56999969482422,25.950000762939453,24.5,25.350000381469727,22.81279754638672,47600
2015-10-26,25.489999771118164,26.420000076293945,25.07999992370605,25.920000076293945,23.325746536254883,19000
2015-10-27,25.920000076293945,26.0,25.26000022888184,25.59000015258789,23.028772354125977,19900
2015-10-28,25.6200008392334,25.89999961853028,25.299999237060547,25.75,23.17276382446289,47800
2015-10-29,25.81999969482422,25.81999969482422,25.26000022888184,25.36000061035156,22.82179450988769,29300
2015-10-30,25.190000534057617,25.57999992370605,24.57999992370605,24.64999961853028,22.18285751342773,23600
2015-11-02,24.84000015258789,25.38999938964844,24.75,25.170000076293945,22.65081024169922,28400
2015-11-03,25.1200008392334,25.75,24.790000915527344,25.18000030517578,22.65981101989746,28100
2015-11-04,25.229999542236328,25.64999961853028,24.989999771118164,25.299999237060547,22.767799377441406,30300
2015-11-05,25.299999237060547,25.65999984741211,25.200000762939453,25.420000076293945,22.875791549682617,21100
2015-11-06,25.61000061035156,25.799999237060547,25.32999992370605,25.780000686645508,23.199764251708984,20900
2015-11-09,25.780000686645508,25.780000686645508,25.25,25.5,23.046119689941406,16500
2015-11-10,25.25,25.549999237060547,25.239999771118164,25.3799991607666,22.937664031982425,12500
2015-11-11,25.34000015258789,25.5,25.31999969482422,25.3700008392334,22.92863273620605,8400
2015-11-12,25.21999931335449,25.520000457763672,24.959999084472656,25.25,22.82017517089844,8800
2015-11-13,25.21999931335449,25.549999237060547,24.89999961853028,25.36000061035156,22.91958999633789,21900
2015-11-16,25.420000076293945,25.5,25.07999992370605,25.489999771118164,23.037078857421875,21300
2015-11-17,25.5,25.670000076293945,25.43000030517578,25.5,23.046119689941406,26900
2015-11-18,25.82999992370605,25.84000015258789,25.3700008392334,25.690000534057617,23.21783447265625,22500
2015-11-19,25.709999084472656,25.739999771118164,25.26000022888184,25.34000015258789,22.901514053344727,18000
2015-11-20,25.38999938964844,25.8799991607666,25.25,25.790000915527344,23.308216094970703,15300
2015-11-23,25.770000457763672,25.8799991607666,25.350000381469727,25.790000915527344,23.308216094970703,8800
2015-11-24,25.5,26.0,25.46999931335449,25.979999542236328,23.47992897033692,13100
2015-11-25,25.989999771118164,25.989999771118164,25.459999084472656,25.93000030517578,23.434738159179688,20900
2015-11-27,25.88999938964844,26.13999938964844,25.81999969482422,26.020000457763672,23.51607894897461,12600
2015-11-30,26.030000686645508,26.030000686645508,25.709999084472656,25.920000076293945,23.425701141357425,14700
2015-12-01,25.90999984741211,27.09000015258789,25.799999237060547,26.56999969482422,24.01315116882324,81100
2015-12-02,26.5,27.350000381469727,26.5,27.020000457763672,24.419845581054688,63000
2015-12-03,27.01000022888184,27.01000022888184,25.38999938964844,25.520000457763672,23.06419563293457,38600
2015-12-04,25.709999084472656,26.25,25.600000381469727,26.229999542236328,23.705869674682617,31200
2015-12-07,26.170000076293945,26.40999984741211,25.39999961853028,26.0,23.49800109863281,26600
2015-12-08,25.84000015258789,25.90999984741211,25.25,25.700000762939453,23.22687149047852,33200
2015-12-09,25.51000022888184,25.670000076293945,25.290000915527344,25.38999938964844,22.946701049804688,27300
2015-12-10,24.3799991607666,25.07999992370605,21.89999961853028,25.059999465942383,22.64845848083496,52600
2015-12-11,24.700000762939453,24.8799991607666,24.63999938964844,24.690000534057617,22.314064025878903,31200
2015-12-14,24.65999984741211,25.299999237060547,23.799999237060547,24.850000381469727,22.458669662475582,38500
2015-12-15,24.700000762939453,25.25,24.690000534057617,25.14999961853028,22.729795455932617,20600
2015-12-16,25.239999771118164,25.299999237060547,25.09000015258789,25.25,22.82017517089844,20200
2015-12-17,25.25,25.280000686645508,24.809999465942383,25.239999771118164,22.81113624572754,14700
2015-12-18,25.100000381469727,25.350000381469727,24.940000534057617,25.25,22.82017517089844,107300
2015-12-21,25.280000686645508,25.280000686645508,24.84000015258789,24.959999084472656,22.558080673217773,32500
2015-12-22,24.89999961853028,25.100000381469727,24.59000015258789,25.09000015258789,22.675573348999023,13500
2015-12-23,25.030000686645508,25.229999542236328,24.57999992370605,24.920000076293945,22.52193069458008,18400
2015-12-24,24.959999084472656,25.1299991607666,24.57999992370605,25.1200008392334,22.70268440246582,9600
2015-12-28,24.799999237060547,25.25,24.600000381469727,25.21999931335449,22.79306602478028,14800
2015-12-29,24.96999931335449,25.86000061035156,24.89999961853028,25.6299991607666,23.16360664367676,15000
2015-12-30,25.229999542236328,25.5,22.96999931335449,25.26000022888184,22.82921600341797,8500
2015-12-31,25.26000022888184,25.700000762939453,24.700000762939453,25.01000022888184,22.60327339172364,14600
2016-01-04,23.559999465942383,24.56999969482422,23.459999084472656,23.979999542236328,21.672382354736328,61100
2016-01-05,24.020000457763672,24.64999961853028,23.600000381469727,24.40999984741211,22.061010360717773,24400
2016-01-06,23.90999984741211,24.700000762939453,23.739999771118164,24.57999992370605,22.21465110778809,35700
2016-01-07,24.170000076293945,24.51000022888184,23.59000015258789,23.89999961853028,21.600080490112305,37500
2016-01-08,24.020000457763672,24.39999961853028,23.850000381469727,24.0,21.690467834472656,27300
2016-01-11,24.21999931335449,24.34000015258789,23.89999961853028,24.14999961853028,21.82602882385254,21200
2016-01-12,24.25,24.350000381469727,23.89999961853028,24.01000022888184,21.699501037597656,26600
2016-01-13,24.26000022888184,24.39999961853028,23.729999542236328,23.88999938964844,21.591049194335938,25700
2016-01-14,23.88999938964844,24.299999237060547,23.5,23.540000915527344,21.27472686767578,37200
2016-01-15,22.979999542236328,22.979999542236328,21.43000030517578,22.200000762939453,20.06367874145508,36300
2016-01-19,22.520000457763672,22.729999542236328,22.01000022888184,22.290000915527344,20.14501953125,28300
2016-01-20,22.1299991607666,23.5,21.76000022888184,23.32999992370605,21.08493995666504,59100
2016-01-21,23.200000762939453,23.799999237060547,22.200000762939453,22.420000076293945,20.262508392333984,30400
2016-01-22,22.479999542236328,22.549999237060547,21.989999771118164,22.43000030517578,20.271547317504883,26800
2016-01-25,22.3700008392334,22.63999938964844,21.75,21.780000686645508,19.68409538269043,29700
2016-01-26,22.049999237060547,22.90999984741211,22.0,22.1299991607666,20.00041961669922,27000
2016-01-27,22.1200008392334,22.700000762939453,21.81999969482422,22.0,19.882923126220703,31600
2016-01-28,22.06999969482422,23.059999465942383,21.89999961853028,22.5,20.33480834960937,24800
2016-01-29,22.989999771118164,23.59000015258789,22.1200008392334,22.959999084472656,20.75054359436035,60600
2016-02-01,22.729999542236328,22.979999542236328,22.32999992370605,22.350000381469727,20.199243545532227,26100
2016-02-02,22.239999771118164,22.459999084472656,21.299999237060547,21.989999771118164,19.873889923095703,39000
2016-02-03,21.959999084472656,22.040000915527344,20.38999938964844,21.559999465942383,19.485265731811523,37000
2016-02-04,21.71999931335449,21.959999084472656,21.38999938964844,21.799999237060547,19.70216941833496,22500
2016-02-05,21.600000381469727,22.21999931335449,21.290000915527344,21.40999984741211,19.349702835083008,32500
2016-02-08,21.34000015258789,21.729999542236328,21.059999465942383,21.59000015258789,19.51237678527832,20700
2016-02-09,21.46999931335449,21.75,21.229999542236328,21.549999237060547,19.476224899291992,11700
2016-02-10,21.71999931335449,22.01000022888184,20.920000076293945,21.06999969482422,19.1490478515625,17700
2016-02-11,21.56999969482422,21.65999984741211,20.239999771118164,20.520000457763672,18.64919662475586,21900
2016-02-12,20.729999542236328,21.479999542236328,20.09000015258789,21.25,19.31263542175293,25900
2016-02-16,21.38999938964844,21.82999992370605,21.1299991607666,21.68000030517578,19.70343589782715,17400
2016-02-17,21.670000076293945,21.940000534057617,21.239999771118164,21.39999961853028,19.448963165283203,20000
2016-02-18,21.450000762939453,21.739999771118164,20.059999465942383,21.040000915527344,19.12178421020508,18100
2016-02-19,21.030000686645508,22.07999992370605,21.030000686645508,21.709999084472656,19.730701446533203,23200
2016-02-22,22.020000457763672,22.280000686645508,21.440000534057617,21.600000381469727,19.630727767944336,24200
2016-02-23,21.6299991607666,21.96999931335449,21.18000030517578,21.290000915527344,19.3489933013916,31500
2016-02-24,21.979999542236328,22.3700008392334,21.07999992370605,21.700000762939453,19.721614837646484,24000
2016-02-25,22.21999931335449,22.21999931335449,21.34000015258789,21.540000915527344,19.576196670532227,12000
2016-02-26,21.479999542236328,21.799999237060547,21.32999992370605,21.6200008392334,19.648902893066406,10900
2016-02-29,21.459999084472656,21.809999465942383,21.01000022888184,21.11000061035156,19.185401916503903,30400
2016-03-01,21.07999992370605,21.850000381469727,21.07999992370605,21.850000381469727,19.85793685913086,24800
2016-03-02,21.59000015258789,21.86000061035156,21.46999931335449,21.809999465942383,19.82158470153809,21000
2016-03-03,22.0,22.3799991607666,21.56999969482422,22.1200008392334,20.103321075439453,21100
2016-03-04,22.26000022888184,22.71999931335449,21.75,22.51000022888184,20.457763671875,24500
2016-03-07,22.5,23.3799991607666,22.5,22.790000915527344,20.71224021911621,17300
2016-03-08,22.690000534057617,23.46999931335449,22.540000915527344,22.709999084472656,20.63953399658203,16700
2016-03-09,22.940000534057617,23.46999931335449,22.270000457763672,22.530000686645508,20.475942611694336,20200
2016-03-10,22.479999542236328,22.479999542236328,22.07999992370605,22.13999938964844,20.12150001525879,9200
2016-03-11,22.190000534057617,23.479999542236328,21.989999771118164,22.520000457763672,20.46685218811035,15200
2016-03-14,22.799999237060547,22.84000015258789,22.31999969482422,22.31999969482422,20.285085678100582,23300
2016-03-15,22.31999969482422,22.61000061035156,22.07999992370605,22.18000030517578,20.15785217285156,15300
2016-03-16,22.290000915527344,22.57999992370605,21.89999961853028,22.040000915527344,20.03062057495117,14800
2016-03-17,22.21999931335449,22.21999931335449,21.739999771118164,21.979999542236328,19.9760856628418,27800
2016-03-18,22.09000015258789,22.64999961853028,21.530000686645508,22.520000457763672,20.46685218811035,38600
2016-03-21,22.39999961853028,22.39999961853028,22.040000915527344,22.350000381469727,20.31235313415528,24800
2016-03-22,22.270000457763672,22.90999984741211,22.270000457763672,22.51000022888184,20.457763671875,27400
2016-03-23,22.790000915527344,23.209999084472656,22.280000686645508,22.34000015258789,20.303260803222656,31200
2016-03-24,22.239999771118164,22.239999771118164,21.01000022888184,21.14999961853028,19.221757888793945,43400
2016-03-28,21.59000015258789,21.979999542236328,21.489999771118164,21.8799991607666,19.88520050048828,18400
2016-03-29,21.770000457763672,22.440000534057617,21.75,22.3799991607666,20.33961677551269,20300
2016-03-30,22.420000076293945,23.1200008392334,22.420000076293945,22.739999771118164,20.666797637939453,35700
2016-03-31,22.940000534057617,23.09000015258789,22.790000915527344,22.93000030517578,20.8394718170166,19300
2016-04-01,23.25,23.280000686645508,23.0,23.1299991607666,21.021240234375,18600
2016-04-04,23.100000381469727,23.1200008392334,23.0,23.01000022888184,20.912185668945312,29400
2016-04-05,22.59000015258789,23.239999771118164,22.59000015258789,23.030000686645508,20.93035888671875,25300
2016-04-06,23.0,23.26000022888184,23.0,23.26000022888184,21.139389038085938,29600
2016-04-07,23.0,23.1200008392334,23.0,23.049999237060547,20.948532104492188,36300
2016-04-08,23.200000762939453,23.200000762939453,23.0,23.020000457763672,20.92126846313477,15100
2016-04-11,23.09000015258789,23.59000015258789,23.0,23.40999984741211,21.275712966918945,14200
2016-04-12,23.350000381469727,23.440000534057617,23.14999961853028,23.299999237060547,21.17573928833008,13100
2016-04-13,23.520000457763672,24.459999084472656,23.520000457763672,24.229999542236328,22.02095413208008,20700
2016-04-14,24.209999084472656,24.530000686645508,24.01000022888184,24.3700008392334,22.1481876373291,29300
2016-04-15,24.299999237060547,24.39999961853028,24.1299991607666,24.229999542236328,22.02095413208008,11000
2016-04-18,24.21999931335449,24.479999542236328,23.459999084472656,24.350000381469727,22.130016326904297,17800
2016-04-19,24.020000457763672,24.700000762939453,23.96999931335449,24.65999984741211,22.41175079345703,14300
2016-04-20,24.770000457763672,24.950000762939453,23.8799991607666,24.690000534057617,22.439014434814453,18000
2016-04-21,24.799999237060547,24.90999984741211,24.36000061035156,24.59000015258789,22.348129272460938,25000
2016-04-22,24.61000061035156,24.780000686645508,24.3799991607666,24.479999542236328,22.24815559387207,12800
2016-04-25,24.38999938964844,24.940000534057617,24.26000022888184,24.64999961853028,22.40266227722168,9900
2016-04-26,24.46999931335449,25.489999771118164,24.350000381469727,25.450000762939453,23.12973022460937,29100
2016-04-27,24.71999931335449,25.38999938964844,24.71999931335449,25.31999969482422,23.01157760620117,15100
2016-04-28,25.1299991607666,25.39999961853028,24.84000015258789,25.100000381469727,22.811634063720703,16300
2016-04-29,25.18000030517578,25.350000381469727,24.86000061035156,25.309999465942383,23.00248908996582,11400
2016-05-02,25.39999961853028,25.940000534057617,24.26000022888184,25.670000076293945,23.32967185974121,32200
2016-05-03,25.46999931335449,25.46999931335449,24.780000686645508,24.940000534057617,22.666223526000977,16400
2016-05-04,25.1299991607666,25.21999931335449,24.75,24.940000534057617,22.666223526000977,15300
2016-05-05,25.0,25.0,24.14999961853028,24.3799991607666,22.15727996826172,22400
2016-05-06,24.200000762939453,24.93000030517578,24.0,24.86000061035156,22.5935173034668,21500
2016-05-09,24.790000915527344,24.89999961853028,24.68000030517578,24.71999931335449,22.466279983520508,16300
2016-05-10,24.299999237060547,24.75,24.229999542236328,24.729999542236328,22.4753646850586,10600
2016-05-11,24.459999084472656,24.600000381469727,24.15999984741211,24.25,22.146595001220703,7300
2016-05-12,24.280000686645508,24.420000076293945,23.89999961853028,23.93000030517578,21.85435104370117,19900
2016-05-13,24.09000015258789,24.420000076293945,24.040000915527344,24.350000381469727,22.23792266845703,9600
2016-05-16,24.739999771118164,24.739999771118164,24.059999465942383,24.31999969482422,22.210525512695312,15900
2016-05-17,24.100000381469727,24.280000686645508,24.059999465942383,24.11000061035156,22.018739700317383,32800
2016-05-18,23.96999931335449,24.38999938964844,23.89999961853028,24.299999237060547,22.192256927490234,10700
2016-05-19,24.25,24.420000076293945,23.75,24.21999931335449,22.11919593811035,12000
2016-05-20,24.350000381469727,24.459999084472656,24.0,24.209999084472656,22.11006546020508,16600
2016-05-23,24.38999938964844,24.450000762939453,24.059999465942383,24.11000061035156,22.018739700317383,11000
2016-05-24,24.26000022888184,24.739999771118164,24.200000762939453,24.700000762939453,22.55756187438965,22300
2016-05-25,24.5,24.709999084472656,24.5,24.61000061035156,22.47537040710449,9400
2016-05-26,24.440000534057617,24.739999771118164,24.440000534057617,24.64999961853028,22.51189994812012,10800
2016-05-27,24.690000534057617,24.739999771118164,24.57999992370605,24.71999931335449,22.575828552246094,5500
2016-05-31,24.729999542236328,24.739999771118164,24.170000076293945,24.729999542236328,22.584959030151367,15300
2016-06-01,24.65999984741211,24.739999771118164,24.39999961853028,24.450000762939453,22.329246520996094,10900
2016-06-02,24.40999984741211,24.600000381469727,24.049999237060547,24.200000762939453,22.10093307495117,49300
2016-06-03,24.059999465942383,24.280000686645508,23.81999969482422,24.049999237060547,21.963943481445312,9600
2016-06-06,24.049999237060547,24.420000076293945,24.049999237060547,24.299999237060547,22.192256927490234,21200
2016-06-07,24.299999237060547,24.479999542236328,24.299999237060547,24.450000762939453,22.329246520996094,19500
2016-06-08,24.479999542236328,24.51000022888184,24.309999465942383,24.3700008392334,22.25618362426757,31600
2016-06-09,24.3700008392334,24.450000762939453,24.100000381469727,24.209999084472656,22.11006546020508,17000
2016-06-10,24.07999992370605,24.15999984741211,24.0,24.100000381469727,22.00960731506348,15400
2016-06-13,24.100000381469727,24.11000061035156,23.76000022888184,23.8799991607666,21.80868911743164,18800
2016-06-14,23.790000915527344,24.020000457763672,23.790000915527344,23.86000061035156,21.790422439575195,27100
2016-06-15,23.89999961853028,24.07999992370605,23.71999931335449,23.88999938964844,21.81781768798828,9500
2016-06-16,23.76000022888184,24.049999237060547,23.76000022888184,23.88999938964844,21.81781768798828,7900
2016-06-17,23.940000534057617,24.46999931335449,23.940000534057617,24.13999938964844,22.0461368560791,34900
2016-06-20,24.350000381469727,24.3799991607666,23.84000015258789,23.920000076293945,21.84521675109864,11300
2016-06-21,23.56999969482422,24.14999961853028,23.56999969482422,23.8799991607666,21.80868911743164,6700
2016-06-22,23.989999771118164,24.049999237060547,23.81999969482422,23.8700008392334,21.79955291748047,10200
2016-06-23,24.030000686645508,24.25,23.5,24.239999771118164,22.137460708618164,12800
2016-06-24,23.799999237060547,24.350000381469727,23.14999961853028,24.34000015258789,22.22878646850586,85900
2016-06-27,23.84000015258789,24.299999237060547,22.8700008392334,22.93000030517578,20.94108772277832,28900
2016-06-28,23.059999465942383,23.21999931335449,22.190000534057617,22.959999084472656,20.968486785888672,29900
2016-06-29,22.989999771118164,22.989999771118164,22.6200008392334,22.799999237060547,20.822364807128903,15800
2016-06-30,22.780000686645508,23.90999984741211,22.780000686645508,23.46999931335449,21.434249877929688,20200
2016-07-01,23.200000762939453,23.299999237060547,22.88999938964844,23.0,21.00501823425293,14700
2016-07-05,22.88999938964844,23.280000686645508,22.600000381469727,22.700000762939453,20.73103904724121,24800
2016-07-06,22.709999084472656,22.950000762939453,22.39999961853028,22.71999931335449,20.749303817749023,13300
2016-07-07,23.06999969482422,23.209999084472656,22.1299991607666,22.43000030517578,20.484458923339844,14000
2016-07-08,22.39999961853028,22.75,22.39999961853028,22.75,20.77669906616211,13400
2016-07-11,22.86000061035156,23.030000686645508,22.700000762939453,23.020000457763672,21.02328109741211,28000
2016-07-12,23.059999465942383,23.489999771118164,23.0,23.280000686645508,21.260730743408203,21500
2016-07-13,23.34000015258789,24.299999237060547,23.26000022888184,24.030000686645508,21.9456787109375,26400
2016-07-14,23.959999084472656,23.959999084472656,23.690000534057617,23.950000762939453,21.872615814208984,8500
2016-07-15,24.0,24.0,23.0,23.3799991607666,21.3520565032959,26900
2016-07-18,23.21999931335449,23.96999931335449,23.21999931335449,23.940000534057617,21.863487243652344,9300
2016-07-19,23.700000762939453,24.11000061035156,23.700000762939453,24.0,21.91828155517578,7800
2016-07-20,24.190000534057617,24.739999771118164,23.89999961853028,24.700000762939453,22.55756187438965,16700
2016-07-21,24.729999542236328,24.729999542236328,24.25,24.25,22.146595001220703,6300
2016-07-22,24.25,24.479999542236328,24.25,24.450000762939453,22.329246520996094,5700
2016-07-25,24.450000762939453,24.450000762939453,24.25,24.25,22.146595001220703,2400
2016-07-26,23.420000076293945,24.459999084472656,23.420000076293945,24.43000030517578,22.31097984313965,8800
2016-07-27,24.3700008392334,24.690000534057617,24.25,24.350000381469727,22.23792266845703,4600
2016-07-28,24.36000061035156,24.71999931335449,24.290000915527344,24.479999542236328,22.35664176940918,3500
2016-07-29,24.5,24.5,23.020000457763672,23.709999084472656,21.653432846069336,22600
2016-08-01,23.520000457763672,23.520000457763672,22.049999237060547,22.920000076293945,20.931961059570312,26100
2016-08-02,22.940000534057617,23.0,22.68000030517578,22.81999969482422,20.84062957763672,29000
2016-08-03,22.799999237060547,22.799999237060547,22.520000457763672,22.59000015258789,20.630578994750977,13900
2016-08-04,22.64999961853028,22.799999237060547,22.5,22.770000457763672,20.79496192932129,67400
2016-08-05,22.799999237060547,23.32999992370605,22.64999961853028,23.21999931335449,21.205934524536133,10800
2016-08-08,22.690000534057617,23.440000534057617,22.690000534057617,23.21999931335449,21.205934524536133,11500
2016-08-09,23.1299991607666,23.75,23.100000381469727,23.100000381469727,21.2059326171875,11700
2016-08-10,23.299999237060547,23.299999237060547,22.559999465942383,22.76000022888184,20.8938102722168,9300
2016-08-11,22.6299991607666,22.799999237060547,22.530000686645508,22.739999771118164,20.87545394897461,23300
2016-08-12,22.57999992370605,22.59000015258789,22.36000061035156,22.51000022888184,20.664310455322266,16900
2016-08-15,22.39999961853028,22.84000015258789,22.3799991607666,22.739999771118164,20.87545394897461,20900
2016-08-16,22.86000061035156,23.0,22.709999084472656,22.90999984741211,21.03151130676269,12700
2016-08-17,22.850000381469727,22.979999542236328,22.5,22.809999465942383,20.939716339111328,3900
2016-08-18,22.729999542236328,22.850000381469727,22.6299991607666,22.670000076293945,20.81119155883789,10000
2016-08-19,22.700000762939453,22.729999542236328,22.21999931335449,22.239999771118164,20.416446685791016,14600
2016-08-22,22.31999969482422,22.31999969482422,22.0,22.13999938964844,20.32465171813965,11200
2016-08-23,22.040000915527344,22.520000457763672,21.88999938964844,22.15999984741211,20.3430118560791,8000
2016-08-24,22.200000762939453,22.25,22.100000381469727,22.190000534057617,20.37055015563965,4800
2016-08-25,22.190000534057617,22.6200008392334,20.959999084472656,22.530000686645508,20.68266868591309,12200
2016-08-26,22.64999961853028,22.64999961853028,22.51000022888184,22.600000381469727,20.74693489074707,9000
2016-08-29,22.559999465942383,22.600000381469727,22.5,22.57999992370605,20.72856903076172,3900
2016-08-30,22.64999961853028,22.729999542236328,22.59000015258789,22.59000015258789,20.73775100708008,16000
2016-08-31,22.549999237060547,23.0,22.549999237060547,22.780000686645508,20.91217613220215,23200
2016-09-01,22.959999084472656,23.170000076293945,22.700000762939453,23.100000381469727,21.2059326171875,14400
2016-09-02,23.040000915527344,23.11000061035156,22.920000076293945,23.100000381469727,21.2059326171875,4000
2016-09-06,23.14999961853028,23.14999961853028,22.700000762939453,22.790000915527344,20.92135429382324,13700
2016-09-07,22.90999984741211,23.25,22.850000381469727,23.1200008392334,21.224294662475582,12100
2016-09-08,23.200000762939453,23.25,23.0,23.15999984741211,21.26101493835449,5500
2016-09-09,22.96999931335449,23.200000762939453,22.790000915527344,22.799999237060547,20.930532455444336,10900
2016-09-12,22.709999084472656,22.71999931335449,22.549999237060547,22.690000534057617,20.82954788208008,8100
2016-09-13,22.64999961853028,22.940000534057617,22.600000381469727,22.64999961853028,20.79283332824707,14900
2016-09-14,22.68000030517578,23.030000686645508,22.670000076293945,22.670000076293945,20.81119155883789,2000
2016-09-15,22.690000534057617,23.07999992370605,22.64999961853028,22.809999465942383,20.939716339111328,10200
2016-09-16,22.93000030517578,23.09000015258789,22.76000022888184,23.040000915527344,21.150856018066406,22900
2016-09-19,23.01000022888184,23.200000762939453,22.89999961853028,23.190000534057617,21.288551330566406,20700
2016-09-20,23.170000076293945,23.200000762939453,23.11000061035156,23.14999961853028,21.25183486938477,5700
2016-09-21,23.200000762939453,23.200000762939453,23.100000381469727,23.190000534057617,21.288551330566406,3800
2016-09-22,23.25,23.25,23.14999961853028,23.200000762939453,21.2977352142334,7400
2016-09-23,23.21999931335449,24.1299991607666,23.18000030517578,23.950000762939453,21.98624038696289,13600
2016-09-26,23.770000457763672,24.030000686645508,23.209999084472656,23.209999084472656,21.306915283203125,9200
2016-09-27,23.40999984741211,23.440000534057617,23.209999084472656,23.270000457763672,21.36199760437012,6300
2016-09-28,23.21999931335449,23.670000076293945,23.11000061035156,23.489999771118164,21.56395721435547,12300
2016-09-29,23.3700008392334,23.71999931335449,23.21999931335449,23.32999992370605,21.417076110839844,6400
2016-09-30,23.32999992370605,23.549999237060547,23.1299991607666,23.5,21.573139190673828,8200
2016-10-03,23.479999542236328,23.479999542236328,23.15999984741211,23.209999084472656,21.306915283203125,5300
2016-10-04,23.26000022888184,23.459999084472656,23.11000061035156,23.13999938964844,21.242652893066406,3200
2016-10-05,23.170000076293945,23.200000762939453,22.96999931335449,23.0,21.11413955688477,32900
2016-10-06,23.030000686645508,23.049999237060547,22.959999084472656,22.979999542236328,21.09577369689941,3400
2016-10-07,23.059999465942383,23.059999465942383,22.8799991607666,22.88999938964844,21.01315689086914,2800
2016-10-10,22.920000076293945,23.06999969482422,22.8799991607666,23.06999969482422,21.178396224975582,11000
2016-10-11,23.059999465942383,23.100000381469727,22.88999938964844,22.90999984741211,21.03151130676269,11400
2016-10-12,23.020000457763672,23.15999984741211,22.89999961853028,23.030000686645508,21.14167594909668,41600
2016-10-13,22.8799991607666,22.979999542236328,22.84000015258789,22.8799991607666,21.00397300720215,8200
2016-10-14,22.88999938964844,23.100000381469727,22.84000015258789,22.88999938964844,21.01315689086914,3900
2016-10-17,22.950000762939453,22.950000762939453,22.780000686645508,22.809999465942383,20.939716339111328,3100
2016-10-18,22.8799991607666,22.8799991607666,22.63999938964844,22.670000076293945,20.81119155883789,11800
2016-10-19,22.6299991607666,22.71999931335449,22.520000457763672,22.59000015258789,20.73775100708008,3300
2016-10-20,22.63999938964844,22.75,22.63999938964844,22.65999984741211,20.802011489868164,9400
2016-10-21,22.61000061035156,22.96999931335449,22.540000915527344,22.540000915527344,20.69185256958008,3300
2016-10-24,22.75,22.75,22.63999938964844,22.709999084472656,20.847915649414062,3700
2016-10-25,22.6299991607666,22.68000030517578,22.57999992370605,22.600000381469727,20.74693489074707,4800
2016-10-26,22.690000534057617,22.75,22.559999465942383,22.63999938964844,20.783653259277344,28700
2016-10-27,22.700000762939453,22.700000762939453,22.549999237060547,22.559999465942383,20.7102108001709,9400
2016-10-28,22.0,22.0,19.209999084472656,19.549999237060547,17.947010040283203,58400
2016-10-31,19.5,19.5,18.76000022888184,18.850000381469727,17.304410934448242,64300
2016-11-01,18.8799991607666,20.14999961853028,18.8799991607666,19.030000686645508,17.469650268554688,41900
2016-11-02,19.11000061035156,19.200000762939453,18.940000534057617,19.0,17.44211196899414,51700
2016-11-03,19.059999465942383,19.280000686645508,19.049999237060547,19.1200008392334,17.552270889282227,13800
2016-11-04,18.8700008392334,19.76000022888184,18.8700008392334,18.88999938964844,17.341129302978516,10500
2016-11-07,19.170000076293945,19.170000076293945,18.780000686645508,18.850000381469727,17.304410934448242,17000
2016-11-08,18.850000381469727,19.31999969482422,18.799999237060547,18.88999938964844,17.452232360839844,21100
2016-11-09,18.979999542236328,19.520000457763672,18.979999542236328,19.25,17.784833908081055,57200
2016-11-10,19.450000762939453,20.84000015258789,19.270000457763672,20.63999938964844,19.06903839111328,18900
2016-11-11,20.540000915527344,20.61000061035156,20.18000030517578,20.51000022888184,18.948930740356445,52900
2016-11-14,20.709999084472656,22.09000015258789,20.700000762939453,21.06999969482422,19.466306686401367,26700
2016-11-15,21.100000381469727,21.479999542236328,20.93000030517578,21.299999237060547,19.67879867553711,10200
2016-11-16,21.239999771118164,21.56999969482422,21.239999771118164,21.5,19.86357688903809,12200
2016-11-17,21.450000762939453,21.850000381469727,20.90999984741211,21.65999984741211,20.011398315429688,13100
2016-11-18,21.709999084472656,21.989999771118164,21.07999992370605,21.950000762939453,20.27933120727539,21300
2016-11-21,22.020000457763672,22.38999938964844,21.76000022888184,22.030000686645508,20.353240966796875,19900
2016-11-22,22.15999984741211,22.15999984741211,21.209999084472656,21.940000534057617,20.27009010314941,7800
2016-11-23,21.8700008392334,22.350000381469727,21.600000381469727,22.190000534057617,20.501060485839844,8500
2016-11-25,22.209999084472656,22.32999992370605,21.5,21.940000534057617,20.27009010314941,8900
2016-11-28,21.71999931335449,22.39999961853028,21.549999237060547,21.950000762939453,20.27933120727539,9900
2016-11-29,22.0,22.46999931335449,21.809999465942383,22.13999938964844,20.45486831665039,7600
2016-11-30,22.270000457763672,22.43000030517578,21.82999992370605,21.950000762939453,20.27933120727539,12400
2016-12-01,22.11000061035156,22.5,22.020000457763672,22.32999992370605,20.630401611328125,11600
2016-12-02,22.40999984741211,22.57999992370605,21.600000381469727,22.34000015258789,20.63964080810547,7200
2016-12-05,22.39999961853028,22.86000061035156,22.11000061035156,22.65999984741211,20.935287475585938,18700
2016-12-06,22.61000061035156,22.770000457763672,21.6299991607666,22.600000381469727,20.87985610961914,40600
2016-12-07,22.5,22.84000015258789,22.479999542236328,22.790000915527344,21.055395126342773,35800
2016-12-08,22.63999938964844,23.040000915527344,22.420000076293945,22.770000457763672,21.036911010742188,40500
2016-12-09,22.850000381469727,23.989999771118164,22.850000381469727,23.8799991607666,22.06243133544922,53200
2016-12-12,23.75,23.75,23.5,23.530000686645508,21.739070892333984,37000
2016-12-13,23.700000762939453,23.700000762939453,23.290000915527344,23.290000915527344,21.517337799072266,13800
2016-12-14,22.36000061035156,23.600000381469727,22.36000061035156,23.40999984741211,21.628204345703125,49100
2016-12-15,23.450000762939453,23.65999984741211,23.350000381469727,23.559999465942383,21.76679039001465,27700
2016-12-16,23.68000030517578,23.690000534057617,22.979999542236328,23.600000381469727,21.80374336242676,109200
2016-12-19,23.670000076293945,23.75,23.5,23.709999084472656,21.90536880493164,23900
2016-12-20,23.68000030517578,24.1299991607666,23.68000030517578,23.940000534057617,22.11786651611328,44300
2016-12-21,23.979999542236328,24.0,23.600000381469727,23.729999542236328,21.92384910583496,46400
2016-12-22,23.739999771118164,23.989999771118164,23.600000381469727,23.809999465942383,21.99775505065918,10700
2016-12-23,23.88999938964844,24.11000061035156,23.71999931335449,23.809999465942383,21.99775505065918,10800
2016-12-27,23.68000030517578,24.020000457763672,23.549999237060547,23.89999961853028,22.080904006958008,14200
2016-12-28,23.790000915527344,24.13999938964844,23.75,23.770000457763672,21.960805892944336,11300
2016-12-29,23.700000762939453,24.020000457763672,23.64999961853028,23.709999084472656,21.90536880493164,4400
2016-12-30,23.739999771118164,24.040000915527344,23.530000686645508,23.71999931335449,21.91460609436035,6800
2017-01-03,23.82999992370605,23.82999992370605,23.5,23.59000015258789,21.79450416564941,9700
2017-01-04,23.700000762939453,23.700000762939453,23.450000762939453,23.63999938964844,21.840694427490234,26900
2017-01-05,23.479999542236328,23.940000534057617,23.06999969482422,23.57999992370605,21.78526306152344,18800
2017-01-06,23.6200008392334,23.6200008392334,23.450000762939453,23.5,21.711355209350582,5900
2017-01-09,23.450000762939453,23.690000534057617,23.239999771118164,23.559999465942383,21.76679039001465,103600
2017-01-10,23.559999465942383,24.239999771118164,23.46999931335449,24.190000534057617,22.34883499145508,13900
2017-01-11,24.07999992370605,24.239999771118164,24.0,24.07999992370605,22.247211456298828,11900
2017-01-12,24.01000022888184,24.540000915527344,24.01000022888184,24.5,22.63524055480957,80500
2017-01-13,24.65999984741211,24.86000061035156,24.3799991607666,24.5,22.63524055480957,31400
2017-01-17,24.5,24.5,24.309999465942383,24.32999992370605,22.478179931640625,16300
2017-01-18,24.440000534057617,24.440000534057617,24.11000061035156,24.229999542236328,22.385791778564453,4400
2017-01-19,24.489999771118164,24.65999984741211,23.81999969482422,23.96999931335449,22.14557647705078,13000
2017-01-20,23.8700008392334,24.71999931335449,23.8700008392334,24.1200008392334,22.284164428710938,13500
2017-01-23,24.25,24.25,23.86000061035156,24.11000061035156,22.274927139282227,20300
2017-01-24,24.200000762939453,24.39999961853028,24.0,24.209999084472656,22.3673152923584,15800
2017-01-25,24.39999961853028,24.82999992370605,24.34000015258789,24.559999465942383,22.690673828125,20800
2017-01-26,24.229999542236328,24.8799991607666,24.229999542236328,24.36000061035156,22.505895614624023,42400
2017-01-27,24.670000076293945,25.459999084472656,24.61000061035156,25.32999992370605,23.40206718444824,36200
2017-01-30,25.36000061035156,25.450000762939453,24.65999984741211,24.65999984741211,22.783063888549805,12600
2017-01-31,24.65999984741211,24.75,23.63999938964844,24.229999542236328,22.385791778564453,40900
2017-02-01,24.350000381469727,24.940000534057617,24.100000381469727,24.350000381469727,22.496660232543945,26400
2017-02-02,24.36000061035156,24.71999931335449,23.86000061035156,24.040000915527344,22.210254669189453,31300
2017-02-03,24.190000534057617,24.540000915527344,24.190000534057617,24.450000762939453,22.58904457092285,12700
2017-02-06,24.450000762939453,24.600000381469727,24.39999961853028,24.450000762939453,22.58904457092285,10600
2017-02-07,24.709999084472656,24.770000457763672,24.1200008392334,24.36000061035156,22.505895614624023,26600
2017-02-08,24.280000686645508,24.600000381469727,24.11000061035156,24.32999992370605,22.598777770996094,12000
2017-02-09,24.549999237060547,24.920000076293945,24.5,24.63999938964844,22.886722564697266,23200
2017-02-10,24.780000686645508,25.309999465942383,24.780000686645508,25.299999237060547,23.499755859375,12700
2017-02-13,25.39999961853028,25.39999961853028,25.040000915527344,25.11000061035156,23.32327651977539,7800
2017-02-14,24.709999084472656,25.34000015258789,24.709999084472656,25.209999084472656,23.41616439819336,9000
2017-02-15,25.09000015258789,25.3799991607666,25.09000015258789,25.31999969482422,23.518335342407227,15400
2017-02-16,25.36000061035156,25.59000015258789,25.14999961853028,25.520000457763672,23.704105377197266,62000
2017-02-17,25.520000457763672,25.75,25.31999969482422,25.700000762939453,23.871299743652344,41700
2017-02-21,25.65999984741211,25.75,25.64999961853028,25.71999931335449,23.889875411987305,40200
2017-02-22,25.75,26.43000030517578,25.709999084472656,26.1200008392334,24.261415481567383,12500
2017-02-23,26.100000381469727,26.43000030517578,26.100000381469727,26.280000686645508,24.4100284576416,8200
2017-02-24,26.46999931335449,26.46999931335449,25.5,25.63999938964844,23.81556701660156,20800
2017-02-27,25.46999931335449,25.90999984741211,25.209999084472656,25.57999992370605,23.759838104248047,13300
2017-02-28,25.75,25.75,24.959999084472656,25.21999931335449,23.42544937133789,15200
2017-03-01,25.39999961853028,25.89999961853028,25.39999961853028,25.68000030517578,23.85272216796875,13400
2017-03-02,25.350000381469727,25.450000762939453,24.739999771118164,24.979999542236328,23.202531814575195,22400
2017-03-03,24.89999961853028,25.0,24.75,24.93000030517578,23.15608787536621,11300
2017-03-06,24.690000534057617,24.979999542236328,24.5,24.86000061035156,23.091068267822266,17300
2017-03-07,24.6299991607666,25.15999984741211,24.6299991607666,25.06999969482422,23.2861270904541,35800
2017-03-08,25.01000022888184,25.489999771118164,25.0,25.13999938964844,23.35114479064941,16700
2017-03-09,25.520000457763672,25.520000457763672,25.1299991607666,25.26000022888184,23.46260643005371,7700
2017-03-10,25.350000381469727,25.420000076293945,25.030000686645508,25.21999931335449,23.42544937133789,15600
2017-03-13,24.700000762939453,25.43000030517578,24.700000762939453,25.25,23.45331573486328,12700
2017-03-14,25.25,25.3700008392334,24.89999961853028,25.299999237060547,23.499755859375,19900
2017-03-15,25.39999961853028,25.489999771118164,25.15999984741211,25.280000686645508,23.481184005737305,15000
2017-03-16,25.299999237060547,25.600000381469727,25.299999237060547,25.46999931335449,23.65766143798828,26200
2017-03-17,25.5,25.780000686645508,25.31999969482422,25.780000686645508,23.94560813903809,107800
2017-03-20,24.729999542236328,26.229999542236328,24.729999542236328,25.799999237060547,23.96418190002441,29500
2017-03-21,26.100000381469727,26.100000381469727,24.56999969482422,24.68000030517578,22.923873901367188,20900
2017-03-22,24.989999771118164,24.989999771118164,24.3700008392334,24.43000030517578,22.69166374206543,24900
2017-03-23,24.43000030517578,24.700000762939453,24.43000030517578,24.670000076293945,22.914588928222656,17600
2017-03-24,24.64999961853028,25.13999938964844,24.5,24.790000915527344,23.02605056762696,12100
2017-03-27,24.5,24.940000534057617,23.790000915527344,24.84000015258789,23.072492599487305,13800
2017-03-28,24.850000381469727,25.61000061035156,23.780000686645508,25.38999938964844,23.583356857299805,22500
2017-03-29,25.5,25.82999992370605,25.5,25.68000030517578,23.85272216796875,12600
2017-03-30,25.530000686645508,26.0,25.530000686645508,25.950000762939453,24.1035099029541,20300
2017-03-31,25.739999771118164,26.0,25.739999771118164,25.959999084472656,24.1127986907959,31700
2017-04-03,26.14999961853028,26.14999961853028,25.280000686645508,25.89999961853028,24.057064056396484,49300
2017-04-04,25.790000915527344,26.0,25.64999961853028,25.86000061035156,24.019914627075195,7600
2017-04-05,25.799999237060547,26.270000457763672,25.520000457763672,25.520000457763672,23.704105377197266,26600
2017-04-06,25.39999961853028,26.07999992370605,25.39999961853028,25.670000076293945,23.84343338012696,13500
2017-04-07,25.3799991607666,25.82999992370605,25.3799991607666,25.530000686645508,23.71339607238769,23200
2017-04-10,25.65999984741211,26.0,25.65999984741211,25.90999984741211,24.06635284423828,7200
2017-04-11,25.850000381469727,25.989999771118164,25.729999542236328,25.940000534057617,24.094219207763672,4000
2017-04-12,25.729999542236328,25.729999542236328,25.540000915527344,25.549999237060547,23.731969833374023,6200
2017-04-13,25.450000762939453,25.64999961853028,25.229999542236328,25.3799991607666,23.57406616210937,12700
2017-04-17,25.489999771118164,26.0,25.3799991607666,25.63999938964844,23.81556701660156,9200
2017-04-18,25.63999938964844,26.030000686645508,25.540000915527344,25.96999931335449,24.1220817565918,13900
2017-04-19,25.920000076293945,26.479999542236328,25.690000534057617,25.8700008392334,24.029203414916992,11300
2017-04-20,26.059999465942383,26.239999771118164,25.700000762939453,26.049999237060547,24.19639205932617,13000
2017-04-21,25.93000030517578,26.38999938964844,25.93000030517578,26.34000015258789,24.46575927734375,13900
2017-04-24,26.520000457763672,27.14999961853028,26.34000015258789,26.979999542236328,25.060216903686523,14100
2017-04-25,26.940000534057617,27.420000076293945,26.940000534057617,27.209999084472656,25.27385139465332,11600
2017-04-26,27.43000030517578,28.36000061035156,27.43000030517578,28.15999984741211,26.15625762939453,18000
2017-04-27,28.14999961853028,28.43000030517578,28.0,28.309999465942383,26.29557991027832,11600
2017-04-28,28.280000686645508,28.280000686645508,26.299999237060547,26.56999969482422,24.679393768310547,30500
2017-05-01,26.15999984741211,26.15999984741211,25.5,26.049999237060547,24.19639205932617,101200
2017-05-02,25.82999992370605,26.229999542236328,25.01000022888184,25.1299991607666,23.341856002807617,42800
2017-05-03,25.1200008392334,25.299999237060547,24.89999961853028,24.989999771118164,23.211820602416992,81700
2017-05-04,25.11000061035156,25.11000061035156,24.82999992370605,25.01000022888184,23.23040008544922,36500
2017-05-05,24.65999984741211,25.049999237060547,24.65999984741211,24.89999961853028,23.128217697143555,11800
2017-05-08,24.959999084472656,24.959999084472656,24.63999938964844,24.709999084472656,22.95174217224121,11900
2017-05-09,24.5,24.950000762939453,24.25,24.59000015258789,22.961078643798828,21000
2017-05-10,24.51000022888184,24.799999237060547,24.489999771118164,24.489999771118164,22.86770248413086,11300
2017-05-11,24.459999084472656,24.479999542236328,23.709999084472656,23.75,22.176721572875977,23000
2017-05-12,23.700000762939453,24.049999237060547,23.700000762939453,23.959999084472656,22.372812271118164,33700
2017-05-15,24.100000381469727,24.14999961853028,23.920000076293945,23.989999771118164,22.40082550048828,26000
2017-05-16,24.09000015258789,24.09000015258789,23.76000022888184,23.88999938964844,22.30744743347168,20300
2017-05-17,23.63999938964844,24.06999969482422,22.920000076293945,23.030000686645508,21.5044174194336,21400
2017-05-18,23.34000015258789,23.57999992370605,23.020000457763672,23.15999984741211,21.62580299377441,14400
2017-05-19,23.059999465942383,23.3799991607666,23.0,23.170000076293945,21.635143280029297,21700
2017-05-22,23.32999992370605,23.5,23.100000381469727,23.32999992370605,21.784547805786133,17800
2017-05-23,23.440000534057617,23.479999542236328,23.14999961853028,23.309999465942383,21.76587104797364,25500
2017-05-24,23.549999237060547,23.549999237060547,23.18000030517578,23.18000030517578,21.644481658935547,17500
2017-05-25,23.299999237060547,23.299999237060547,23.200000762939453,23.21999931335449,21.68182945251465,17300
2017-05-26,23.39999961853028,23.39999961853028,23.0,23.06999969482422,21.541767120361328,11900
2017-05-30,22.940000534057617,23.06999969482422,22.780000686645508,23.01000022888184,21.485742568969727,11200
2017-05-31,22.989999771118164,23.020000457763672,22.700000762939453,22.850000381469727,21.336345672607425,18900
2017-06-01,23.01000022888184,23.200000762939453,22.88999938964844,23.06999969482422,21.541767120361328,30500
2017-06-02,23.0,23.309999465942383,23.0,23.049999237060547,21.52309226989746,36700
2017-06-05,23.020000457763672,23.299999237060547,23.0,23.06999969482422,21.541767120361328,18400
2017-06-06,23.030000686645508,23.71999931335449,22.709999084472656,22.89999961853028,21.383033752441406,11600
2017-06-07,23.0,23.39999961853028,23.0,23.190000534057617,21.6538200378418,21000
2017-06-08,23.5,24.559999465942383,23.21999931335449,23.88999938964844,22.30744743347168,20500
2017-06-09,24.059999465942383,25.239999771118164,24.059999465942383,24.989999771118164,23.334583282470703,23400
2017-06-12,25.100000381469727,25.100000381469727,24.18000030517578,24.450000762939453,22.830352783203125,16600
2017-06-13,24.459999084472656,24.709999084472656,24.14999961853028,24.63999938964844,23.00776672363281,9200
2017-06-14,24.479999542236328,24.82999992370605,24.100000381469727,24.770000457763672,23.1291561126709,8000
2017-06-15,24.46999931335449,24.809999465942383,24.309999465942383,24.39999961853028,22.783666610717773,58600
2017-06-16,24.11000061035156,24.11000061035156,23.8700008392334,23.93000030517578,22.34480094909668,30400
2017-06-19,24.0,24.0,23.5,23.549999237060547,21.989973068237305,15200
2017-06-20,23.40999984741211,23.6299991607666,23.06999969482422,23.229999542236328,21.69116973876953,34500
2017-06-21,23.100000381469727,23.309999465942383,22.799999237060547,22.809999465942383,21.29899406433105,12700
2017-06-22,22.81999969482422,22.96999931335449,22.489999771118164,22.71999931335449,21.21495246887207,7200
2017-06-23,22.729999542236328,23.6299991607666,22.57999992370605,22.96999931335449,21.448392868041992,74800
2017-06-26,22.959999084472656,23.049999237060547,22.770000457763672,22.950000762939453,21.42971611022949,15900
2017-06-27,22.96999931335449,23.25,22.84000015258789,23.0,21.47640419006348,57800
2017-06-28,23.049999237060547,23.51000022888184,22.89999961853028,23.040000915527344,21.51375389099121,11000
2017-06-29,23.200000762939453,23.600000381469727,23.0,23.34000015258789,21.79388427734375,57400
2017-06-30,23.32999992370605,23.64999961853028,23.020000457763672,23.07999992370605,21.55110549926757,13900
2017-07-03,23.06999969482422,23.700000762939453,23.06999969482422,23.5,21.94328689575196,12300
2017-07-05,23.46999931335449,23.68000030517578,23.200000762939453,23.459999084472656,21.90593338012696,7700
2017-07-06,23.450000762939453,23.75,23.239999771118164,23.489999771118164,21.93394470214844,10300
2017-07-07,23.559999465942383,23.600000381469727,23.290000915527344,23.600000381469727,22.03666114807129,12400
2017-07-10,23.440000534057617,23.709999084472656,23.350000381469727,23.549999237060547,21.989973068237305,10900
2017-07-11,22.86000061035156,23.63999938964844,22.86000061035156,23.239999771118164,21.70050811767578,8900
2017-07-12,23.15999984741211,23.170000076293945,22.88999938964844,23.1299991607666,21.59779167175293,10300
2017-07-13,22.86000061035156,23.299999237060547,22.86000061035156,23.299999237060547,21.75653076171875,10100
2017-07-14,23.0,23.32999992370605,22.75,22.959999084472656,21.439054489135746,21900
2017-07-17,23.020000457763672,23.020000457763672,22.709999084472656,22.8799991607666,21.364356994628903,15400
2017-07-18,22.75,22.940000534057617,22.64999961853028,22.71999931335449,21.21495246887207,4700
2017-07-19,22.729999542236328,22.959999084472656,22.71999931335449,22.8799991607666,21.364356994628903,4600
2017-07-20,22.81999969482422,22.989999771118164,22.6200008392334,22.950000762939453,21.42971611022949,2500
2017-07-21,23.0,23.0,22.75,22.799999237060547,21.28965187072754,12900
2017-07-24,22.709999084472656,22.850000381469727,22.549999237060547,22.56999969482422,21.07488822937012,10400
2017-07-25,22.8799991607666,22.950000762939453,22.670000076293945,22.780000686645508,21.270984649658203,14400
2017-07-26,22.799999237060547,22.979999542236328,22.549999237060547,22.549999237060547,21.056215286254883,8700
2017-07-27,22.739999771118164,22.950000762939453,22.450000762939453,22.520000457763672,21.02820587158203,7400
2017-07-28,22.18000030517578,22.190000534057617,21.280000686645508,21.459999084472656,20.038419723510746,31700
2017-07-31,21.190000534057617,21.39999961853028,21.11000061035156,21.26000022888184,19.85166931152344,27300
2017-08-01,21.36000061035156,21.809999465942383,21.290000915527344,21.40999984741211,19.99173355102539,15000
2017-08-02,21.5,21.5,21.26000022888184,21.290000915527344,19.879682540893555,13500
2017-08-03,21.25,21.39999961853028,21.170000076293945,21.280000686645508,19.99242210388184,27200
2017-08-04,21.3700008392334,21.43000030517578,21.18000030517578,21.18000030517578,19.89847183227539,9500
2017-08-07,21.020000457763672,21.31999969482422,21.0,21.209999084472656,19.926654815673828,81400
2017-08-08,21.32999992370605,21.600000381469727,21.209999084472656,21.299999237060547,20.011211395263672,18900
2017-08-09,20.850000381469727,21.18000030517578,20.850000381469727,21.040000915527344,19.766944885253903,27000
2017-08-10,21.01000022888184,21.40999984741211,21.01000022888184,21.170000076293945,19.88907814025879,21400
2017-08-11,21.32999992370605,21.32999992370605,20.780000686645508,20.88999938964844,19.62601661682129,9100
2017-08-14,21.0,21.3700008392334,20.920000076293945,21.280000686645508,19.99242210388184,22800
2017-08-15,21.36000061035156,21.5,21.280000686645508,21.280000686645508,19.99242210388184,14100
2017-08-16,21.14999961853028,21.450000762939453,21.07999992370605,21.350000381469727,20.058183670043945,15300
2017-08-17,21.38999938964844,21.450000762939453,21.049999237060547,21.1200008392334,19.842098236083984,11400
2017-08-18,21.040000915527344,21.200000762939453,21.020000457763672,21.1200008392334,19.842098236083984,9000
2017-08-21,20.989999771118164,21.420000076293945,20.989999771118164,21.1200008392334,19.842098236083984,9500
2017-08-22,21.170000076293945,21.18000030517578,21.049999237060547,21.14999961853028,19.870285034179688,9800
2017-08-23,20.989999771118164,21.1200008392334,20.89999961853028,20.89999961853028,19.635412216186523,7600
2017-08-24,20.989999771118164,21.06999969482422,20.8799991607666,21.06999969482422,19.79512405395508,2800
2017-08-25,21.040000915527344,21.18000030517578,20.979999542236328,21.14999961853028,19.870285034179688,9900
2017-08-28,21.309999465942383,21.309999465942383,20.96999931335449,21.020000457763672,19.74814987182617,3900
2017-08-29,20.88999938964844,21.1200008392334,20.88999938964844,21.1200008392334,19.842098236083984,10100
2017-08-30,21.1200008392334,21.420000076293945,20.8799991607666,21.13999938964844,19.86089324951172,21200
2017-08-31,21.1299991607666,21.5,21.049999237060547,21.309999465942383,20.02060317993164,21900
2017-09-01,21.34000015258789,21.5,21.34000015258789,21.440000534057617,20.142742156982425,3600
2017-09-05,21.39999961853028,21.549999237060547,21.280000686645508,21.450000762939453,20.15213394165039,12100
2017-09-06,21.440000534057617,21.440000534057617,20.950000762939453,21.270000457763672,19.98302459716797,6800
2017-09-07,21.21999931335449,21.21999931335449,20.56999969482422,20.790000915527344,19.53207015991211,8900
2017-09-08,20.57999992370605,21.07999992370605,20.57999992370605,20.90999984741211,19.64480781555176,13400
2017-09-11,21.100000381469727,21.520000457763672,21.100000381469727,21.440000534057617,20.142742156982425,6900
2017-09-12,21.299999237060547,21.600000381469727,21.299999237060547,21.38999938964844,20.09576416015625,5900
2017-09-13,21.450000762939453,21.450000762939453,21.200000762939453,21.200000762939453,19.917261123657227,14700
2017-09-14,21.309999465942383,21.38999938964844,21.21999931335449,21.290000915527344,20.00181770324707,8700
2017-09-15,21.25,21.5,20.82999992370605,21.280000686645508,19.99242210388184,27500
2017-09-18,21.5,21.82999992370605,21.3799991607666,21.479999542236328,20.18031883239746,13400
2017-09-19,21.540000915527344,21.84000015258789,21.270000457763672,21.36000061035156,20.06757926940918,21600
2017-09-20,21.40999984741211,21.799999237060547,20.770000457763672,21.5,20.19911003112793,50600
2017-09-21,21.61000061035156,21.799999237060547,21.40999984741211,21.520000457763672,20.217897415161133,47500
2017-09-22,21.57999992370605,21.89999961853028,21.57999992370605,21.700000762939453,20.38701057434082,28200
2017-09-25,21.739999771118164,21.790000915527344,21.489999771118164,21.5,20.19911003112793,23200
2017-09-26,21.59000015258789,22.43000030517578,21.59000015258789,22.0,20.66885566711425,22800
2017-09-27,22.43000030517578,22.84000015258789,22.09000015258789,22.600000381469727,21.23255157470703,35000
2017-09-28,22.600000381469727,22.96999931335449,22.34000015258789,22.63999938964844,21.270132064819336,20400
2017-09-29,22.709999084472656,22.89999961853028,22.520000457763672,22.75,21.373476028442383,29100
2017-10-02,22.709999084472656,23.0,22.709999084472656,22.979999542236328,21.58955955505371,25700
2017-10-03,23.0,23.100000381469727,22.71999931335449,22.84000015258789,21.4580307006836,29500
2017-10-04,22.82999992370605,23.31999969482422,22.479999542236328,22.479999542236328,21.11981201171875,8500
2017-10-05,22.520000457763672,22.82999992370605,22.450000762939453,22.600000381469727,21.23255157470703,12400
2017-10-06,22.670000076293945,23.059999465942383,22.299999237060547,22.440000534057617,21.08223533630371,25400
2017-10-09,23.040000915527344,23.09000015258789,22.489999771118164,22.64999961853028,21.279523849487305,5300
2017-10-10,23.06999969482422,23.200000762939453,22.82999992370605,22.8700008392334,21.486217498779297,11800
2017-10-11,22.809999465942383,23.25,22.68000030517578,22.700000762939453,21.326499938964844,17300
2017-10-12,22.76000022888184,22.90999984741211,22.540000915527344,22.64999961853028,21.279523849487305,21800
2017-10-13,22.65999984741211,22.989999771118164,22.559999465942383,22.56999969482422,21.204364776611328,18600
2017-10-16,22.68000030517578,23.059999465942383,22.440000534057617,22.88999938964844,21.505002975463867,25600
2017-10-17,23.01000022888184,23.21999931335449,22.51000022888184,22.68000030517578,21.30771446228028,13500
2017-10-18,23.38999938964844,23.38999938964844,22.6299991607666,22.71999931335449,21.34528923034668,10300
2017-10-19,22.729999542236328,23.170000076293945,22.729999542236328,22.780000686645508,21.40166282653809,10200
2017-10-20,23.059999465942383,23.15999984741211,22.770000457763672,22.799999237060547,21.42045021057129,17600
2017-10-23,22.81999969482422,22.850000381469727,22.32999992370605,22.5,21.13860321044922,25700
2017-10-24,22.68000030517578,23.15999984741211,22.68000030517578,22.950000762939453,21.56137466430664,14000
2017-10-25,22.8799991607666,23.09000015258789,22.450000762939453,22.770000457763672,21.39226722717285,8700
2017-10-26,22.989999771118164,22.989999771118164,22.739999771118164,22.89999961853028,21.51440048217773,4400
2017-10-27,22.600000381469727,22.64999961853028,22.489999771118164,22.56999969482422,21.204364776611328,33000
2017-10-30,22.31999969482422,22.540000915527344,21.8799991607666,21.940000534057617,20.61248588562012,13800
2017-10-31,21.8700008392334,22.3799991607666,21.8700008392334,22.229999542236328,20.884939193725582,17600
2017-11-01,22.280000686645508,22.280000686645508,21.790000915527344,21.989999771118164,20.659460067749023,34100
2017-11-02,21.89999961853028,22.6200008392334,21.86000061035156,22.3700008392334,21.016469955444336,25600
2017-11-03,22.1299991607666,22.229999542236328,22.01000022888184,22.01000022888184,20.79912376403809,12200
2017-11-06,22.100000381469727,22.100000381469727,21.93000030517578,22.049999237060547,20.83692169189453,16000
2017-11-07,22.01000022888184,22.01000022888184,21.299999237060547,21.31999969482422,20.14708137512207,20700
2017-11-08,21.15999984741211,21.200000762939453,20.93000030517578,21.14999961853028,19.986433029174805,14100
2017-11-09,21.3799991607666,22.21999931335449,20.76000022888184,21.64999961853028,20.45892906188965,27500
2017-11-10,21.540000915527344,21.540000915527344,21.26000022888184,21.26000022888184,20.090381622314453,8700
2017-11-13,21.059999465942383,21.43000030517578,21.059999465942383,21.36000061035156,20.18488121032715,5900
2017-11-14,21.280000686645508,21.89999961853028,21.280000686645508,21.790000915527344,20.591222763061523,11500
2017-11-15,22.11000061035156,22.11000061035156,21.350000381469727,21.8700008392334,20.66682243347168,13700
2017-11-16,22.07999992370605,22.64999961853028,22.07999992370605,22.420000076293945,21.186567306518555,12200
2017-11-17,22.280000686645508,22.82999992370605,22.1299991607666,22.739999771118164,21.48896026611328,13100
2017-11-20,22.700000762939453,22.86000061035156,22.530000686645508,22.809999465942383,21.55510902404785,9400
2017-11-21,22.520000457763672,23.13999938964844,22.520000457763672,23.07999992370605,21.81025695800781,11500
2017-11-22,22.61000061035156,23.209999084472656,22.549999237060547,23.030000686645508,21.76300811767578,8000
2017-11-24,23.030000686645508,23.059999465942383,22.729999542236328,23.059999465942383,21.79135513305664,6700
2017-11-27,23.0,23.38999938964844,22.950000762939453,23.14999961853028,21.87640380859375,11100
2017-11-28,22.65999984741211,23.5,22.65999984741211,23.3799991607666,22.09375190734864,23300
2017-11-29,23.38999938964844,24.239999771118164,23.299999237060547,23.81999969482422,22.50954246520996,16400
2017-11-30,23.940000534057617,23.940000534057617,23.34000015258789,23.3700008392334,22.08430290222168,16800
2017-12-01,23.0,23.229999542236328,22.309999465942383,23.190000534057617,21.91420555114746,10400
2017-12-04,23.549999237060547,23.8799991607666,23.270000457763672,23.479999542236328,22.18824577331543,7400
2017-12-05,23.43000030517578,23.600000381469727,23.350000381469727,23.51000022888184,22.21660041809082,21400
2017-12-06,23.81999969482422,23.84000015258789,23.39999961853028,23.450000762939453,22.159900665283203,7500
2017-12-07,23.209999084472656,23.57999992370605,23.209999084472656,23.39999961853028,22.11264991760254,14000
2017-12-08,23.350000381469727,23.39999961853028,23.14999961853028,23.14999961853028,21.87640380859375,8500
2017-12-11,22.6200008392334,23.09000015258789,22.6200008392334,22.75,21.498411178588867,17200
2017-12-12,22.690000534057617,22.950000762939453,22.57999992370605,22.57999992370605,21.3377628326416,7200
2017-12-13,22.6200008392334,22.799999237060547,22.51000022888184,22.600000381469727,21.356660842895508,6900
2017-12-14,22.56999969482422,22.86000061035156,22.309999465942383,22.31999969482422,21.09206771850586,14700
2017-12-15,22.200000762939453,22.850000381469727,22.200000762939453,22.700000762939453,21.451160430908203,49000
2017-12-18,22.8799991607666,23.31999969482422,22.86000061035156,23.0,21.734657287597656,26600
2017-12-19,22.89999961853028,22.940000534057617,22.71999931335449,22.799999237060547,21.5456600189209,17700
2017-12-20,22.8799991607666,22.8799991607666,22.520000457763672,22.540000915527344,21.299962997436523,12700
2017-12-21,22.700000762939453,22.770000457763672,22.6299991607666,22.739999771118164,21.48896026611328,7700
2017-12-22,22.540000915527344,22.729999542236328,22.51000022888184,22.51000022888184,21.2716121673584,5000
2017-12-26,22.31999969482422,23.38999938964844,22.270000457763672,22.39999961853028,21.167667388916016,24800
2017-12-27,22.739999771118164,22.739999771118164,22.309999465942383,22.39999961853028,21.167667388916016,3900
2017-12-28,22.31999969482422,22.39999961853028,22.15999984741211,22.36000061035156,21.12986946105957,8000
2017-12-29,22.280000686645508,22.600000381469727,22.11000061035156,22.1200008392334,20.90307235717773,21600
2018-01-02,22.36000061035156,23.049999237060547,22.21999931335449,22.39999961853028,21.167667388916016,46400
2018-01-03,22.540000915527344,22.670000076293945,22.26000022888184,22.56999969482422,21.328310012817383,13300
2018-01-04,22.59000015258789,22.8700008392334,22.56999969482422,22.61000061035156,21.366111755371094,15200
2018-01-05,22.5,22.76000022888184,22.43000030517578,22.63999938964844,21.394460678100582,10300
2018-01-08,22.440000534057617,22.440000534057617,22.049999237060547,22.21999931335449,20.99756622314453,15600
2018-01-09,21.96999931335449,22.540000915527344,21.96999931335449,22.520000457763672,21.281064987182617,17100
2018-01-10,22.57999992370605,22.71999931335449,22.43000030517578,22.71999931335449,21.470060348510746,10600
2018-01-11,22.600000381469727,23.18000030517578,22.459999084472656,23.040000915527344,21.772459030151367,17500
2018-01-12,23.5,23.5,23.100000381469727,23.229999542236328,21.95200157165528,4400
2018-01-16,23.38999938964844,23.450000762939453,22.850000381469727,22.90999984741211,21.649608612060547,13600
2018-01-17,23.1299991607666,23.1299991607666,22.809999465942383,22.940000534057617,21.677959442138672,8600
2018-01-18,22.75,22.920000076293945,22.75,22.75,21.498411178588867,3700
2018-01-19,22.739999771118164,23.0,22.739999771118164,22.989999771118164,21.72520446777344,6700
2018-01-22,22.86000061035156,22.959999084472656,22.780000686645508,22.8700008392334,21.61180877685547,4600
2018-01-23,22.81999969482422,22.850000381469727,22.64999961853028,22.850000381469727,21.59290885925293,3600
2018-01-24,22.76000022888184,22.790000915527344,22.64999961853028,22.64999961853028,21.40390968322754,9000
2018-01-25,22.81999969482422,22.81999969482422,22.6299991607666,22.670000076293945,21.42281150817871,4000
2018-01-26,23.0,24.479999542236328,22.940000534057617,24.020000457763672,22.69854164123535,28500
2018-01-29,24.0,24.459999084472656,24.0,24.100000381469727,22.774141311645508,29600
2018-01-30,24.09000015258789,24.3799991607666,24.0,24.25,22.9158878326416,23300
2018-01-31,24.18000030517578,24.850000381469727,24.13999938964844,24.46999931335449,23.1237850189209,40800
2018-02-01,24.309999465942383,24.34000015258789,24.15999984741211,24.200000762939453,22.868640899658203,8100
2018-02-02,24.1299991607666,24.299999237060547,23.950000762939453,23.950000762939453,22.76408576965332,8600
2018-02-05,23.799999237060547,24.07999992370605,23.5,23.5,22.33636474609375,23900
2018-02-06,23.229999542236328,23.709999084472656,23.14999961853028,23.520000457763672,22.355377197265625,22600
2018-02-07,23.76000022888184,24.030000686645508,23.76000022888184,23.90999984741211,22.72606658935547,13600
2018-02-08,23.89999961853028,24.18000030517578,23.850000381469727,24.0,22.811607360839844,39800
2018-02-09,24.01000022888184,24.209999084472656,24.0,24.049999237060547,22.859134674072266,20500
2018-02-12,24.100000381469727,24.200000762939453,23.959999084472656,24.01000022888184,22.82111549377441,33100
2018-02-13,24.0,24.06999969482422,23.81999969482422,24.01000022888184,22.82111549377441,15400
2018-02-14,24.0,24.25,24.0,24.11000061035156,22.916162490844727,25800
2018-02-15,24.31999969482422,24.479999542236328,24.299999237060547,24.459999084472656,23.24883079528809,25900
2018-02-16,24.3700008392334,24.68000030517578,24.34000015258789,24.68000030517578,23.457937240600582,6500
2018-02-20,24.520000457763672,24.739999771118164,24.309999465942383,24.46999931335449,23.25833511352539,11300
2018-02-21,24.68000030517578,25.0,24.540000915527344,24.65999984741211,23.438928604125977,37800
2018-02-22,24.8700008392334,24.90999984741211,24.32999992370605,24.32999992370605,23.12527084350586,6500
2018-02-23,24.25,24.57999992370605,24.229999542236328,24.57999992370605,23.36288833618164,8300
2018-02-26,24.57999992370605,24.71999931335449,24.3799991607666,24.6200008392334,23.40091133117676,11200
2018-02-27,24.64999961853028,24.64999961853028,24.309999465942383,24.32999992370605,23.12527084350586,15300
2018-02-28,24.32999992370605,24.76000022888184,23.940000534057617,24.049999237060547,22.859134674072266,19000
2018-03-01,24.100000381469727,24.420000076293945,24.100000381469727,24.200000762939453,23.001707077026367,14400
2018-03-02,24.200000762939453,24.43000030517578,24.1200008392334,24.39999961853028,23.19180488586425,26100
2018-03-05,24.26000022888184,24.549999237060547,24.15999984741211,24.530000686645508,23.315364837646484,15600
2018-03-06,24.5,24.6299991607666,24.0,24.420000076293945,23.210811614990234,18300
2018-03-07,24.420000076293945,24.88999938964844,24.420000076293945,24.56999969482422,23.353384017944336,9200
2018-03-08,23.530000686645508,24.729999542236328,23.530000686645508,24.71999931335449,23.49595832824707,7900
2018-03-09,24.540000915527344,24.90999984741211,24.26000022888184,24.84000015258789,23.61001777648925,19600
2018-03-12,24.950000762939453,25.0,24.700000762939453,24.989999771118164,23.752588272094727,7200
2018-03-13,24.790000915527344,25.309999465942383,24.770000457763672,24.90999984741211,23.676549911499023,20200
2018-03-14,24.709999084472656,25.36000061035156,24.549999237060547,25.229999542236328,23.98070526123047,8600
2018-03-15,25.1200008392334,25.479999542236328,25.1200008392334,25.46999931335449,24.208818435668945,9400
2018-03-16,25.3700008392334,25.93000030517578,25.3700008392334,25.739999771118164,24.465452194213867,37300
2018-03-19,25.600000381469727,25.989999771118164,24.770000457763672,25.8700008392334,24.589014053344727,15400
2018-03-20,25.729999542236328,26.0,25.239999771118164,25.56999969482422,24.30386734008789,13200
2018-03-21,25.39999961853028,25.700000762939453,25.18000030517578,25.46999931335449,24.208818435668945,7400
2018-03-22,25.270000457763672,25.81999969482422,24.96999931335449,25.0,23.762094497680664,13100
2018-03-23,25.11000061035156,25.670000076293945,24.3799991607666,24.38999938964844,23.182296752929688,14500
2018-03-26,24.780000686645508,25.200000762939453,24.3700008392334,25.100000381469727,23.857139587402344,16700
2018-03-27,25.3799991607666,25.440000534057617,25.100000381469727,25.1200008392334,23.87615203857422,8300
2018-03-28,25.100000381469727,25.280000686645508,25.0,25.100000381469727,23.857139587402344,22200
2018-03-29,25.1299991607666,25.61000061035156,25.1299991607666,25.15999984741211,23.91417121887207,10200
2018-04-02,25.01000022888184,25.3799991607666,24.76000022888184,24.8799991607666,23.64803695678711,22200
2018-04-03,25.420000076293945,25.5,24.93000030517578,25.0,23.762094497680664,5600
2018-04-04,25.350000381469727,25.46999931335449,25.34000015258789,25.34000015258789,24.08525848388672,7100
2018-04-05,25.07999992370605,25.82999992370605,25.020000457763672,25.6299991607666,24.360898971557617,12200
2018-04-06,25.790000915527344,25.790000915527344,25.170000076293945,25.170000076293945,23.92367553710937,8500
2018-04-09,24.799999237060547,25.690000534057617,24.799999237060547,25.540000915527344,24.27535629272461,5500
2018-04-10,25.559999465942383,25.559999465942383,25.280000686645508,25.280000686645508,24.02823066711425,4100
2018-04-11,25.34000015258789,25.5,25.32999992370605,25.32999992370605,24.07575225830078,8200
2018-04-12,25.270000457763672,25.799999237060547,25.270000457763672,25.38999938964844,24.13278007507324,2500
2018-04-13,25.600000381469727,25.600000381469727,25.200000762939453,25.350000381469727,24.094762802124023,6000
2018-04-16,25.290000915527344,25.729999542236328,25.11000061035156,25.61000061035156,24.341890335083008,3100
2018-04-17,25.299999237060547,25.8799991607666,25.299999237060547,25.489999771118164,24.227828979492188,6600
2018-04-18,24.89999961853028,25.790000915527344,24.89999961853028,25.559999465942383,24.29436492919922,5500
2018-04-19,25.299999237060547,25.8799991607666,24.89999961853028,25.56999969482422,24.30386734008789,7300
2018-04-20,25.38999938964844,26.0,25.38999938964844,25.8799991607666,24.59851837158203,8000
2018-04-23,26.450000762939453,26.450000762939453,25.709999084472656,25.809999465942383,24.53198432922364,2700
2018-04-24,24.989999771118164,26.0,24.989999771118164,25.709999084472656,24.436935424804688,7600
2018-04-25,25.3700008392334,25.739999771118164,25.299999237060547,25.299999237060547,24.047237396240234,5400
2018-04-26,25.350000381469727,25.43000030517578,25.049999237060547,25.190000534057617,23.942684173583984,6400
2018-04-27,25.790000915527344,26.700000762939453,25.5,25.809999465942383,24.53198432922364,16500
2018-04-30,26.09000015258789,26.950000762939453,25.850000381469727,25.989999771118164,24.70306968688965,37800
2018-05-01,26.030000686645508,26.100000381469727,25.86000061035156,26.01000022888184,24.72207832336425,10700
2018-05-02,26.020000457763672,26.39999961853028,25.5,26.01000022888184,24.72207832336425,26300
2018-05-03,26.0,26.850000381469727,25.670000076293945,25.71999931335449,24.446439743041992,3500
2018-05-04,25.530000686645508,26.239999771118164,25.530000686645508,25.989999771118164,24.83827018737793,7400
2018-05-07,26.0,26.26000022888184,25.799999237060547,25.799999237060547,24.65669059753418,8500
2018-05-08,25.979999542236328,25.989999771118164,25.520000457763672,25.959999084472656,24.80959892272949,6500
2018-05-09,25.979999542236328,26.38999938964844,25.790000915527344,25.979999542236328,24.82871437072754,11700
2018-05-10,26.0,26.239999771118164,25.920000076293945,25.96999931335449,24.81915855407715,12700
2018-05-11,25.989999771118164,25.989999771118164,25.6299991607666,25.809999465942383,24.66624641418457,8400
2018-05-14,25.89999961853028,25.89999961853028,25.440000534057617,25.549999237060547,24.417770385742188,6200
2018-05-15,25.540000915527344,25.940000534057617,25.43000030517578,25.700000762939453,24.56112289428711,21900
2018-05-16,25.940000534057617,26.100000381469727,25.600000381469727,25.96999931335449,24.81915855407715,14100
2018-05-17,26.0,26.21999931335449,25.780000686645508,26.0,24.84782600402832,11300
2018-05-18,26.0,26.489999771118164,26.0,26.26000022888184,25.09630584716797,43100
2018-05-21,26.100000381469727,26.190000534057617,25.81999969482422,25.93000030517578,24.78093338012696,20000
2018-05-22,25.850000381469727,26.31999969482422,25.82999992370605,26.0,24.84782600402832,13200
2018-05-23,26.21999931335449,26.239999771118164,25.940000534057617,26.0,24.84782600402832,27800
2018-05-24,26.0,26.15999984741211,25.89999961853028,26.0,24.84782600402832,12100
2018-05-25,26.0,26.100000381469727,25.799999237060547,26.030000686645508,24.87649917602539,8500
2018-05-29,26.040000915527344,26.040000915527344,25.71999931335449,25.88999938964844,24.742700576782227,10500
2018-05-30,25.90999984741211,26.190000534057617,25.780000686645508,25.790000915527344,24.64713478088379,14000
2018-05-31,25.950000762939453,26.15999984741211,25.780000686645508,25.8799991607666,24.73314476013184,15200
2018-06-01,26.0,26.450000762939453,25.93000030517578,26.1299991607666,24.97206687927246,27600
2018-06-04,26.059999465942383,26.440000534057617,25.739999771118164,25.739999771118164,24.599349975585938,10600
2018-06-05,25.729999542236328,26.43000030517578,25.700000762939453,26.39999961853028,25.230100631713867,9700
2018-06-06,26.32999992370605,26.63999938964844,26.020000457763672,26.39999961853028,25.230100631713867,10000
2018-06-07,26.39999961853028,26.82999992370605,26.020000457763672,26.100000381469727,24.943397521972656,29400
2018-06-08,26.32999992370605,26.32999992370605,25.850000381469727,25.86000061035156,24.714031219482425,11300
2018-06-11,25.989999771118164,26.6200008392334,25.989999771118164,26.3700008392334,25.201435089111328,10400
2018-06-12,26.38999938964844,26.40999984741211,25.780000686645508,26.14999961853028,24.991180419921875,5900
2018-06-13,25.8700008392334,26.34000015258789,25.3700008392334,26.1299991607666,24.97206687927246,51300
2018-06-14,26.100000381469727,26.200000762939453,25.89999961853028,25.989999771118164,24.83827018737793,9500
2018-06-15,25.82999992370605,26.290000915527344,25.82999992370605,26.0,24.84782600402832,27600
2018-06-18,25.65999984741211,26.5,25.65999984741211,26.1299991607666,24.97206687927246,19100
2018-06-19,25.799999237060547,26.5,25.799999237060547,26.36000061035156,25.191875457763672,57300
2018-06-20,26.299999237060547,26.56999969482422,26.13999938964844,26.309999465942383,25.144088745117188,33500
2018-06-21,26.18000030517578,26.56999969482422,26.18000030517578,26.25,25.08675003051757,39100
2018-06-22,26.229999542236328,26.549999237060547,25.979999542236328,26.13999938964844,24.98162269592285,74500
2018-06-25,25.979999542236328,26.6299991607666,25.82999992370605,26.25,25.08675003051757,18600
2018-06-26,26.239999771118164,26.540000915527344,26.11000061035156,26.1299991607666,24.97206687927246,18500
2018-06-27,26.15999984741211,26.5,25.86000061035156,25.920000076293945,24.77137565612793,15700
2018-06-28,25.90999984741211,26.25,25.729999542236328,26.059999465942383,24.905168533325195,8000
2018-06-29,26.049999237060547,26.190000534057617,25.90999984741211,26.0,24.84782600402832,14800
2018-07-02,25.920000076293945,26.170000076293945,25.739999771118164,25.989999771118164,24.83827018737793,13200
2018-07-03,25.93000030517578,26.5,25.86000061035156,25.8700008392334,24.723588943481445,9400
2018-07-05,26.01000022888184,26.3799991607666,25.89999961853028,25.96999931335449,24.81915855407715,18400
2018-07-06,26.280000686645508,26.280000686645508,25.84000015258789,25.979999542236328,24.82871437072754,10400
2018-07-09,26.1200008392334,26.459999084472656,25.96999931335449,25.979999542236328,24.82871437072754,14400
2018-07-10,26.32999992370605,26.32999992370605,25.950000762939453,25.96999931335449,24.81915855407715,14100
2018-07-11,25.940000534057617,26.030000686645508,25.76000022888184,25.809999465942383,24.66624641418457,5200
2018-07-12,25.84000015258789,25.84000015258789,25.6299991607666,25.770000457763672,24.62802124023437,4600
2018-07-13,25.76000022888184,25.76000022888184,25.15999984741211,25.209999084472656,24.09283828735352,13500
2018-07-16,25.440000534057617,25.520000457763672,25.190000534057617,25.350000381469727,24.22663307189941,6900
2018-07-17,25.420000076293945,25.520000457763672,25.239999771118164,25.26000022888184,24.140623092651367,5600
2018-07-18,25.270000457763672,25.489999771118164,25.18000030517578,25.309999465942383,24.188405990600582,9900
2018-07-19,25.100000381469727,25.3700008392334,24.71999931335449,24.950000762939453,23.844358444213867,13300
2018-07-20,24.809999465942383,25.21999931335449,24.65999984741211,24.729999542236328,23.634105682373047,6900
2018-07-23,25.020000457763672,25.020000457763672,24.71999931335449,25.0,23.892139434814453,3100
2018-07-24,24.850000381469727,24.850000381469727,24.700000762939453,24.780000686645508,23.6818904876709,7400
2018-07-25,24.75,24.84000015258789,24.309999465942383,24.36000061035156,23.280506134033203,12800
2018-07-26,24.46999931335449,24.790000915527344,24.46999931335449,24.770000457763672,23.67233657836914,5200
2018-07-27,24.420000076293945,24.6200008392334,23.809999465942383,23.950000762939453,22.88867378234864,8100
2018-07-30,23.96999931335449,24.030000686645508,23.65999984741211,23.65999984741211,22.61152458190918,4800
2018-07-31,23.65999984741211,23.770000457763672,23.51000022888184,23.76000022888184,22.70709228515625,8500
2018-08-01,23.96999931335449,25.190000534057617,23.96999931335449,24.280000686645508,23.20404815673828,7600
2018-08-02,24.07999992370605,24.100000381469727,23.93000030517578,23.989999771118164,22.92690086364746,6100
2018-08-03,23.540000915527344,23.89999961853028,23.520000457763672,23.520000457763672,22.60967254638672,8500
2018-08-06,23.549999237060547,23.549999237060547,23.15999984741211,23.239999771118164,22.34050941467285,11500
2018-08-07,23.15999984741211,23.299999237060547,23.15999984741211,23.229999542236328,22.33089828491211,2400
2018-08-08,23.11000061035156,23.170000076293945,23.11000061035156,23.14999961853028,22.25399398803711,6400
2018-08-09,23.209999084472656,23.209999084472656,23.01000022888184,23.15999984741211,22.26360893249512,4500
2018-08-10,23.01000022888184,23.100000381469727,22.809999465942383,23.030000686645508,22.13863945007324,7500
2018-08-13,22.84000015258789,22.93000030517578,22.61000061035156,22.86000061035156,21.9752197265625,9600
2018-08-14,22.82999992370605,22.84000015258789,22.5,22.530000686645508,21.65799140930176,15700
2018-08-15,23.0,23.0,22.420000076293945,22.420000076293945,21.5522518157959,4600
2018-08-16,22.38999938964844,22.51000022888184,22.1200008392334,22.290000915527344,21.427282333374023,19900
2018-08-17,22.1200008392334,22.299999237060547,22.07999992370605,22.11000061035156,21.25424766540528,13200
2018-08-20,21.920000076293945,22.14999961853028,21.90999984741211,21.959999084472656,21.110050201416016,8100
2018-08-21,21.90999984741211,22.200000762939453,21.86000061035156,22.190000534057617,21.33115196228028,8200
2018-08-22,22.0,22.100000381469727,21.809999465942383,22.030000686645508,21.17734336853028,10000
2018-08-23,21.920000076293945,22.049999237060547,21.90999984741211,21.950000762939453,21.100440979003903,11800
2018-08-24,21.920000076293945,21.920000076293945,21.739999771118164,21.82999992370605,20.985084533691406,9600
2018-08-27,21.75,21.979999542236328,21.739999771118164,21.76000022888184,20.91779327392578,13500
2018-08-28,22.3799991607666,22.76000022888184,22.229999542236328,22.26000022888184,21.398441314697266,14000
2018-08-29,22.31999969482422,22.489999771118164,22.200000762939453,22.270000457763672,21.40805435180664,9400
2018-08-30,22.200000762939453,22.21999931335449,21.96999931335449,22.190000534057617,21.33115196228028,20200
2018-08-31,22.06999969482422,22.299999237060547,22.020000457763672,22.15999984741211,21.30231285095215,18300
2018-09-04,22.11000061035156,22.5,22.11000061035156,22.459999084472656,21.590700149536133,39000
2018-09-05,22.459999084472656,22.5,22.309999465942383,22.36000061035156,21.494571685791016,16100
2018-09-06,22.36000061035156,22.600000381469727,22.36000061035156,22.440000534057617,21.571474075317383,11600
2018-09-07,22.440000534057617,22.8700008392334,22.440000534057617,22.709999084472656,21.83102226257324,5000
2018-09-10,22.8700008392334,22.8700008392334,22.709999084472656,22.770000457763672,21.88870048522949,9900
2018-09-11,22.799999237060547,22.799999237060547,22.61000061035156,22.6299991607666,21.754121780395508,8900
2018-09-12,22.57999992370605,22.59000015258789,22.36000061035156,22.459999084472656,21.590700149536133,33100
2018-09-13,22.21999931335449,22.709999084472656,22.209999084472656,22.600000381469727,21.725282669067383,15800
2018-09-14,22.06999969482422,22.71999931335449,22.06999969482422,22.670000076293945,21.79257202148437,7600
2018-09-17,22.780000686645508,22.780000686645508,22.5,22.65999984741211,21.782957077026367,29800
2018-09-18,22.76000022888184,22.76000022888184,22.6200008392334,22.6299991607666,21.754121780395508,9200
2018-09-19,22.559999465942383,22.989999771118164,22.420000076293945,22.600000381469727,21.725282669067383,18000
2018-09-20,22.89999961853028,23.01000022888184,22.690000534057617,22.93000030517578,22.04250907897949,13600
2018-09-21,22.88999938964844,23.989999771118164,22.709999084472656,23.989999771118164,23.06148147583008,66700
2018-09-24,23.64999961853028,23.709999084472656,23.100000381469727,23.440000534057617,22.53277015686035,18400
2018-09-25,23.25,23.770000457763672,23.100000381469727,23.31999969482422,22.41741371154785,17700
2018-09-26,23.309999465942383,23.51000022888184,23.14999961853028,23.15999984741211,22.26360893249512,9600
2018-09-27,23.13999938964844,23.39999961853028,23.100000381469727,23.100000381469727,22.205930709838867,12400
2018-09-28,23.09000015258789,23.459999084472656,23.0,23.18000030517578,22.282833099365234,6400
2018-10-01,23.270000457763672,23.270000457763672,22.729999542236328,22.84000015258789,21.95599365234375,6700
2018-10-02,22.59000015258789,22.59000015258789,21.979999542236328,22.34000015258789,21.475345611572266,17300
2018-10-03,22.549999237060547,22.600000381469727,22.21999931335449,22.43000030517578,21.561861038208008,16300
2018-10-04,22.450000762939453,22.989999771118164,22.39999961853028,22.39999961853028,21.533021926879883,8900
2018-10-05,22.450000762939453,23.200000762939453,22.420000076293945,22.420000076293945,21.5522518157959,6600
2018-10-08,22.739999771118164,22.93000030517578,22.39999961853028,22.40999984741211,21.54263687133789,13700
2018-10-09,22.940000534057617,22.940000534057617,22.040000915527344,22.11000061035156,21.25424766540528,7800
2018-10-10,22.14999961853028,22.520000457763672,22.14999961853028,22.14999961853028,21.29269790649414,12000
2018-10-11,22.09000015258789,22.549999237060547,21.71999931335449,21.71999931335449,20.87934112548828,9100
2018-10-12,22.059999465942383,22.059999465942383,20.84000015258789,21.14999961853028,20.33140563964844,20300
2018-10-15,21.5,21.75,21.200000762939453,21.3700008392334,20.54288673400879,4800
2018-10-16,21.36000061035156,21.6200008392334,21.229999542236328,21.600000381469727,20.76398658752441,7800
2018-10-17,21.440000534057617,21.540000915527344,21.239999771118164,21.25,20.427534103393555,8400
2018-10-18,21.190000534057617,21.5,20.89999961853028,21.07999992370605,20.26411247253418,8600
2018-10-19,20.950000762939453,21.040000915527344,20.51000022888184,20.520000457763672,19.72578811645508,12800
2018-10-22,20.940000534057617,21.200000762939453,20.200000762939453,20.32999992370605,19.54313850402832,8200
2018-10-23,20.0,20.790000915527344,19.549999237060547,19.920000076293945,19.149009704589844,21400
2018-10-24,20.0,20.46999931335449,20.0,20.0,19.22591209411621,18000
2018-10-25,20.600000381469727,20.799999237060547,20.0,20.0,19.22591209411621,10100
2018-10-26,20.71999931335449,20.850000381469727,19.8799991607666,20.11000061035156,19.331655502319336,20700
2018-10-29,20.11000061035156,20.71999931335449,20.11000061035156,20.68000030517578,19.879594802856445,8100
2018-10-30,20.75,20.940000534057617,20.549999237060547,20.8799991607666,20.071853637695312,13900
2018-10-31,20.82999992370605,21.07999992370605,19.84000015258789,20.93000030517578,20.119918823242188,26000
2018-11-01,20.850000381469727,20.850000381469727,20.549999237060547,20.549999237060547,19.754623413085938,9300
2018-11-02,20.600000381469727,20.64999961853028,20.39999961853028,20.61000061035156,19.948205947875977,14600
2018-11-05,20.520000457763672,20.690000534057617,20.5,20.65999984741211,19.996597290039062,10900
2018-11-06,20.979999542236328,21.299999237060547,20.40999984741211,20.559999465942383,19.89980697631836,10100
2018-11-07,20.739999771118164,21.040000915527344,20.299999237060547,21.040000915527344,20.364397048950195,8500
2018-11-08,20.729999542236328,21.0,20.43000030517578,20.61000061035156,19.948205947875977,6900
2018-11-09,20.71999931335449,21.57999992370605,20.21999931335449,20.239999771118164,19.59008407592773,12900
2018-11-12,20.459999084472656,20.479999542236328,20.059999465942383,20.06999969482422,19.4255428314209,6400
2018-11-13,20.049999237060547,20.39999961853028,20.0,20.239999771118164,19.59008407592773,3200
2018-11-14,20.25,20.25,20.0,20.14999961853028,19.502973556518555,9700
2018-11-15,19.979999542236328,20.88999938964844,19.979999542236328,20.700000762939453,20.03531265258789,127800
2018-11-16,20.600000381469727,21.049999237060547,20.600000381469727,20.76000022888184,20.093385696411133,20100
2018-11-19,20.850000381469727,20.850000381469727,20.26000022888184,20.3700008392334,19.71591186523437,7300
2018-11-20,20.46999931335449,20.56999969482422,20.100000381469727,20.299999237060547,19.648155212402344,22900
2018-11-21,20.31999969482422,20.530000686645508,20.270000457763672,20.350000381469727,19.696552276611328,9200
2018-11-23,20.32999992370605,20.950000762939453,20.32999992370605,20.93000030517578,20.2579288482666,31000
2018-11-26,20.96999931335449,21.32999992370605,20.96999931335449,21.229999542236328,20.54829406738281,13500
2018-11-27,21.89999961853028,21.940000534057617,21.06999969482422,21.11000061035156,20.432147979736328,4300
2018-11-28,21.690000534057617,21.8700008392334,20.76000022888184,21.709999084472656,21.012880325317383,10600
2018-11-29,21.700000762939453,21.920000076293945,21.290000915527344,21.6299991607666,20.935447692871094,12200
2018-11-30,21.739999771118164,21.809999465942383,21.18000030517578,21.450000762939453,20.76123237609864,7900
2018-12-03,21.450000762939453,21.76000022888184,20.920000076293945,21.36000061035156,20.67411994934082,6000
2018-12-04,21.01000022888184,21.270000457763672,20.21999931335449,20.21999931335449,19.570724487304688,11200
2018-12-06,20.11000061035156,21.14999961853028,19.86000061035156,20.209999084472656,19.56104850769043,12900
2018-12-07,20.40999984741211,20.40999984741211,19.81999969482422,20.280000686645508,19.62879943847656,27400
2018-12-10,20.290000915527344,20.290000915527344,19.93000030517578,20.200000762939453,19.551368713378903,5800
2018-12-11,20.39999961853028,20.780000686645508,19.979999542236328,20.100000381469727,19.45458030700684,6100
2018-12-12,20.170000076293945,21.31999969482422,20.170000076293945,20.950000762939453,20.277286529541016,6700
2018-12-13,20.540000915527344,20.799999237060547,20.11000061035156,20.5,19.84173583984375,8800
2018-12-14,20.489999771118164,21.18000030517578,20.11000061035156,20.21999931335449,19.570724487304688,13700
2018-12-17,20.290000915527344,20.290000915527344,19.6299991607666,20.030000686645508,19.38682746887207,8000
2018-12-18,20.09000015258789,20.299999237060547,19.799999237060547,19.809999465942383,19.17388916015625,28600
2018-12-19,19.56999969482422,20.459999084472656,19.15999984741211,19.420000076293945,18.79641342163086,12600
2018-12-20,19.309999465942383,20.63999938964844,19.309999465942383,20.18000030517578,19.53201103210449,33500
2018-12-21,20.0,20.0,19.61000061035156,19.700000762939453,19.06742477416992,33300
2018-12-24,19.76000022888184,19.989999771118164,19.290000915527344,19.31999969482422,18.699626922607425,7500
2018-12-26,19.5,19.799999237060547,19.239999771118164,19.239999771118164,18.622194290161133,13500
2018-12-27,19.38999938964844,19.790000915527344,18.76000022888184,19.0,18.389902114868164,38500
2018-12-28,19.200000762939453,19.81999969482422,19.049999237060547,19.479999542236328,18.8544864654541,11100
2018-12-31,19.549999237060547,19.88999938964844,19.5,19.51000022888184,18.883525848388672,24700
2019-01-02,19.36000061035156,19.959999084472656,19.36000061035156,19.950000762939453,19.30939674377441,3600
2019-01-03,19.809999465942383,20.59000015258789,19.809999465942383,20.239999771118164,19.59008407592773,20200
2019-01-04,20.32999992370605,21.049999237060547,20.32999992370605,20.920000076293945,20.24824905395508,9400
2019-01-07,20.690000534057617,21.239999771118164,20.459999084472656,21.21999931335449,20.53861427307129,10500
2019-01-08,21.34000015258789,21.34000015258789,21.18000030517578,21.209999084472656,20.5289363861084,3600
2019-01-09,20.739999771118164,21.100000381469727,20.520000457763672,21.049999237060547,20.374073028564453,13400
2019-01-10,20.88999938964844,21.059999465942383,20.790000915527344,20.89999961853028,20.228891372680664,6900
2019-01-11,20.690000534057617,20.690000534057617,20.13999938964844,20.600000381469727,19.938526153564453,16000
2019-01-14,20.270000457763672,21.1200008392334,20.26000022888184,20.270000457763672,19.619121551513672,13300
2019-01-15,20.3799991607666,20.709999084472656,20.0,20.709999084472656,20.04499053955078,12700
2019-01-16,20.6299991607666,20.6299991607666,20.290000915527344,20.36000061035156,19.70623207092285,13300
2019-01-17,20.239999771118164,20.600000381469727,20.21999931335449,20.350000381469727,19.696552276611328,26600
2019-01-18,20.290000915527344,20.530000686645508,20.280000686645508,20.40999984741211,19.75462532043457,35100
2019-01-22,20.229999542236328,20.459999084472656,20.1200008392334,20.40999984741211,19.75462532043457,25300
2019-01-23,20.39999961853028,20.450000762939453,20.280000686645508,20.450000762939453,19.7933406829834,7800
2019-01-24,20.479999542236328,20.81999969482422,20.3799991607666,20.700000762939453,20.03531265258789,31700
2019-01-25,20.559999465942383,20.96999931335449,20.549999237060547,20.959999084472656,20.28696250915528,29100
2019-01-28,20.63999938964844,20.75,20.549999237060547,20.75,20.08370780944824,14900
2019-01-29,20.88999938964844,20.88999938964844,20.520000457763672,20.559999465942383,19.89980697631836,16600
2019-01-30,20.780000686645508,21.07999992370605,20.43000030517578,20.739999771118164,20.07402992248535,11200
2019-01-31,20.75,20.84000015258789,20.559999465942383,20.63999938964844,19.97723960876465,8800
2019-02-01,20.700000762939453,20.75,20.540000915527344,20.59000015258789,20.074737548828125,16900
2019-02-04,20.46999931335449,20.850000381469727,20.3700008392334,20.65999984741211,20.14298439025879,27100
2019-02-05,20.809999465942383,21.059999465942383,20.6200008392334,20.690000534057617,20.1722354888916,11000
2019-02-06,20.75,20.75,20.700000762939453,20.75,20.23073387145996,13000
2019-02-07,20.75,20.82999992370605,20.65999984741211,20.670000076293945,20.152734756469727,14900
2019-02-08,20.76000022888184,20.89999961853028,20.6299991607666,20.86000061035156,20.33798217773437,18100
2019-02-11,21.030000686645508,21.850000381469727,20.850000381469727,21.700000762939453,21.156959533691406,6900
2019-02-12,21.90999984741211,22.100000381469727,21.8799991607666,21.959999084472656,21.41045188903809,7200
2019-02-13,22.239999771118164,22.239999771118164,21.459999084472656,21.88999938964844,21.34220314025879,11800
2019-02-14,21.690000534057617,21.979999542236328,21.440000534057617,21.71999931335449,21.17645835876465,8600
2019-02-15,21.86000061035156,22.51000022888184,21.26000022888184,22.1200008392334,21.56644821166992,27600
2019-02-19,22.06999969482422,23.3799991607666,22.06999969482422,23.100000381469727,22.52192497253418,23700
2019-02-20,23.0,23.049999237060547,22.15999984741211,22.209999084472656,21.65419578552246,19400
2019-02-21,21.950000762939453,22.63999938964844,21.700000762939453,22.450000762939453,21.88819122314453,12700
2019-02-22,22.09000015258789,22.530000686645508,22.09000015258789,22.5,21.93693923950196,13500
2019-02-25,22.459999084472656,22.459999084472656,22.06999969482422,22.11000061035156,21.556699752807617,14100
2019-02-26,23.020000457763672,23.020000457763672,22.14999961853028,22.39999961853028,21.83944129943848,12700
2019-02-27,22.170000076293945,22.51000022888184,22.049999237060547,22.39999961853028,21.83944129943848,9100
2019-02-28,22.1200008392334,22.479999542236328,22.059999465942383,22.059999465942383,21.50794982910156,9500
2019-03-01,22.299999237060547,22.530000686645508,22.0,22.530000686645508,21.966188430786133,12600
2019-03-04,21.739999771118164,22.3700008392334,21.739999771118164,22.1200008392334,21.56644821166992,3100
2019-03-05,22.3700008392334,22.5,22.209999084472656,22.229999542236328,21.673694610595703,5500
2019-03-06,22.15999984741211,22.5,22.1299991607666,22.1299991607666,21.576196670532227,13500
2019-03-07,21.729999542236328,22.0,21.51000022888184,21.549999237060547,21.010713577270508,13900
2019-03-08,21.07999992370605,21.770000457763672,21.07999992370605,21.32999992370605,20.796218872070312,7900
2019-03-11,21.71999931335449,21.81999969482422,21.32999992370605,21.809999465942383,21.264205932617188,3200
2019-03-12,21.38999938964844,21.65999984741211,21.38999938964844,21.6200008392334,21.07896041870117,5500
2019-03-13,22.059999465942383,22.06999969482422,21.43000030517578,21.479999542236328,20.94246292114257,3900
2019-03-14,21.46999931335449,21.739999771118164,21.459999084472656,21.5,20.961963653564453,2600
2019-03-15,21.5,21.729999542236328,20.920000076293945,20.920000076293945,20.3964786529541,27300
2019-03-18,21.0,21.350000381469727,20.89999961853028,21.13999938964844,20.610973358154297,6600
2019-03-19,21.229999542236328,21.229999542236328,20.780000686645508,20.8799991607666,20.357479095458984,6200
2019-03-20,20.5,20.530000686645508,20.5,20.5,19.986989974975582,2400
2019-03-21,20.700000762939453,20.8700008392334,19.920000076293945,20.09000015258789,19.58724975585937,6700
2019-03-22,20.030000686645508,21.200000762939453,20.0,20.39999961853028,19.88949203491211,12600
2019-03-25,20.39999961853028,20.530000686645508,20.18000030517578,20.34000015258789,19.83099365234375,13800
2019-03-26,20.280000686645508,20.809999465942383,19.940000534057617,20.1200008392334,19.616498947143555,16700
2019-03-27,20.3700008392334,20.459999084472656,19.90999984741211,20.09000015258789,19.58724975585937,14000
2019-03-28,20.32999992370605,20.450000762939453,20.15999984741211,20.299999237060547,19.7919921875,8700
2019-03-29,20.15999984741211,20.299999237060547,20.01000022888184,20.020000457763672,19.51900100708008,20300
2019-04-01,20.57999992370605,20.71999931335449,20.31999969482422,20.71999931335449,20.20148277282715,13800
2019-04-02,20.709999084472656,21.0,20.350000381469727,20.68000030517578,20.162485122680664,9600
2019-04-03,20.780000686645508,20.959999084472656,20.729999542236328,20.8799991607666,20.357479095458984,3000
2019-04-04,20.75,20.88999938964844,20.51000022888184,20.63999938964844,20.123485565185547,4900
2019-04-05,20.6299991607666,20.89999961853028,20.6299991607666,20.799999237060547,20.279481887817383,7800
2019-04-08,20.6200008392334,21.0,20.6200008392334,20.81999969482422,20.298980712890625,7200
2019-04-09,20.89999961853028,21.200000762939453,20.8799991607666,21.030000686645508,20.50372695922852,15800
2019-04-10,20.690000534057617,21.200000762939453,20.690000534057617,21.170000076293945,20.64022254943848,4400
2019-04-11,20.93000030517578,21.18000030517578,20.71999931335449,20.809999465942383,20.289230346679688,5900
2019-04-12,20.84000015258789,21.5,20.84000015258789,21.200000762939453,20.669471740722656,8000
2019-04-15,21.209999084472656,21.209999084472656,20.84000015258789,21.01000022888184,20.48422813415528,11700
2019-04-16,21.229999542236328,21.26000022888184,21.01000022888184,21.01000022888184,20.48422813415528,10500
2019-04-17,21.14999961853028,21.25,20.89999961853028,20.89999961853028,20.37697982788086,5100
2019-04-18,21.0,21.25,21.0,21.25,20.71822166442871,7100
2019-04-22,21.25,21.25,20.739999771118164,21.0,20.474477767944336,5300
2019-04-23,21.100000381469727,21.25,21.0,21.25,20.71822166442871,18500
2019-04-24,21.25,21.25,21.100000381469727,21.1299991607666,20.601224899291992,7100
2019-04-25,21.309999465942383,21.350000381469727,21.14999961853028,21.309999465942383,20.77671813964844,25900
2019-04-26,21.51000022888184,22.989999771118164,21.51000022888184,22.64999961853028,22.08318519592285,27600
2019-04-29,22.93000030517578,23.530000686645508,22.71999931335449,23.489999771118164,22.90216636657715,9200
2019-04-30,23.200000762939453,23.459999084472656,22.489999771118164,23.030000686645508,22.453676223754883,30500
2019-05-01,23.200000762939453,23.5,22.920000076293945,23.229999542236328,22.648670196533203,16400
2019-05-02,23.38999938964844,23.5,23.1299991607666,23.1299991607666,22.551172256469727,8200
2019-05-03,23.309999465942383,24.0,23.309999465942383,23.989999771118164,23.542325973510746,21000
2019-05-06,24.0,24.14999961853028,23.850000381469727,24.020000457763672,23.571765899658203,23400
2019-05-07,24.030000686645508,24.239999771118164,23.950000762939453,24.229999542236328,23.777847290039062,10400
2019-05-08,24.09000015258789,24.18000030517578,23.14999961853028,24.11000061035156,23.66008758544922,4300
2019-05-09,24.040000915527344,24.38999938964844,23.84000015258789,24.0,23.552141189575195,39800
2019-05-10,24.059999465942383,24.309999465942383,23.299999237060547,23.40999984741211,22.973148345947266,11100
2019-05-13,23.26000022888184,23.61000061035156,23.239999771118164,23.239999771118164,22.80632209777832,13100
2019-05-14,23.43000030517578,24.040000915527344,23.43000030517578,23.96999931335449,23.52269744873047,6200
2019-05-15,23.71999931335449,23.75,23.32999992370605,23.690000534057617,23.2479248046875,8500
2019-05-16,23.75,23.81999969482422,23.5,23.81999969482422,23.375497817993164,9400
2019-05-17,23.76000022888184,23.89999961853028,23.75,23.89999961853028,23.45400619506836,9000
2019-05-20,23.920000076293945,24.049999237060547,23.61000061035156,23.61000061035156,23.169418334960938,14600
2019-05-21,23.64999961853028,23.799999237060547,23.36000061035156,23.540000915527344,23.100725173950195,12200
2019-05-22,23.1299991607666,23.479999542236328,23.100000381469727,23.32999992370605,22.894641876220703,5300
2019-05-23,23.170000076293945,23.280000686645508,22.5,22.559999465942383,22.139009475708008,19100
2019-05-24,23.11000061035156,23.450000762939453,22.979999542236328,23.39999961853028,22.963335037231445,8200
2019-05-28,23.39999961853028,23.5,23.020000457763672,23.020000457763672,22.59042739868164,9100
2019-05-29,23.06999969482422,23.5,23.0,23.020000457763672,22.59042739868164,8300
2019-05-30,23.209999084472656,23.43000030517578,23.100000381469727,23.200000762939453,22.76706886291504,14400
2019-05-31,23.190000534057617,23.190000534057617,22.690000534057617,22.8799991607666,22.45303726196289,17100
2019-06-03,22.709999084472656,23.15999984741211,22.46999931335449,22.8700008392334,22.443225860595703,15300
2019-06-04,22.93000030517578,23.5,22.670000076293945,23.5,23.06147003173828,9800
2019-06-05,23.780000686645508,23.780000686645508,23.0,23.25,22.81613540649414,9400
2019-06-06,23.14999961853028,23.190000534057617,22.89999961853028,23.18000030517578,22.74744033813477,2200
2019-06-07,23.25,23.280000686645508,22.6200008392334,23.020000457763672,22.59042739868164,5400
2019-06-10,23.06999969482422,23.239999771118164,22.950000762939453,23.14999961853028,22.718002319335938,7900
2019-06-11,23.239999771118164,23.239999771118164,23.01000022888184,23.1299991607666,22.69837188720703,12200
2019-06-12,23.020000457763672,23.200000762939453,23.01000022888184,23.030000686645508,22.60024070739746,4500
2019-06-13,23.09000015258789,23.5,23.09000015258789,23.489999771118164,23.051654815673828,8400
2019-06-14,23.280000686645508,23.5,23.11000061035156,23.11000061035156,22.678747177124023,7700
2019-06-17,23.1200008392334,23.5,23.1200008392334,23.5,23.06147003173828,6500
2019-06-18,23.5,23.520000457763672,23.299999237060547,23.5,23.06147003173828,8000
2019-06-19,23.34000015258789,23.5,23.34000015258789,23.479999542236328,23.04184341430664,9800
2019-06-20,23.3700008392334,23.5,23.3700008392334,23.39999961853028,22.963335037231445,6300
2019-06-21,23.26000022888184,23.5,23.26000022888184,23.5,23.06147003173828,21900
2019-06-24,23.5,23.5,23.39999961853028,23.39999961853028,22.963335037231445,9100
2019-06-25,23.32999992370605,23.5,23.25,23.3799991607666,22.94371032714844,9200
2019-06-26,23.3799991607666,23.489999771118164,23.3799991607666,23.489999771118164,23.051654815673828,4200
2019-06-27,23.39999961853028,23.51000022888184,23.3700008392334,23.5,23.06147003173828,39700
2019-06-28,23.5,23.520000457763672,23.450000762939453,23.5,23.06147003173828,65700
2019-07-01,23.549999237060547,24.200000762939453,23.549999237060547,24.100000381469727,23.65027236938477,24900
2019-07-02,24.1200008392334,24.25,24.06999969482422,24.25,23.797473907470703,16800
2019-07-03,24.25,24.6200008392334,24.25,24.6200008392334,24.160568237304688,8100
2019-07-05,24.530000686645508,24.850000381469727,23.440000534057617,24.82999992370605,24.36665153503418,8800
2019-07-08,24.209999084472656,24.989999771118164,24.209999084472656,24.989999771118164,24.523666381835938,5100
2019-07-09,24.600000381469727,25.0,23.700000762939453,24.700000762939453,24.239076614379883,20700
2019-07-10,24.59000015258789,24.59000015258789,24.020000457763672,24.309999465942383,23.856353759765625,12900
2019-07-11,24.309999465942383,24.559999465942383,23.6200008392334,24.43000030517578,23.9741153717041,18100
2019-07-12,24.26000022888184,24.5,23.950000762939453,24.3700008392334,23.91523551940918,9000
2019-07-15,24.299999237060547,24.299999237060547,23.51000022888184,23.700000762939453,23.25774002075196,12300
2019-07-16,23.88999938964844,23.88999938964844,23.15999984741211,23.549999237060547,23.11053466796875,14600
2019-07-17,23.020000457763672,23.280000686645508,22.81999969482422,22.86000061035156,22.43341445922852,5500
2019-07-18,23.0,23.1299991607666,22.700000762939453,22.88999938964844,22.462852478027344,10900
2019-07-19,22.75,22.75,22.13999938964844,22.59000015258789,22.1684513092041,13800
2019-07-22,22.709999084472656,22.709999084472656,21.850000381469727,22.21999931335449,21.805355072021484,25200
2019-07-23,22.270000457763672,22.270000457763672,22.170000076293945,22.25,21.83479690551757,8000
2019-07-24,22.25,22.670000076293945,22.0,22.43000030517578,22.011436462402344,30300
2019-07-25,22.71999931335449,23.3799991607666,22.6299991607666,23.13999938964844,22.708187103271484,5300
2019-07-26,23.39999961853028,24.420000076293945,23.39999961853028,24.15999984741211,23.70915412902832,9000
2019-07-29,23.56999969482422,24.200000762939453,23.56999969482422,24.01000022888184,23.561952590942383,9100
2019-07-30,24.07999992370605,24.170000076293945,23.950000762939453,23.959999084472656,23.51288604736328,14600
2019-07-31,24.100000381469727,24.190000534057617,23.82999992370605,23.82999992370605,23.385313034057617,36000
2019-08-01,23.989999771118164,24.049999237060547,23.40999984741211,23.61000061035156,23.169418334960938,14700
2019-08-02,23.61000061035156,23.61000061035156,22.799999237060547,23.420000076293945,23.129913330078125,6500
2019-08-05,23.200000762939453,23.280000686645508,22.3700008392334,22.799999237060547,22.51759147644043,25000
2019-08-06,22.959999084472656,23.040000915527344,22.559999465942383,22.81999969482422,22.53734397888184,11700
2019-08-07,22.5,22.82999992370605,22.299999237060547,22.559999465942383,22.28056526184082,9900
2019-08-08,22.850000381469727,23.43000030517578,22.850000381469727,23.190000534057617,22.90276336669922,12300
2019-08-09,23.200000762939453,23.51000022888184,23.030000686645508,23.39999961853028,23.11016082763672,10800
2019-08-12,23.229999542236328,23.96999931335449,23.229999542236328,23.81999969482422,23.524959564208984,5300
2019-08-13,23.81999969482422,23.979999542236328,23.5,23.76000022888184,23.46570205688477,17100
2019-08-14,23.34000015258789,23.38999938964844,22.71999931335449,22.82999992370605,22.54722023010254,28100
2019-08-15,22.700000762939453,23.479999542236328,22.559999465942383,23.450000762939453,23.159542083740234,30400
2019-08-16,23.489999771118164,24.0,23.489999771118164,23.81999969482422,23.524959564208984,20000
2019-08-19,24.049999237060547,24.13999938964844,23.93000030517578,24.049999237060547,23.75210952758789,5400
2019-08-20,24.18000030517578,24.18000030517578,23.90999984741211,24.100000381469727,23.801490783691406,9700
2019-08-21,24.1200008392334,24.14999961853028,23.89999961853028,24.13999938964844,23.840993881225582,10500
2019-08-22,24.15999984741211,24.290000915527344,24.14999961853028,24.14999961853028,23.85087013244629,7300
2019-08-23,24.13999938964844,24.13999938964844,21.850000381469727,22.059999465942383,21.78675842285156,40000
2019-08-26,22.3700008392334,22.8799991607666,22.309999465942383,22.799999237060547,22.51759147644043,13700
2019-08-27,23.1200008392334,23.14999961853028,22.15999984741211,22.43000030517578,22.152175903320312,10300
2019-08-28,22.06999969482422,22.479999542236328,22.06999969482422,22.479999542236328,22.201557159423828,24100
2019-08-29,22.280000686645508,23.09000015258789,22.26000022888184,22.670000076293945,22.38920211791992,7100
2019-08-30,22.780000686645508,22.780000686645508,22.26000022888184,22.549999237060547,22.270687103271484,9900
2019-09-03,22.239999771118164,22.440000534057617,22.06999969482422,22.07999992370605,21.80651092529297,10500
2019-09-04,22.43000030517578,22.43000030517578,21.850000381469727,22.01000022888184,21.73737907409668,9100
2019-09-05,22.18000030517578,23.0,22.11000061035156,22.780000686645508,22.497840881347656,12000
2019-09-06,22.790000915527344,22.86000061035156,22.13999938964844,22.299999237060547,22.02378463745117,6700
2019-09-09,22.239999771118164,22.989999771118164,22.13999938964844,22.86000061035156,22.57685089111328,8600
2019-09-10,22.979999542236328,23.239999771118164,22.63999938964844,23.0,22.71511459350586,21100
2019-09-11,23.209999084472656,23.549999237060547,22.88999938964844,23.450000762939453,23.159542083740234,17400
2019-09-12,23.309999465942383,23.979999542236328,23.239999771118164,23.57999992370605,23.287931442260746,52400
2019-09-13,23.850000381469727,24.5,23.440000534057617,23.86000061035156,23.564462661743164,21500
2019-09-16,23.709999084472656,24.38999938964844,23.479999542236328,24.040000915527344,23.742233276367188,20800
2019-09-17,23.809999465942383,24.14999961853028,23.71999931335449,23.920000076293945,23.623720169067383,22800
2019-09-18,23.979999542236328,24.100000381469727,23.420000076293945,23.81999969482422,23.524959564208984,25400
2019-09-19,23.600000381469727,24.229999542236328,23.59000015258789,23.88999938964844,23.59408950805664,25900
2019-09-20,24.020000457763672,24.56999969482422,23.63999938964844,24.5,24.196537017822266,68100
2019-09-23,24.309999465942383,24.530000686645508,24.15999984741211,24.450000762939453,24.14715576171875,31600
2019-09-24,24.38999938964844,24.520000457763672,24.030000686645508,24.209999084472656,23.910125732421875,19700
2019-09-25,24.36000061035156,24.920000076293945,24.36000061035156,24.670000076293945,24.36442947387696,24400
2019-09-26,24.530000686645508,24.799999237060547,24.34000015258789,24.350000381469727,24.04839515686035,10900
2019-09-27,24.36000061035156,24.51000022888184,24.26000022888184,24.31999969482422,24.01876640319824,13100
2019-09-30,24.11000061035156,24.36000061035156,24.040000915527344,24.07999992370605,23.78173828125,20700
2019-10-01,23.81999969482422,23.850000381469727,23.170000076293945,23.299999237060547,23.011398315429688,14500
2019-10-02,23.299999237060547,23.64999961853028,23.209999084472656,23.420000076293945,23.129913330078125,12100
2019-10-03,23.40999984741211,23.88999938964844,23.21999931335449,23.51000022888184,23.21879768371582,12600
2019-10-04,23.799999237060547,23.799999237060547,23.36000061035156,23.450000762939453,23.159542083740234,12500
2019-10-07,23.540000915527344,23.59000015258789,23.32999992370605,23.32999992370605,23.0410270690918,8200
2019-10-08,22.96999931335449,23.5,22.96999931335449,23.18000030517578,22.892885208129883,9800
2019-10-09,23.290000915527344,23.549999237060547,23.100000381469727,23.39999961853028,23.11016082763672,19900
2019-10-10,23.530000686645508,23.979999542236328,23.36000061035156,23.489999771118164,23.199047088623047,14200
2019-10-11,23.65999984741211,24.36000061035156,23.65999984741211,23.959999084472656,23.66322326660156,18600
2019-10-14,23.959999084472656,24.38999938964844,23.700000762939453,24.06999969482422,23.771862030029297,17100
2019-10-15,24.229999542236328,24.6299991607666,23.790000915527344,24.6299991607666,24.32492446899414,18900
2019-10-16,24.59000015258789,24.75,24.530000686645508,24.64999961853028,24.34467887878418,10100
2019-10-17,24.75,24.989999771118164,24.56999969482422,24.8700008392334,24.561952590942383,38500
2019-10-18,24.690000534057617,24.989999771118164,24.600000381469727,24.88999938964844,24.58170509338379,12000
2019-10-21,25.280000686645508,25.549999237060547,25.100000381469727,25.540000915527344,25.2236557006836,21300
2019-10-22,25.530000686645508,25.61000061035156,25.18000030517578,25.450000762939453,25.134769439697266,4500
2019-10-23,25.26000022888184,25.920000076293945,25.030000686645508,25.25,24.937244415283203,11300
2019-10-24,25.229999542236328,25.5,24.51000022888184,25.07999992370605,24.76935195922852,9000
2019-10-25,25.06999969482422,25.06999969482422,24.350000381469727,24.3700008392334,24.06814765930176,23100
2019-10-28,24.700000762939453,24.76000022888184,23.739999771118164,24.440000534057617,24.137279510498047,21800
2019-10-29,24.39999961853028,24.559999465942383,24.09000015258789,24.479999542236328,24.176782608032227,13900
2019-10-30,24.25,24.559999465942383,24.25,24.520000457763672,24.21628761291504,7800
2019-10-31,24.309999465942383,24.5,24.190000534057617,24.31999969482422,24.01876640319824,9100
2019-11-01,24.450000762939453,24.549999237060547,24.31999969482422,24.549999237060547,24.396387100219727,10600
2019-11-04,24.549999237060547,24.790000915527344,24.5,24.59000015258789,24.43613815307617,21500
2019-11-05,24.549999237060547,24.739999771118164,24.299999237060547,24.739999771118164,24.5851993560791,11700
2019-11-06,24.729999542236328,24.75,24.56999969482422,24.56999969482422,24.41626167297364,8900
2019-11-07,24.75,24.75,24.489999771118164,24.71999931335449,24.56532287597656,11800
2019-11-08,24.520000457763672,24.75,24.479999542236328,24.6299991607666,24.475887298583984,9100
2019-11-11,24.43000030517578,24.729999542236328,24.43000030517578,24.729999542236328,24.57526016235352,4100
2019-11-12,24.600000381469727,24.64999961853028,24.549999237060547,24.549999237060547,24.396387100219727,5700
2019-11-13,24.549999237060547,24.709999084472656,24.13999938964844,24.479999542236328,24.32682609558105,8600
2019-11-14,24.56999969482422,24.700000762939453,24.11000061035156,24.459999084472656,24.30694961547852,12300
2019-11-15,24.670000076293945,24.75,24.479999542236328,24.479999542236328,24.32682609558105,12700
2019-11-18,24.440000534057617,24.65999984741211,24.38999938964844,24.61000061035156,24.45601272583008,8200
2019-11-19,24.56999969482422,24.709999084472656,24.170000076293945,24.170000076293945,24.01876640319824,17900
2019-11-20,24.049999237060547,24.65999984741211,23.8799991607666,24.100000381469727,23.949203491210938,22000
2019-11-21,24.020000457763672,24.5,24.020000457763672,24.21999931335449,24.068452835083008,9600
2019-11-22,24.420000076293945,24.530000686645508,24.040000915527344,24.530000686645508,24.376514434814453,11100
2019-11-25,24.559999465942383,24.75,24.3799991607666,24.40999984741211,24.25726318359375,36600
2019-11-26,24.229999542236328,24.739999771118164,24.229999542236328,24.700000762939453,24.54545021057129,9000
2019-11-27,24.57999992370605,24.75,24.3799991607666,24.739999771118164,24.5851993560791,12500
2019-11-29,24.75,25.209999084472656,24.59000015258789,24.979999542236328,24.82369613647461,10500
2019-12-02,24.920000076293945,25.0,24.530000686645508,24.540000915527344,24.386451721191406,7900
2019-12-03,24.5,24.600000381469727,24.09000015258789,24.280000686645508,24.12807846069336,7700
2019-12-04,24.420000076293945,24.420000076293945,24.11000061035156,24.13999938964844,23.98895263671875,9100
2019-12-05,24.280000686645508,24.71999931335449,24.100000381469727,24.530000686645508,24.376514434814453,5600
2019-12-06,24.790000915527344,25.0,24.56999969482422,24.59000015258789,24.43613815307617,18300
2019-12-09,24.6299991607666,25.1299991607666,24.6299991607666,25.040000915527344,24.88332176208496,17500
2019-12-10,24.950000762939453,25.690000534057617,24.770000457763672,25.549999237060547,25.39012908935547,15400
2019-12-11,25.51000022888184,25.8700008392334,25.51000022888184,25.790000915527344,25.62862968444824,12400
2019-12-12,25.88999938964844,26.01000022888184,25.75,25.96999931335449,25.80750274658203,32900
2019-12-13,25.96999931335449,26.049999237060547,25.799999237060547,25.979999542236328,25.817440032958984,19300
2019-12-16,26.0,26.15999984741211,25.809999465942383,26.0,25.83731460571289,5900
2019-12-17,26.0,26.020000457763672,25.96999931335449,25.989999771118164,25.827377319335938,16500
2019-12-18,26.14999961853028,26.14999961853028,25.89999961853028,25.90999984741211,25.74787712097168,18600
2019-12-19,26.01000022888184,26.31999969482422,26.01000022888184,26.200000762939453,26.03606414794922,13100
2019-12-20,26.26000022888184,26.489999771118164,26.040000915527344,26.479999542236328,26.31431198120117,41800
2019-12-23,26.489999771118164,26.489999771118164,26.049999237060547,26.200000762939453,26.03606414794922,12200
2019-12-24,26.290000915527344,26.38999938964844,26.190000534057617,26.3799991607666,26.214937210083008,3400
2019-12-26,26.350000381469727,26.459999084472656,26.100000381469727,26.11000061035156,25.946626663208008,7500
2019-12-27,26.07999992370605,26.18000030517578,25.959999084472656,26.15999984741211,25.996313095092773,6100
2019-12-30,26.170000076293945,26.3799991607666,26.1200008392334,26.25,26.085750579833984,11200
2019-12-31,26.350000381469727,26.489999771118164,26.26000022888184,26.32999992370605,26.16525077819824,16300
2020-01-02,26.350000381469727,26.479999542236328,26.270000457763672,26.40999984741211,26.244749069213867,8200
2020-01-03,26.14999961853028,26.270000457763672,26.059999465942383,26.15999984741211,25.996313095092773,7000
2020-01-06,26.040000915527344,26.21999931335449,25.90999984741211,26.0,25.83731460571289,15000
2020-01-07,26.09000015258789,26.09000015258789,25.780000686645508,25.89999961853028,25.737939834594727,11000
2020-01-08,25.93000030517578,26.11000061035156,25.5,25.76000022888184,25.598817825317383,13500
2020-01-09,25.8799991607666,25.90999984741211,25.75,25.90999984741211,25.74787712097168,5700
2020-01-10,25.799999237060547,25.96999931335449,25.43000030517578,25.96999931335449,25.80750274658203,17800
2020-01-13,25.920000076293945,25.940000534057617,25.799999237060547,25.89999961853028,25.737939834594727,10900
2020-01-14,25.82999992370605,25.89999961853028,25.43000030517578,25.43000030517578,25.27088165283203,11100
2020-01-15,25.479999542236328,25.8700008392334,25.36000061035156,25.84000015258789,25.678316116333008,14500
2020-01-16,25.8700008392334,26.459999084472656,25.8700008392334,26.270000457763672,26.10562515258789,12900
2020-01-17,26.489999771118164,26.600000381469727,26.1299991607666,26.1299991607666,25.96650123596192,14600
2020-01-21,26.0,26.18000030517578,25.86000061035156,25.920000076293945,25.757816314697266,9400
2020-01-22,25.739999771118164,25.920000076293945,25.64999961853028,25.670000076293945,25.50938034057617,5600
2020-01-23,25.420000076293945,25.5,25.0,25.020000457763672,24.86344718933105,16200
2020-01-24,25.25,27.350000381469727,25.020000457763672,26.15999984741211,25.996313095092773,31300
2020-01-27,26.049999237060547,26.96999931335449,25.809999465942383,26.600000381469727,26.43356132507324,20900
2020-01-28,26.600000381469727,26.84000015258789,26.040000915527344,26.600000381469727,26.43356132507324,8500
2020-01-29,26.39999961853028,26.71999931335449,25.950000762939453,25.950000762939453,25.787628173828125,9400
2020-01-30,26.0,26.3700008392334,25.3799991607666,26.3700008392334,26.20499992370605,16000
2020-01-31,26.34000015258789,26.43000030517578,24.96999931335449,25.18000030517578,25.18000030517578,18900
2020-02-03,25.1299991607666,25.82999992370605,24.90999984741211,25.239999771118164,25.239999771118164,13700
2020-02-04,25.190000534057617,25.770000457763672,25.190000534057617,25.32999992370605,25.32999992370605,11000
2020-02-05,25.489999771118164,26.020000457763672,25.450000762939453,25.729999542236328,25.729999542236328,8800
2020-02-06,25.799999237060547,25.81999969482422,25.59000015258789,25.71999931335449,25.71999931335449,12100
2020-02-07,25.65999984741211,25.709999084472656,25.6200008392334,25.6200008392334,25.6200008392334,7000
2020-02-10,25.64999961853028,26.280000686645508,25.5,25.920000076293945,25.920000076293945,11100
2020-02-11,26.06999969482422,26.209999084472656,25.36000061035156,25.520000457763672,25.520000457763672,12300
2020-02-12,25.770000457763672,25.770000457763672,25.3700008392334,25.3700008392334,25.3700008392334,3900
2020-02-13,25.489999771118164,25.81999969482422,25.489999771118164,25.81999969482422,25.81999969482422,3500
2020-02-14,25.75,26.09000015258789,25.65999984741211,25.81999969482422,25.81999969482422,10800
2020-02-18,25.950000762939453,25.96999931335449,25.07999992370605,25.07999992370605,25.07999992370605,7000
2020-02-19,25.239999771118164,25.57999992370605,25.239999771118164,25.420000076293945,25.420000076293945,4700
2020-02-20,25.420000076293945,25.520000457763672,25.39999961853028,25.51000022888184,25.51000022888184,2300
2020-02-21,25.559999465942383,25.68000030517578,25.39999961853028,25.5,25.5,11900
2020-02-24,25.3799991607666,25.57999992370605,25.040000915527344,25.18000030517578,25.18000030517578,15200
2020-02-25,24.989999771118164,25.270000457763672,24.459999084472656,24.700000762939453,24.700000762939453,16300
2020-02-26,24.799999237060547,25.0,24.280000686645508,24.57999992370605,24.57999992370605,6300
2020-02-27,24.190000534057617,24.690000534057617,24.01000022888184,24.01000022888184,24.01000022888184,19400
2020-02-28,24.3700008392334,24.3700008392334,22.26000022888184,24.0,24.0,25400
2020-03-02,24.1299991607666,24.280000686645508,22.959999084472656,23.850000381469727,23.850000381469727,12100
2020-03-03,23.75,23.8700008392334,22.26000022888184,22.3700008392334,22.3700008392334,15000
2020-03-04,22.86000061035156,25.09000015258789,22.75,24.280000686645508,24.280000686645508,7600
2020-03-05,23.84000015258789,24.280000686645508,21.979999542236328,22.25,22.25,13100
2020-03-06,21.559999465942383,22.770000457763672,21.559999465942383,22.520000457763672,22.520000457763672,8500
2020-03-09,21.6200008392334,22.39999961853028,19.049999237060547,19.71999931335449,19.71999931335449,23800
2020-03-10,20.13999938964844,20.3700008392334,19.049999237060547,20.3700008392334,20.3700008392334,16500
2020-03-11,19.770000457763672,22.299999237060547,19.18000030517578,19.25,19.25,15700
2020-03-12,18.34000015258789,20.18000030517578,15.8100004196167,16.670000076293945,16.670000076293945,24400
2020-03-13,17.940000534057617,17.940000534057617,17.0,17.639999389648438,17.639999389648438,18200
2020-03-16,15.760000228881836,16.709999084472656,15.510000228881836,15.520000457763672,15.520000457763672,39100
2020-03-17,15.09000015258789,16.040000915527344,15.020000457763672,15.529999732971191,15.529999732971191,39200
2020-03-18,14.520000457763672,15.6899995803833,13.859999656677246,13.869999885559082,13.869999885559082,22100
2020-03-19,13.65999984741211,15.039999961853027,13.449999809265137,15.039999961853027,15.039999961853027,22000
2020-03-20,14.739999771118164,16.06999969482422,13.770000457763672,14.609999656677246,14.609999656677246,42000
2020-03-23,14.829999923706056,15.350000381469728,12.859999656677246,13.15999984741211,13.15999984741211,27500
2020-03-24,13.289999961853027,14.949999809265137,13.289999961853027,14.0,14.0,40300
2020-03-25,13.779999732971191,16.81999969482422,13.779999732971191,15.18000030517578,15.18000030517578,21800
2020-03-26,15.100000381469728,19.13999938964844,15.100000381469728,17.459999084472656,17.459999084472656,29800
2020-03-27,16.329999923706055,19.040000915527344,15.289999961853027,15.6899995803833,15.6899995803833,31800
2020-03-30,16.100000381469727,17.3799991607666,15.489999771118164,16.389999389648438,16.389999389648438,27000
2020-03-31,16.100000381469727,16.280000686645508,14.270000457763672,15.5,15.5,33100
2020-04-01,15.699999809265137,16.3700008392334,13.550000190734863,14.010000228881836,14.010000228881836,32200
2020-04-02,12.52866000248093,13.096987080957732,11.112081633385063,11.688891410827637,,31300
2020-04-03,11.324143174842114,12.723756012651984,11.137527860149255,11.31566047668457,,30900
2020-04-06,12.554107432032648,12.57107202120085,11.621031568094962,12.545624732971191,,35200
2020-04-07,12.72375720416386,13.029127085840102,11.883989422838171,12.579554557800291,,30600
2020-04-08,12.55410903495228,12.55410903495228,11.256285844166598,12.16391372680664,,103500
2020-04-09,12.325079903652938,14.148819018058443,12.291149915005867,13.91130828857422,,34500
2020-04-13,13.690763100459865,13.690763100459865,12.316598141466304,13.063057899475098,,36200
2020-04-14,13.495667023818909,13.911309626972914,12.766171793245253,13.029129028320312,,22200
2020-04-15,12.630449942557016,13.105469758497836,11.968813985493114,12.579554557800291,,31500
2020-04-16,12.56259094826614,12.808583574366732,11.595585034135494,12.01122760772705,,44000
2020-04-17,12.426871834274934,13.487185158324156,12.426871834274934,13.470220565795898,,27200
2020-04-20,12.978232164130617,13.351462009565031,12.14694629495831,12.850994110107422,,35600
2020-04-21,12.274186837196648,13.029129379832758,12.12998416544383,12.876444816589355,,26600
2020-04-22,12.723755586487348,13.156363470577022,12.308113098144531,12.308113098144531,,17200
2020-04-23,12.104535120669723,13.046092892020118,12.104535120669723,12.63893222808838,,13700
2020-04-24,12.443836379004416,12.51169636235504,12.12998375376907,12.409906387329102,,28000
2020-04-27,12.808585228045557,14.615358413284978,12.808585228045557,14.411778450012209,,21500
2020-04-28,14.852867451430106,15.226098149630593,13.834966135577703,14.055511474609377,,27400
2020-04-29,14.64080531175863,15.260027851377762,14.309988100876277,15.098859786987305,,39700
2020-04-30,14.564461941502994,15.904697739647585,14.343916605364072,14.57294464111328,,21100
2020-05-01,14.388800526196675,14.388800526196675,12.94135600501787,13.874916076660156,,32600
2020-05-04,13.540892059827192,14.020519196717016,13.164041991528146,13.643669128417969,,24900
2020-05-05,13.874915260859662,14.303153366026953,12.487423081334205,12.864273071289062,,25100
2020-05-06,12.804320621604427,13.155475776658012,12.179093309786968,12.564507484436035,,24900
2020-05-07,12.830016883771844,13.215431941358789,12.470297524690023,12.8814058303833,,30600
2020-05-08,13.018438923623505,13.26681700511108,12.77006084213593,13.104086875915527,,35000
2020-05-11,12.838579776553946,13.532325951675832,12.444600638652515,12.907097816467283,,26600
2020-05-12,13.155474055071116,13.155474055071116,12.658717927544693,12.701541900634766,,27400
2020-05-13,12.6073326315251,12.812886768147909,12.333259632561829,12.718674659729004,,26900
2020-05-14,12.341827377636294,12.538817415620905,11.502480721944588,11.81081199645996,,40500
2020-05-15,11.802243212694837,12.161963324873875,11.613819014353018,11.81937313079834,,11900
2020-05-18,12.33325785291001,13.943434141177018,12.26473981725602,13.849221229553224,,33300
2020-05-19,13.729316358233143,13.729316358233143,12.427471925582426,12.470295906066896,,13900
2020-05-20,12.761498305200629,13.32677342735706,12.735804241357014,13.181172370910645,,13800
2020-05-21,13.361029306819304,13.53232438679404,12.958485256279149,13.027003288269045,,15400
2020-05-22,13.146910252651043,13.249687300635884,12.872837307892096,13.027003288269045,,14600
2020-05-26,13.652231914360485,14.011952843867505,13.121216704363473,13.523760795593262,,11000
2020-05-27,14.011953128989504,14.542967532992405,13.969128332796409,14.42306137084961,,30900
2020-05-28,14.765653553464318,14.817041682191691,13.489503860473633,13.489503860473633,,33400
2020-05-29,13.241124102997944,14.35454349607477,13.164041102560391,14.1746826171875,,18700
2020-06-01,14.363107295569977,14.517273283995944,13.266817092895508,13.266817092895508,,27700
2020-06-02,13.48950159318971,13.48950159318971,12.847144374466389,12.984180450439451,,24100
2020-06-03,13.369592975974664,14.60291832502833,13.095520857695927,14.500142097473145,,29800
2020-06-04,14.251765453275096,14.602920614063802,13.857787129892232,14.42306137084961,,22500
2020-06-05,15.065423384958692,15.57930966691238,14.585796950815,15.3566255569458,,20500
2020-06-08,15.78486097555578,15.939026995398947,15.365187717982243,15.71634292602539,,10600
2020-06-09,15.425139999076825,15.425139999076825,14.560098648071287,14.560098648071287,,8900
2020-06-10,14.817038092253457,14.817038092253457,14.251763912412027,14.354541778564451,,8500
2020-06-11,13.669362330709836,13.669362330709836,12.889968997035949,13.232559204101562,,20300
2020-06-12,13.823529464865702,13.994825409353924,13.266820095677776,13.960565567016602,,20300
2020-06-15,13.275386663274777,13.8749209079592,13.275386663274777,13.832096099853516,,13400
2020-06-16,14.303152869109509,14.500141998579007,13.8235250317942,13.943432807922363,,24700
2020-06-17,14.568662698456992,14.568662698456992,13.83209252537695,13.969128608703612,,21200
2020-06-18,13.703623204869857,14.25176761031291,13.506634013363657,14.020520210266112,,13800
2020-06-19,14.217507534086106,14.414496699714778,13.309642256633593,13.412419319152832,,39900
2020-06-22,13.223994845254513,14.046212196350098,11.905021262955296,14.046212196350098,,19900
2020-06-23,14.037647236584633,14.174683325633977,13.5837149874088,14.046212196350098,,19500
2020-06-24,13.789268621980368,13.789268621980368,12.975615491491276,12.984180450439451,,21600
2020-06-25,12.847147277836942,13.515198707580566,12.761499302598178,13.515198707580566,,15300
2020-06-26,13.249687992403407,13.386724063537862,12.83001400355487,13.266817092895508,,46200
2020-06-29,13.395290327361732,14.166119527798369,13.112653198908149,13.763574600219728,,18800
2020-06-30,13.617973957815783,14.22607303005585,13.283948696229809,14.08903694152832,,17000
2020-07-01,14.046211334748234,14.046211334748234,13.617973174337624,13.857787132263184,,21100
2020-07-02,14.243199858201262,14.345977730877618,13.806398391723633,13.806398391723633,,7600
2020-07-06,14.303155211153964,14.303155211153964,13.583714154176754,13.857787132263184,,8000
2020-07-07,13.712185635520884,13.737880512385043,12.975615501403809,12.975615501403809,,13500
2020-07-08,12.967050805687816,13.189734011408142,12.821449776871026,13.104086875915527,,13500
2020-07-09,12.984181996434206,13.27538410094941,12.050622596711772,12.31613063812256,,28300
2020-07-10,12.324695367274089,12.932793628020471,12.324695367274089,12.92422866821289,,7500
2020-07-13,13.027004953568024,13.11265291290383,12.889968872070312,12.889968872070312,,4700
2020-07-14,12.830016683584333,12.941358718838885,12.530250419560154,12.727239608764648,,12100
2020-07-15,13.104089638854788,13.917742089986383,13.104089638854788,13.480938911437988,,17000
2020-07-16,13.523762045870962,13.617974153890248,13.283948887494905,13.292513847351074,,5200
2020-07-17,13.258252612514031,13.429548524410665,12.975615501403809,12.975615501403809,,6900
2020-07-20,12.881404685974507,12.92422866821289,12.684415511197274,12.92422866821289,,5900
2020-07-21,13.078394677551264,13.249689789705274,12.847145663543705,12.92422866821289,,22300
2020-07-22,12.932794544367717,12.932794544367717,12.44460241913875,12.54737949371338,,17600
2020-07-23,12.727238397088623,12.778627338005856,12.5987672699948,12.607332229614258,,15600
2020-07-24,12.787192297625312,13.052699511432415,12.607332229614258,12.607332229614258,,9900
2020-07-27,12.598766265524254,12.847144357089338,12.316129155012243,12.418906211853027,,16800
2020-07-28,12.341824919432408,12.701545076452328,12.341824919432408,12.461731910705566,,16200
2020-07-29,12.4874244276901,12.77006154222963,12.341823390891014,12.384647369384766,,18100
2020-07-30,12.761498200577035,13.335337461443746,12.547379097770042,12.641592025756836,,21700
2020-07-31,13.079002557470693,13.47743577093895,12.377413332829365,12.879785537719728,,33100
2020-08-03,12.992387337597023,13.382158792518185,12.507337846871888,12.983725547790527,,27200
2020-08-04,12.957738944944447,13.174278699488283,12.741199190400613,12.89710807800293,,23400
2020-08-05,12.940415013477995,13.590034259307954,12.940415013477995,13.56404972076416,,13700
2020-08-06,13.7199585208256,13.953821844401157,13.243570911568185,13.58137321472168,,30200
2020-08-07,14.083747023429687,14.127054317169724,13.425465915763525,13.780591011047363,,15700
2020-08-10,13.771927940772926,15.53889311572872,13.771927940772926,15.32235336303711,,53200
2020-08-11,15.7467710800646,15.980634409467667,15.32235336303711,15.32235336303711,,19200
2020-08-12,15.686143252292942,16.353084564208984,15.625512374124895,16.353084564208984,,34800
2020-08-13,16.24047815764787,16.283785438574853,15.720782526189764,16.214492797851562,,10000
2020-08-14,15.98929340721378,16.656236194509372,15.512906646040978,16.36174201965332,,15200
2020-08-17,16.413714972201657,16.54363850177269,15.790079386952993,16.205835342407227,,25900
2020-08-18,14.845963352440082,15.76409299665224,13.356170605556754,15.408967971801758,,8200
2020-08-19,15.495585139076056,15.816064719929935,13.910514116731704,14.568795204162598,,21900
2020-08-20,14.18768367555626,14.819981000345882,13.780589540803565,14.07508373260498,,16200
2020-08-21,13.867204600633762,14.404222209484908,13.304200803230344,13.806572914123535,,27500
2020-08-24,14.1010678913078,14.1010678913078,13.693972965338752,13.884528160095217,,11300
2020-08-25,13.841218861111145,13.94515865628801,13.676649033142516,13.737279891967772,,4100
2020-08-26,13.8152378532446,13.997131302202863,13.69397610462823,13.728622436523438,,11800
2020-08-27,13.780590648292035,13.94516133389332,13.711297988891602,13.711297988891602,,6300
2020-08-28,13.87586784362793,13.97114421205646,13.815236150757832,13.87586784362793,,5100
2020-08-31,13.823897807030129,14.049098521427368,13.425464630126951,13.425464630126951,,35800
2020-09-01,13.51207889180874,13.78924946976306,13.425462673181276,13.607356071472168,,11500
2020-09-02,13.48609527909919,13.702635027709178,13.451448952362936,13.56404972076416,,13500
2020-09-03,13.607357748253945,13.71129672779481,13.104985600789636,13.295540809631348,,20400
2020-09-04,13.43412590381659,13.65066564762008,12.377411722766158,13.31286334991455,,31100
2020-09-08,13.338846993997237,13.434125003547331,13.122307264704856,13.25223159790039,,12500
2020-09-09,13.252230573429404,13.3648313230808,13.053013608343564,13.191598892211914,,11000
2020-09-10,13.356171908435066,13.364833696723563,13.200263023376465,13.200263023376465,,4900
2020-09-11,13.22624688837101,13.23490784964375,12.732535750350698,13.044353485107422,,28300
2020-09-14,13.122309445623069,13.42546544743011,13.104986693938075,13.2175874710083,,6800
2020-09-15,13.217586147044669,13.286878798911111,13.104985381253302,13.148293495178224,,9800
2020-09-16,13.079000390050192,13.208923901288795,12.524658368296162,12.853798866271973,,16500
2020-09-17,12.853800599253308,13.2175874710083,12.853800599253308,13.2175874710083,,4700
2020-09-18,13.373494435950873,13.373494435950873,13.05301570892334,13.05301570892334,,40100
2020-09-21,12.758522195825714,12.793169350236385,12.186857364587672,12.230165481567385,,25900
2020-09-22,12.342766339094505,12.3947362450297,12.048272132873535,12.048272132873535,,23200
2020-09-23,12.134888151925315,12.26481167540563,11.831732162426428,11.90102481842041,,24100
2020-09-24,12.256148287429696,12.723874067366117,11.901023265297132,12.559304237365724,,26500
2020-09-25,12.66324273629774,12.758519915799589,12.143547903514747,12.386072158813477,,28400
2020-09-28,12.429381593498537,12.801829390201744,12.429381593498537,12.57662868499756,,14600
2020-09-29,12.53332139179859,12.680568492939097,12.3774125021125,12.41205883026123,,11600
2020-09-30,12.412060081335731,12.412060081335731,12.256151175934791,12.377413749694824,,18100
2020-10-01,12.29945769269487,12.429382038926663,12.29945769269487,12.342765808105469,,12600
2020-10-02,12.230166026402728,12.775846342175624,12.230166026402728,12.732538223266602,,9800
2020-10-05,12.992386817932127,13.035694939198644,12.793170616553349,12.992386817932127,,21800
2020-10-06,12.86246328016629,13.243572930037468,12.602615378600904,12.992386817932127,,27000
2020-10-07,13.269554479238868,14.06642075707638,13.269554479238868,13.806572914123535,,15100
2020-10-08,13.953822364778333,14.352254721668976,13.91917521092668,14.144376754760742,,12600
2020-10-09,14.118391224144972,14.404223631807112,14.118391224144972,14.17902374267578,,22700
2020-10-12,14.205008992437804,14.638088544963756,14.205008992437804,14.482179641723633,,6300
2020-10-13,14.438871157496514,14.447532946081363,14.23099318766184,14.248316764831545,,13700
2020-10-14,13.971144126133128,14.282961898879902,13.971144126133128,14.17902374267578,,6100
2020-10-15,14.196346049935654,14.620763778686523,13.754605570028437,14.620763778686523,,10700
2020-10-16,14.508158588083148,14.750683624896592,14.308942478593524,14.629420280456545,,8700
2020-10-19,14.6640732299427,14.6640732299427,14.568795204162598,14.568795204162598,,1300
2020-10-20,14.620763824129114,14.802658081054688,14.620763824129114,14.802658081054688,,4000
2020-10-21,14.71604025655116,14.785332905970767,14.664071182503225,14.690054893493652,,6300
2020-10-22,14.594778337907304,15.660153428011656,14.594778337907304,15.313690185546877,,7000
2020-10-23,15.287704367217188,15.469598596632112,15.15778086167339,15.261720657348633,,13600
2020-10-26,15.261717402851122,15.261717402851122,14.508158588083148,14.629420280456545,,27400
2020-10-27,14.681393985266002,14.750686631039082,14.508161544799805,14.508161544799805,,27300
2020-10-28,14.291621845919131,14.83730122585384,13.962482190922591,14.161698341369627,,37400
2020-10-29,14.031778111623549,15.045184326930444,13.97114558675388,14.681397438049316,,13000
2020-10-30,14.825715761813388,15.044384126038912,14.825715761813388,15.000649452209473,,7500
2020-11-02,15.114359780176745,15.656656455377329,14.99190434681901,15.23681354522705,,13700
2020-11-03,15.28929356826764,15.656656533560453,14.913183667097924,15.114359855651855,,20800
2020-11-04,14.825721099604978,15.45548561472171,13.120106577240575,14.09974193572998,,28600
2020-11-05,13.99477679927118,14.76448878917584,13.71488153021494,14.668275833129885,,9900
2020-11-06,14.458351955923158,14.703259441109996,14.2134428024292,14.2134428024292,,20100
2020-11-09,14.939428126943431,16.706269566636205,14.939428126943431,16.671281814575195,,34500
2020-11-10,16.74125074679341,18.0270218971934,16.496343227332346,17.82584571838379,,17400
2020-11-11,17.685900177470852,17.75587400105729,16.478851303527907,16.846214294433594,,23900
2020-11-12,16.741246983897806,16.916182317027868,15.80534678875801,16.120229721069336,,16500
2020-11-13,16.47010321496019,16.610050852343754,15.761618092167476,16.16396713256836,,13700
2020-11-16,16.749999978219716,17.22232454759304,16.618799265051873,17.11736297607422,,11000
2020-11-17,16.80247725674865,17.38850857275472,16.61879662119662,17.301042556762695,,9300
2020-11-18,17.528459805009778,17.61592583066429,16.93368148803711,16.93368148803711,,11000
2020-11-19,17.13485801546299,17.13485801546299,16.92493652644707,17.064884185791016,,9900
2020-11-20,16.837469391978,17.117364720136184,16.767495559938453,17.108617782592773,,13400
2020-11-23,17.204830762302976,17.40600530140998,16.854961635963058,16.994909286499023,,10600
2020-11-24,17.248561963760164,17.87832799325848,17.09986739216277,17.8608341217041,,15600
2020-11-25,17.834593492218723,18.14072957424348,17.633418972259506,18.12323570251465,,8200
2020-11-27,17.650908567869475,18.062004444060012,17.493467097066752,17.84333610534668,,3400
2020-11-30,17.650910662938767,17.650910662938767,16.39138041532445,16.522581100463867,,15400
2020-12-01,16.92493413554592,16.92493413554592,15.99778060628971,16.78498649597168,,17100
2020-12-02,16.67127507033093,16.968664169311523,16.67127507033093,16.968664169311523,,6100
2020-12-03,16.986158597553814,17.09986541288107,16.522581064865616,16.872451782226562,,8100
2020-12-04,17.056134278109873,17.388509494089575,16.828718954204852,17.36227035522461,,12100
2020-12-07,16.828718954204852,17.36227035522461,16.828718954204852,17.36227035522461,,5800
2020-12-08,16.837468460730364,17.414752960205078,16.837468460730364,17.414752960205078,,10100
2020-12-09,17.38851473664006,17.510970205390112,17.257313997836636,17.336034774780273,,9800
2020-12-10,17.266052103500115,17.40599970907261,16.84620928678264,17.021142959594727,,9200
2020-12-11,16.95991601939065,16.986156820940316,16.452605534246484,16.767488479614258,,5300
2020-12-14,16.88119911091596,17.038640619300228,16.400129318237305,16.400129318237305,,9500
2020-12-15,16.531329379531307,17.02114608909244,16.531329379531307,16.73250389099121,,9500
2020-12-16,16.741248893717398,17.213573346066532,16.723756693054487,17.082372665405273,,14500
2020-12-17,17.056136577837094,17.152351215467952,16.977415814013238,17.143604278564453,,5500
2020-12-18,17.257308740084554,17.467230191875235,16.16396680264928,16.260181427001953,,55700
2020-12-21,16.34765154404573,16.496346136357293,15.88407389311964,16.17271614074707,,14900
2020-12-22,15.97153896575663,16.382634927039636,15.779111388448973,16.00652503967285,,39800
2020-12-23,16.181461827758707,16.347650281223956,16.181461827758707,16.20770263671875,,6700
2020-12-24,16.30391323682249,16.338900977032043,15.945297241210938,15.945297241210938,,3500
2020-12-28,16.225188940784616,16.54007186056836,16.163962077117088,16.43511199951172,,25000
2020-12-29,16.557566724703666,16.68876739308485,15.954041648181798,15.962788581848145,,11600
2020-12-30,16.31266031734912,16.461354877951216,15.919058246325198,16.44386100769043,,26900
2020-12-31,16.216449746524223,16.216449746524223,16.102741241455078,16.102741241455078,,6700
2021-01-04,16.26892716492021,16.496342471360485,15.866576494046717,15.945297241210938,,19900
2021-01-05,15.910313951250956,16.540078370372704,15.875326204923743,16.487598419189453,,14100
2021-01-06,16.776239813531557,18.149477090302344,16.776239813531557,17.913314819335938,,17600
2021-01-07,18.15822427588499,18.15822427588499,17.685899727463884,17.79960823059082,,12600
2021-01-08,17.88707222780458,17.939552166235,16.846210383809467,17.20482635498047,,8500
2021-01-11,17.23981499784552,17.37101736596659,16.854959834166454,17.126108169555664,,20000
2021-01-12,17.12610445025075,18.10573935483808,16.889942240889468,17.493467330932617,,17300
2021-01-13,17.545952664643497,17.84334183423979,17.49347271362873,17.58968734741211,,10400
2021-01-14,17.624672600252485,17.782114114234016,17.54595184326172,17.54595184326172,,6100
2021-01-15,17.222322555327448,17.49347088694909,17.09112185733681,17.23981475830078,,13800
2021-01-19,17.5634439413534,17.5634439413534,17.13485412342468,17.301042556762695,,14400
2021-01-20,17.29229544878447,17.379763132210172,17.161094757799567,17.178586959838867,,16500
2021-01-21,17.161097669209344,17.344778334088492,16.86370849609375,16.86370849609375,,15900
2021-01-22,16.846210972221698,17.85208511352539,16.837464037459917,17.85208511352539,,15700
2021-01-25,17.502219249709498,17.502219249709498,16.77624021543753,17.32728385925293,,10500
2021-01-26,17.231069962208384,17.231069962208384,16.12898106599344,16.645038604736328,,34900
2021-01-27,16.15521947625394,16.478849415963346,15.35926669851503,15.936551094055176,,20200
2021-01-28,16.321408474235536,16.373888420639044,15.919059437962964,16.26892852783203,,15100
2021-01-29,16.53133125414085,17.22232422182603,16.373889733994474,16.846214294433594,,24500
2021-02-01,17.10861683634845,17.432246834324353,16.889948414780523,17.414752960205078,,32100
2021-02-02,17.60717550976657,17.91331154563057,17.406001020141467,17.70339012145996,,17400
2021-02-03,17.895817800322938,18.324409254481363,17.685896374700324,17.948299407958984,,19900
2021-02-04,18.070755390872204,19.374018778829328,18.070755390872204,19.076629638671875,,27400
2021-02-05,19.40295263133815,19.66753767616194,18.591556363103653,19.37649345397949,,15600
2021-02-08,19.21774186174572,19.561702728271484,18.97961433160147,19.561702728271484,,13900
2021-02-09,19.200102839112905,19.94976266430064,18.891419183777888,19.53524398803711,,28400
2021-02-10,19.764551320321463,19.782190770414797,19.04135068840032,19.270658493041992,,12400
2021-02-11,19.350035522879395,19.62344028732993,18.34460867438049,19.402952194213867,,23000
2021-02-12,19.33239918261158,19.376496135454477,18.715031749665563,18.95315933227539,,11200
2021-02-16,19.50878315849173,19.50878315849173,18.75030373774228,19.120723724365234,,7700
2021-02-17,19.041349231477987,19.314753958243266,18.97079311869371,19.244197845458984,,13300
2021-02-18,19.076626096523828,19.46468555080771,18.96197304617584,18.970792770385746,,10300
2021-02-19,18.961972061213928,19.226557045005908,18.961972061213928,19.120723724365234,,18900
2021-02-22,18.961974518390065,19.226559536468137,18.961974518390065,18.99725341796875,,20700
2021-02-23,19.103091178986453,20.18789235954877,18.96197891235352,18.96197891235352,,17700
2021-02-24,19.0942707619546,19.59698340393957,19.05017381104712,19.482330322265625,,18200
2021-02-25,19.402948622846843,20.06441278044389,19.402948622846843,19.49114418029785,,18400
2021-02-26,19.63226046833838,20.046777487423743,19.45586931687742,19.579343795776367,,17200
2021-03-01,19.96740129439545,20.2408077426812,19.852748225449336,20.082056045532227,,18500
2021-03-02,20.099691225386056,20.725876473078795,20.06441233032096,20.302539825439453,,20100
2021-03-03,20.505394500234853,21.016926854888563,20.24080943762427,20.2849063873291,,22200
2021-03-04,20.44365517110003,21.42262279055563,20.44365517110003,21.122758865356445,,33200
2021-03-05,21.440261846829262,22.71027374267578,21.32560877780683,22.71027374267578,,34100
2021-03-08,22.745547248985773,23.539303864753265,22.745547248985773,23.089508056640625,,27100
2021-03-09,23.336460404037584,23.57458796298264,22.013531763930487,22.357494354248047,,55900
2021-03-10,22.55152021858539,23.803892561687835,22.55152021858539,23.689239501953125,,48900
2021-03-11,23.698058371033543,24.244867839544256,23.60104308247596,23.83035087585449,,19800
2021-03-12,24.09493732131218,24.103757046451204,23.592224763721685,24.050840377807617,,15300
2021-03-15,23.98910720470724,23.98910720470724,23.53049152904939,23.883272171020508,,24700
2021-03-16,23.812714205304864,23.812714205304864,23.2923621677248,23.77743530273437,,16900
2021-03-17,23.81271418727213,23.81271418727213,23.44229412151583,23.486391067504883,,27400
2021-03-18,23.62750544803859,23.953826891865376,23.37173844626939,23.662782669067383,,14000
2021-03-19,23.495211970931877,23.53049087524414,22.87784628518389,23.53049087524414,,102500
2021-03-22,23.27472378099045,23.601046915930347,22.61325946725537,22.85138702392578,,24700
2021-03-23,22.88666234421077,23.063051790937596,22.60443620150498,22.93957901000977,,28700
2021-03-24,23.248267109396316,23.962648122547805,22.710275576847607,22.816110610961918,,21200
2021-03-25,22.630897894048456,22.816108768242437,22.33985367647849,22.71027374267578,,18400
2021-03-26,23.433471329348865,23.433471329348865,22.507422127237295,22.763187408447266,,14600
2021-03-29,23.001315893271936,23.001315893271936,22.32221221923828,22.32221221923828,,17500
2021-03-30,22.207564055421138,22.5691644431799,22.207564055421138,22.26930046081543,,11900
2021-03-31,22.17228458263625,22.17228458263625,21.669571943316846,21.81068420410156,,28600
2021-04-01,21.83714025962373,22.163461685180664,21.83714025962373,22.163461685180664,,15900
2021-04-05,22.313395130926374,22.313395130926374,21.881238655166204,22.189922332763672,,12300
2021-04-06,22.18991898947292,22.18991898947292,21.484357846004173,21.57255172729492,,26400
2021-04-07,21.74012771797753,21.74012771797753,21.325610668978985,21.440263748168945,,23800
2021-04-08,21.493178227579072,22.43686691663681,21.457899328231992,21.54609489440918,,17600
2021-04-09,21.77540610140419,22.33103539555156,21.501999635248254,21.66075134277344,,23600
2021-04-12,21.81950516223862,21.87242184247197,21.27269554138184,21.27269554138184,,15800
2021-04-13,21.27269591394776,21.99589672450296,21.27269591394776,21.828325271606445,,27900
2021-04-14,22.04880998333983,22.04880998333983,21.484360986067355,21.510818481445312,,15900
2021-04-15,21.440262503493564,21.66075060483568,21.32560943095958,21.41380500793457,,23900
2021-04-16,21.38734479658819,21.942974044954237,21.299149223875474,21.360885620117188,,29900
2021-04-19,21.36970557283205,21.53727699454894,20.96400828910665,21.44908142089844,,22900
2021-04-20,21.38734100262324,21.44907738791335,20.946364899476368,21.166852951049805,,20000
2021-04-21,21.01692017569724,21.50199319705704,21.01692017569724,21.30796432495117,,22400
2021-04-22,21.26387339368435,21.48436149877957,21.166858089141414,21.202136993408203,,24800
2021-04-23,21.18449268414788,21.89887350985156,21.18449268414788,21.740121841430664,,21200
2021-04-26,21.80185822755205,21.845956847774715,21.696024903398357,21.740121841430664,,17900
2021-04-27,21.696028526764444,22.251657776840627,21.696028526764444,22.234018325805664,,52000
2021-04-28,22.26048298547142,22.26930271316134,21.740130827103457,21.96061897277832,,30800
2021-04-29,22.163463155075643,22.436869611279786,21.60783388115277,22.189922332763672,,18800
2021-04-30,22.622082825695088,23.689246297946355,22.4986100056064,23.336463928222656,,49100
2021-05-03,23.54812824677287,24.14785442737508,23.424653774780435,24.02438163757324,,43700
2021-05-04,23.847997576759767,24.64175452924085,23.812718667578352,24.518280029296875,,36500
2021-05-05,24.96807533834175,24.96807533834175,23.715702694251416,23.98028945922852,,42100
2021-05-06,23.927369557510364,24.139039628750265,23.812716477597007,24.059663772583008,,18600
2021-05-07,24.059660927521232,24.539077638041327,23.553609296775186,23.76668357849121,,21000
2021-05-10,23.7933168053533,24.343759969809263,23.669023897693247,23.76668357849121,,28200
2021-05-11,23.58912180478221,23.873220858805613,23.269509522323915,23.47370719909668,,18400
2021-05-12,23.54473245576676,23.757806750747328,22.96765602852388,23.127460479736328,,36600
2021-05-13,23.66014532935584,24.40590615379846,23.18960693078018,24.03302574157715,,21700
2021-05-14,24.11292636525847,24.40590368136929,23.85546227212529,24.246097564697266,,12300
2021-05-17,24.01526669543364,24.40590368136929,23.98863347156409,24.246097564697266,,13400
2021-05-18,24.12180587457572,25.062884316711077,24.12180587457572,24.858688354492188,,46600
2021-05-19,24.81429959380995,25.40025428069743,24.19283168063168,24.52132225036621,,35900
2021-05-20,24.530198085575982,24.530198085575982,24.024146480528888,24.32600212097168,,37700
2021-05-21,24.468055497721643,24.9119607221749,24.450300575700187,24.867570877075195,,21200
2021-05-24,24.858688354492188,25.382496566002374,24.81429851691896,24.858688354492188,,25700
2021-05-25,24.974106921449497,25.05400999648448,24.08629648182882,24.09517478942871,,36900
2021-05-26,24.2105858603756,24.33487875317307,24.00638990981872,24.05965805053711,,38000
2021-05-27,24.13068158462956,24.62785482408846,24.06853514136764,24.299365997314453,,22800
2021-05-28,24.263856070720173,24.592346635457336,24.024146876995523,24.334880828857425,,17100
2021-06-01,24.326002763911,24.91195744770121,24.326002763911,24.65449333190918,,28100
2021-06-02,24.69888016883023,24.69888016883023,24.290488278471024,24.405902862548828,,17700
2021-06-03,24.254976829836608,24.61010060684138,24.254976829836608,24.53907585144043,,14400
2021-06-04,24.468051484371838,24.849810185722266,24.308245358842463,24.63673591613769,,20000
2021-06-07,24.787664296993825,25.116154861730987,24.25497776428254,24.334880828857425,,42900
2021-06-08,24.379270553588867,24.85868893879453,24.237221037979147,24.379270553588867,,38800
2021-06-09,24.281610501335496,24.281610501335496,23.96199827176046,24.104047775268555,,90100
2021-06-10,24.10404788557516,24.370391975894435,24.05965805053711,24.05965805053711,,80600
2021-06-11,24.219466646936368,24.28161309970097,24.148441887581992,24.25497817993164,,18400
2021-06-14,24.263856733851476,24.263856733851476,24.03302584025585,24.077417373657227,,37500
2021-06-15,24.068537863912187,24.93859155472344,24.024146332729718,24.63673591613769,,58600
2021-06-16,24.627856635590607,24.67224816501689,24.166194889739447,24.43253898620605,,67300
2021-06-17,24.53907542866317,24.7343947726735,23.88209602918233,23.944242477416992,,47700
2021-06-18,23.80219306174765,23.899852734133106,23.2251167201396,23.31389808654785,,88400
2021-06-21,23.42931590225429,24.121808623514504,23.411560981219893,23.704538345336918,,64600
2021-06-22,23.757805001952224,23.91761113476543,23.30502152343609,23.6246337890625,,75700
2021-06-23,23.62463477769692,24.05078335412287,23.589121549646134,23.651268005371094,,60300
2021-06-24,23.77556325194453,24.01527077430196,23.33165804951112,23.89097785949707,,74000
2021-06-25,23.97087861484228,24.38814885519338,23.64238805170696,23.88209724426269,,1167600
2021-06-28,23.88209708604437,24.911956913871624,23.88209708604437,24.778785705566406,,56300
2021-06-29,24.92971728400549,24.974107129009845,24.41478729248047,24.41478729248047,,43000
2021-06-30,24.57459059330339,24.57459059330339,23.88209791535986,24.03302574157715,,63600
2021-07-01,24.157322430052123,25.054011221102037,24.11293258324697,24.982986450195312,,42300
2021-07-02,24.894200024499398,24.9741013884683,24.299367094003475,24.370391845703125,,23900
2021-07-06,24.24610030666957,24.24610030666957,23.52697439368377,23.677902221679688,,49100
2021-07-07,23.553611330085097,23.83771039689852,23.447073333348055,23.633514404296875,,32800
2021-07-08,23.358285419389485,23.429310166230486,22.86999049652805,23.11857795715332,,41800
2021-07-09,23.31390147894931,23.731171760412177,23.31390147894931,23.713415145874023,,21700
2021-07-12,23.464826733239427,23.86434035619337,23.464826733239427,23.740047454833984,,29100
2021-07-13,23.70453453819693,23.882095573570872,23.429312139317258,23.615753173828125,,26900
2021-07-14,23.633514309580992,23.846588608837124,23.47370816179789,23.5891227722168,,27300
2021-07-15,23.5269738208491,24.12180681160135,23.5269738208491,24.068538665771484,,18500
2021-07-16,24.068538960937477,24.10405049413827,23.6246337890625,23.6246337890625,,16900
2021-07-19,23.367168427185,23.597999324215102,22.816726951728786,22.958776473999023,,29000
2021-07-20,22.91438506842719,24.237222310338904,22.91438506842719,23.64238929748535,,29700
2021-07-21,24.05078494479329,24.50356847220352,23.89985710232321,24.09517478942871,,17300
2021-07-22,23.97088208270056,23.98863869805808,23.287267631712467,23.46483039855957,,35300
2021-07-23,23.56248342086304,23.846582412719727,23.26062781867442,23.846582412719727,,7900
2021-07-26,23.64239180054924,24.299373030993728,23.64239180054924,23.970882415771484,,24300
2021-07-27,23.908734874783985,24.219468860369,23.72229380608738,23.89985656738281,,11700
2021-07-28,23.819949682594796,24.27273312741856,23.70453509157558,23.98863410949707,,14300
2021-07-29,23.899854528647506,24.25497832758117,23.890976222003683,24.03302574157715,,15200
2021-07-30,24.28161524401457,24.83205675427962,24.28161524401457,24.485811233520508,,10100
2021-08-02,24.20171221793304,24.681128963500925,24.068540993795512,24.30824851989746,,33800
2021-08-03,24.2549811147906,24.85869248903396,24.11293157889381,24.503568649291992,,19300
2021-08-04,24.414786515225877,24.752153729265206,24.246102061524216,24.30824851989746,,26100
2021-08-05,24.459174275018896,24.94747097974139,24.459174275018896,24.618980407714844,,33100
2021-08-06,24.958556419243003,25.49472337981781,24.958556419243003,25.13727760314941,,26000
2021-08-09,25.173015832874167,25.959392572203164,25.128335975481622,25.50365257263184,,21300
2021-08-10,25.36961454233885,26.10237525490552,25.36961454233885,26.057695388793945,,13000
2021-08-11,25.870037060608464,26.27216095575768,25.870037060608464,26.200672149658203,,11500
2021-08-12,26.2185466383529,26.2185466383529,25.62876352006093,25.99514389038086,,8900
2021-08-13,26.02194917553327,26.07556535026937,25.539398489625945,25.70024871826172,,10700
2021-08-16,25.65556586381585,25.995138930421184,25.29812187614764,25.60194969177246,,12800
2021-08-17,25.548333188336635,25.548333188336635,25.0479116120922,25.110464096069336,,21100
2021-08-18,25.11046722344877,25.58407992079159,25.047914731681047,25.28918838500977,,10600
2021-08-19,25.021105274616765,25.173019196246894,24.824511489624403,24.88706398010254,,14200
2021-08-20,24.949612397396297,25.476842880249023,24.082810576916238,25.476842880249023,,10200
2021-08-23,25.64664026739004,25.64664026739004,25.04792073850335,25.119409561157227,,15300
2021-08-24,25.07472145153695,25.11046670576876,24.85131872587073,24.88706398010254,,10100
2021-08-25,24.90493804586185,25.15514802222788,24.788767667325374,25.021106719970703,,26900
2021-08-26,25.03004232128265,25.226636112033077,24.37770675229356,24.618980407714844,,18900
2021-08-27,25.012173216881138,25.23557598055935,24.81557939843833,25.08366203308105,,16000
2021-08-30,25.056852223017447,25.101532089400617,24.869193034467305,24.931745529174805,,7500
2021-08-31,24.806637863884752,25.378548273150464,24.770892611091917,25.324932098388672,,13600
2021-09-01,25.181957212432444,25.181957212432444,24.70834278840365,24.931745529174805,,11300
2021-09-02,24.89600153409595,25.11046795688994,24.71727866288715,24.735151290893555,,9100
2021-09-03,24.797703981399536,25.021106719970703,24.565364928754207,25.021106719970703,,16600
2021-09-07,25.12834192437665,25.315999415164224,24.85132128879351,25.03898048400879,,12200
2021-09-08,24.878126300497247,24.913869848338862,24.484937047674844,24.583234786987305,,17200
2021-09-09,24.49387463813221,25.012168892071205,24.35089703045439,24.68153381347656,,20200
2021-09-10,24.833447365302032,24.887063541276817,24.41344915762161,24.645788192749023,,12600
2021-09-13,24.65472313361398,24.80663704410837,24.3508953126252,24.71727561950684,,25700
2021-09-14,24.172172463334224,24.681532072232915,24.04706749154897,24.34195899963379,,17500
2021-09-15,24.19898140204281,24.404511485526413,23.99345131855921,24.34195899963379,,19800
2021-09-16,24.41344940114976,24.896000103018874,24.09174893323702,24.225791931152344,,83700
2021-09-17,24.377706708092823,24.449195514093137,23.95770848146685,24.08281517028809,,54200
2021-09-20,23.89515554864579,24.19004708101276,23.743241625642952,24.17217445373535,,16800
2021-09-21,24.3777078799333,24.3777078799333,23.86834819521504,24.056007385253903,,17600
2021-09-22,24.34196143514065,24.49387536083406,24.21685645083816,24.413450241088867,,10900
2021-09-23,24.583242689797853,25.45898119878534,24.574306373857816,25.155153274536133,,49100
2021-09-24,25.181952766015684,25.476844263587044,25.11046396976891,25.360673904418945,,14700
2021-09-27,25.423233534393304,26.25429032949085,25.423233534393304,26.07556915283203,,9900
2021-09-28,26.111309438622747,26.129182065380224,25.63769676054208,25.771738052368164,,17400
2021-09-29,25.870038375082427,26.209609795201896,25.60195406026716,25.92365455627441,,7500
2021-09-30,26.245357762972432,26.290037634509133,25.28025787970024,25.65557289123535,,14300
2021-10-01,25.566211403202324,26.048760459689284,25.342808651910943,25.986207962036133,,13200
2021-10-04,26.013016905785083,26.1291855865084,25.986207962036133,25.986207962036133,,5400
2021-10-05,25.99514654402497,26.191740368715134,25.98621022866252,26.021955490112305,,5900
2021-10-06,26.04876140484097,26.272164164238283,25.977272590010944,26.254291534423828,,8700
2021-10-07,26.272165038386017,26.272165038386017,26.004082399960502,26.11131477355957,,7800
2021-10-08,26.030882936806467,26.22747841181735,25.843225479125977,25.843225479125977,,8700
2021-10-11,26.075568046454347,26.17386579732397,25.727060317993164,25.727060317993164,,11600
2021-10-12,25.709185708804448,25.90577949096804,25.45003773263527,25.852163314819336,,7600
2021-10-13,25.852170199258392,25.878977442257764,25.51259701622398,25.82536125183105,,8000
2021-10-14,25.941520882835704,25.941520882835704,25.476842880249023,25.476842880249023,,9500
2021-10-15,25.61088979926513,25.852165165851044,25.61088979926513,25.646635055541992,,8100
2021-10-18,25.610892599887706,25.637701545026985,25.128343518375427,25.4589786529541,,4800
2021-10-19,25.36961626155166,25.50365927782529,25.021108509866824,25.190895080566406,,15900
2021-10-20,25.02110253471401,25.512587795589244,25.02110253471401,25.40535545349121,,14000
2021-10-21,25.47684751043621,25.70918655395508,25.342806213444288,25.70918655395508,,5300
2021-10-22,25.610889473044654,25.86110115051269,25.476848172569053,25.86110115051269,,6300
2021-10-25,25.79855022113285,26.227483090427267,25.57514747198854,26.07556915283203,,15200
2021-10-26,25.575142909746017,25.91471427792246,25.575142909746017,25.843225479125977,,4600
2021-10-27,25.753866927943708,25.753866927943708,25.1998291015625,25.1998291015625,,17200
2021-10-28,25.51259077456137,25.914716365451465,25.199828319899684,25.54833602905273,,15400
2021-10-29,25.9593998980106,26.45982330504982,25.727062528690418,26.09344291687012,,13100
2021-11-01,26.254284598552264,26.924492699688248,26.20066842770104,26.826196670532227,,13400
2021-11-02,26.94237050986812,27.30875087264521,26.718967766495364,27.08534812927246,,18300
2021-11-03,26.75471628044356,28.49725686821593,26.75471628044356,27.51428604125977,,6300
2021-11-04,27.52321708305876,28.05938400377864,27.13896579923004,27.4249210357666,,17000
2021-11-05,28.09907804986303,28.14402150649487,27.27210576066327,27.442893981933597,,3800
2021-11-08,27.964251148318496,28.081105185908527,27.54177503395336,28.045150756835938,,6300
2021-11-09,27.80244898941288,28.09908028442817,27.209186399382293,27.70357131958008,,8500
2021-11-10,27.5237998197164,28.09908442463561,27.4698656021427,27.83840751647949,,18300
2021-11-11,27.34402167116094,27.766496075420104,27.34402167116094,27.685596466064453,,9100
2021-11-12,27.86537141327316,28.081103115250844,27.12828766956195,27.793460845947266,,26600
2021-11-15,27.802452074386828,28.66537895037008,27.802452074386828,27.865373611450195,,8600
2021-11-16,27.82042616518337,27.95525825595101,27.55076026916504,27.55076026916504,,7600
2021-11-17,27.5507648867512,27.649642569978408,27.137279510498047,27.137279510498047,,6300
2021-11-18,27.110311354243787,27.397953642169465,26.54401581420053,27.353010177612305,,11100
2021-11-19,27.173235290126247,27.64065490652563,26.561994517062967,26.99345970153809,,9200
2021-11-22,27.07435623739456,27.24514276995781,26.76873588562012,26.76873588562012,,7900
2021-11-23,26.822664672998428,27.182217474013893,26.63389838091344,26.65187644958496,,21300
2021-11-24,26.517051455353226,26.570983961308745,25.959743178868,26.319297790527344,,19500
2021-11-26,26.157493890279337,26.76873456364201,25.67209627985022,26.16648292541504,,6800
2021-11-29,26.58896074685035,26.65188228649785,25.663110581296493,25.84288787841797,,8200
2021-11-30,25.752997351084904,25.842885993087947,25.447376996964508,25.717042922973636,,3000
2021-12-01,27.18222204830652,27.18222204830652,25.81591946003993,25.860864639282227,,6300
2021-12-02,25.97772148886145,26.84065016442357,25.66311205803689,26.517051696777344,,8200
2021-12-03,26.382211794251518,26.570976368396263,25.708049661763734,26.20243453979492,,6600
2021-12-06,26.26536125507907,26.26536125507907,25.851875888391945,25.932775497436523,,10700
2021-12-07,25.914795528003587,26.454125643982078,25.57322075942435,25.86985206604004,,11000
2021-12-08,26.13951536644646,26.16648247138565,25.44737510335532,25.77996253967285,,12900
2021-12-09,25.70805120705492,26.40019144948896,25.44737434387207,25.44737434387207,,11400
2021-12-10,25.41142110634279,26.301315010541785,25.39344303608023,25.546253204345703,,15700
2021-12-13,25.79794014837058,26.15749296871546,25.393442153930664,25.393442153930664,,20000
2021-12-14,25.528278534589887,25.699066795867854,25.222658157348636,25.222658157348636,,26500
2021-12-15,25.39344131939077,26.175470178112683,25.39344131939077,25.79793930053711,,14300
2021-12-16,25.78895290428066,26.148505749592108,25.43838737992919,25.63614273071289,,14000
2021-12-17,25.47434175281865,25.63614095059461,25.357486014654636,25.393442153930664,,15800
2021-12-20,25.39344785664389,25.582212486785465,25.20468322650232,25.45636940002441,,12600
2021-12-21,25.54625467461618,26.3192945955658,25.393444497555983,25.717042922973636,,18200
2021-12-22,25.690073009171066,26.05861485808232,25.573218987472668,25.75299453735352,,6400
2021-12-23,25.69906611976709,26.463117042769287,25.690077083674907,25.88783073425293,,6000
2021-12-27,25.68108486937894,26.0855828710512,25.348499147544523,25.77996253967285,,16600
2021-12-28,25.77996456106146,26.33727105763777,25.70805399006828,26.22041702270508,,10400
2021-12-29,26.418169051282156,26.418169051282156,25.995694686802963,26.16648292541504,,11600
2021-12-30,26.29232732631631,26.32828346868887,26.02266311645508,26.02266311645508,,4200
2021-12-31,26.31929470075192,26.43614873568461,26.112550308973688,26.22041702270508,,2300
2022-01-03,26.112548416143785,26.21142608702324,26.04063785036321,26.157493591308597,,11100
2022-01-04,26.21142622394296,27.137276263376872,26.21142622394296,26.66086769104004,,10900
2022-01-05,27.074356505410226,27.281099182338583,26.75974711494176,26.96648979187012,,18700
2022-01-06,27.09233327064526,27.58671995297172,27.09233327064526,27.41593170166016,,8300
2022-01-07,27.13727898702241,28.5485250610303,27.13727898702241,27.685596466064453,,18800
2022-01-10,27.685597877387625,27.85638614078728,27.1552567287914,27.29009056091309,,6300
2022-01-11,27.326041876601977,27.55076261853864,27.26312034317702,27.317052841186523,,5100
2022-01-12,27.029410871252125,27.658629641578123,27.029410871252125,27.26312065124512,,6700
2022-01-13,27.8473949852497,27.8473949852497,27.13727830533448,27.16424369812012,,8000
2022-01-14,27.17323111685925,27.3709864627634,27.14626572567825,27.23615264892578,,2800
2022-01-18,27.2990780633966,28.440658195439028,27.2990780633966,27.865373611450195,,16300
2022-01-19,28.17998210508586,28.33279228210449,27.955261357381,28.33279228210449,,29000
2022-01-20,28.31481390214359,30.013702187637577,28.215936225596717,28.3867244720459,,14200
2022-01-21,28.52155072686252,28.92604867115716,27.955255319332892,28.566495895385746,,28400
2022-01-24,28.548527857562053,28.827181142370204,27.901332633802767,28.269874572753903,,31800
2022-01-25,28.269870459504943,29.36650536545253,28.126049319595435,28.260881423950195,,13400
2022-01-26,28.53054607477959,29.18673196457885,27.901329006545712,28.0900936126709,,9400
2022-01-27,28.34178177842227,28.34178177842227,27.41593166561538,27.60469627380371,,13700
2022-01-28,27.811443743001732,30.103596688967613,27.811443743001732,29.63617706298828,,51900
2022-01-31,29.896847086963646,30.535056623313544,29.67212633684557,30.27437973022461,,24700
2022-02-01,30.274373407696693,30.53505024634564,29.977740433586,30.25639533996582,,16000
2022-02-02,30.166512133919323,30.624940915959066,29.92381333320432,30.184490203857425,,15700
2022-02-03,30.12157026049618,30.75977984819288,30.12157026049618,30.54404640197754,,14300
2022-02-04,30.741146651837425,30.759230093167336,29.95453592383709,30.298110961914062,,16600
2022-02-07,30.587444069960032,30.74114815518527,30.207698681588617,30.60552406311035,,33000
2022-02-08,30.623605172927835,30.677855495438703,30.27098669926637,30.49702453613281,,16900
2022-02-09,30.668806965529576,30.704973841206936,30.30714855594527,30.43372917175293,,11700
2022-02-10,30.56935842136805,30.89485001054006,30.289070260873167,30.307153701782227,,6300
2022-02-11,30.487990004052048,30.86773198249133,30.34332590049457,30.46086311340332,,15900
2022-02-14,30.67785603755093,30.67785603755093,30.0901562716874,30.20769691467285,,9600
2022-02-15,30.334279860246696,30.37948674204352,30.26194953918457,30.26194953918457,,12000
2022-02-16,30.50607592485141,30.73211382057802,30.28907802736546,30.379491806030277,,8400
2022-02-17,30.43373528312294,30.43373528312294,30.05399335944433,30.280031204223636,,7400
2022-02-18,30.36140306795021,30.36140306795021,30.01782459963016,30.12632179260254,,7800
2022-02-22,30.27099070224009,30.35236447223525,29.73754119873047,29.73754119873047,,15800
2022-02-23,29.85507923202261,30.18057428340428,29.448210417795533,29.74658203125,,58400
2022-02-24,29.54766874813707,29.84603692389645,29.33971433495593,29.43012809753418,,14900
2022-02-25,29.64712562666201,30.126324771311968,29.64712562666201,30.117284774780277,,7700
2022-02-28,29.773702753857435,30.08111433556419,29.51149804759448,29.791786193847656,,11200
2022-03-01,29.62000089707828,29.83699876935272,28.96901417838331,28.996137619018555,,16200
2022-03-02,29.01421831799773,29.692331862249095,29.01421831799773,29.403003692626957,,8100
2022-03-03,29.31259015893044,29.565754925887447,29.2040929439856,29.384923934936523,,10900
2022-03-04,29.068470679034217,29.86412147668722,29.068470679034217,29.4753360748291,,23200
2022-03-07,29.457253617973947,29.457253617973947,28.68872287548288,28.932844161987305,,21400
2022-03-08,28.941886858632216,29.47533636060509,28.48981285095215,28.48981285095215,,23300
2022-03-09,28.797222478212607,28.950928285425032,28.489810863787756,28.66160011291504,,12600
2022-03-10,28.480768208867964,28.70680605179549,28.480768208867964,28.688722610473636,,15000
2022-03-11,28.643515996292532,29.421086734996152,28.643515996292532,28.932844161987305,,21500
2022-03-14,28.932842452223557,29.20408716040043,28.779136657714844,28.779136657714844,,21900
2022-03-15,29.195050429066697,29.195050429066697,28.67064094543457,28.67064094543457,,6400
2022-03-16,28.932847232599958,29.55671050938979,28.932847232599958,29.357799530029297,,12800
2022-03-17,29.158881720287123,29.158881720287123,28.99613419755112,29.05038452148437,,9600
2022-03-18,28.89667673378083,29.07750769619405,28.72488921647332,29.014217376708984,,14400
2022-03-21,28.851471076077903,29.28546333479254,28.661600109589727,29.0775089263916,,15300
2022-03-22,29.113677539712334,29.78274768491116,29.113677539712334,29.42108917236328,,12600
2022-03-23,29.755621371603908,29.755621371603908,29.05942440462096,29.656164169311523,,16500
2022-03-24,29.773701546653587,30.171526863117727,29.6561609160147,29.93644905090332,,14900
2022-03-25,30.135369033609148,30.62360818802261,30.135369033609148,30.542234420776367,,50500
2022-03-28,30.623602117244648,30.695935873374868,30.090152737505925,30.243860244750977,,14300
2022-03-29,30.22578033489727,30.56935881850557,29.827954976920733,30.361404418945312,,38100
2022-03-30,30.252908760893856,30.370449423180784,29.710419233370693,29.83699989318848,,13600
2022-03-31,29.77371176227928,30.171537215240875,29.66521453857422,29.66521453857422,,14400
2022-04-01,29.990703197529868,30.099203859402063,29.674251556396484,29.674251556396484,,12800
2022-04-04,29.70137077688288,29.909328624722484,29.30354542040689,29.41204261779785,,23000
2022-04-05,29.393962283350728,29.6561670330662,29.393962283350728,29.42108917236328,,9600
2022-04-06,29.49341731977147,29.49341731977147,29.032301629339635,29.176965713500977,,9100
2022-04-07,29.158882690467088,29.24025645454257,28.851471076077903,29.0775089263916,,41800
2022-04-08,28.94188618446658,29.312588138282912,28.94188618446658,29.158884048461918,,9600
2022-04-11,28.9418836121182,29.27642209975497,28.85146985544345,29.014217376708984,,14900
2022-04-12,28.932850518169804,30.307161331670617,28.932850518169804,29.66521453857422,,21100
2022-04-13,29.565746307373047,30.180569427944626,29.5024559963492,29.565746307373047,,12400
2022-04-14,29.565755303158152,30.081121392052783,29.565755303158152,29.70137596130371,,13000
2022-04-18,29.565755129426897,30.099204659419204,29.565755129426897,29.83699989318848,,17500
2022-04-19,29.94549233349696,30.650732745690117,29.94549233349696,30.64168930053711,,17000
2022-04-20,30.64169534106137,31.871341995430416,30.64169534106137,31.69955444335937,,27000
2022-04-21,31.88942408372889,31.88942408372889,31.31980766826025,31.618179321289062,,19000
2022-04-22,31.545843003932216,31.78996430518193,31.21130793884069,31.319805145263672,,22100
2022-04-25,31.193221914595256,31.328845998197245,30.53319183579726,31.175138473510746,,25400
2022-04-26,30.931016232716424,31.1570540656636,30.49702400734548,30.786352157592773,,27500
2022-04-27,30.74115163415368,31.04856328845779,30.71402819229472,30.87677574157715,,49500
2022-04-28,31.01238956403077,31.25651083414398,30.569357349022884,31.03951644897461,,42100
2022-04-29,31.19322545709252,31.70859151480631,31.00335447773778,31.3469295501709,,31700
2022-05-02,31.193227863997866,31.50967952067354,30.84964931598972,31.419265747070312,,39200
2022-05-03,31.482552637212358,31.81708770185527,31.175141011872803,31.68146705627441,,52800
2022-05-04,31.81708604900172,32.043123895624795,31.383093797373064,31.71763229370117,,47200
2022-05-05,31.47350925673771,31.94366836547852,31.184181105060848,31.94366836547852,,29700
2022-05-06,31.923671943410938,32.22372173643386,31.223551135020056,31.7781925201416,,32900
2022-05-09,31.641793511158724,31.905475961973004,31.178079087745587,31.65997886657715,,39600
2022-05-10,31.73272672468367,31.923667792553346,30.63253504397665,30.7507381439209,,33300
2022-05-11,30.923492367632665,31.55087508693626,30.30520753019956,31.350839614868164,,30000
2022-05-12,31.241726980844515,31.30537399235772,30.24155321556193,30.4143123626709,,43000
2022-05-13,30.68709033209496,30.68709033209496,30.050616653728785,30.30520820617676,,47400
2022-05-16,30.1233611489753,30.9507759743702,30.1233611489753,30.45978164672852,,29500
2022-05-17,30.59616847858665,30.9144035988205,30.477965375998647,30.77801513671875,,35100
2022-05-18,30.650720694187715,30.887126896321465,30.041526766578883,30.17791175842285,,40800
2022-05-19,30.168821233813905,30.55979779252448,29.777844675103324,29.84149169921875,,22300
2022-05-20,29.83240189718309,29.83240189718309,29.359592936700896,29.441425323486328,,29800
2022-05-23,29.54144004307215,30.25065167686347,29.54144004307215,29.886951446533203,,20400
2022-05-24,29.8505843951829,30.09607806349717,29.341404763062705,29.74147224426269,,26800
2022-05-25,29.905139203836505,30.16882171855296,29.732383488247827,30.01424789428711,,32400
2022-05-26,30.159728626060037,30.45069092751685,30.14154673394044,30.26884078979492,,28600
2022-05-27,30.39612767948936,30.914398195283056,30.050612846126203,30.86893653869629,,23100
2022-05-31,30.48705536888754,31.39630250514785,30.48705536888754,31.27810287475586,,37400
2022-06-01,31.405393551254758,32.03277275933924,31.23263439404871,32.01458740234375,,42300
2022-06-02,31.832740919415485,32.16007044553844,31.72363223354203,32.023685455322266,,29700
2022-06-03,32.16006781625222,32.62378576318209,32.02368283718637,32.178253173828125,,82700
2022-06-06,32.45102327785808,32.66014966581547,32.06004680126323,32.169158935546875,,49600
2022-06-07,31.9236634565764,32.0236811838289,30.768919323892103,30.99623107910156,,94200
2022-06-08,30.868944076402723,31.205364579495832,30.068805544786624,30.58707618713379,,51500
2022-06-09,30.58707632604988,30.841664441060065,30.105176403065485,30.114267349243164,,45500
2022-06-10,30.05970763910233,30.141540009395342,29.65054578763728,30.10516929626465,,36500
2022-06-13,29.696012828841056,29.714198188703502,29.014077442261573,29.032262802124023,,41200
2022-06-14,29.19592457180567,29.38686562798352,28.877687743924728,29.295942306518555,,30900
2022-06-15,29.40505349553367,30.077897924705997,29.40505349553367,29.750568389892575,,42900
2022-06-16,29.65054990953053,29.65054990953053,28.859504131480627,29.104999542236328,,52400
2022-06-17,29.205016715357274,29.577807898269743,29.014075651341685,29.359590530395508,,51500
2022-06-21,29.33231301946128,30.25974557568517,29.33231301946128,30.005157470703125,,63100
2022-06-22,29.77784561548769,30.03243371998929,29.423239764645384,29.54144287109375,,59500
2022-06-23,29.986971391081337,29.986971391081337,28.56854628481633,28.6140079498291,,76600
2022-06-24,28.8504082928146,29.72328462270226,27.74112752335292,27.86842155456543,,943900
2022-06-27,28.132104069670024,29.514158260617886,28.132104069670024,29.37777328491211,,102300
2022-06-28,29.60508999538723,30.487057418264925,29.014077929688444,29.159557342529297,,48900
2022-06-29,29.150463922257234,29.150463922257234,28.332140126676677,28.423065185546875,,55500
2022-06-30,28.4412512506092,28.4412512506092,28.24121576927593,28.359418869018555,,94500
2022-07-01,28.250310079694184,28.904969170212617,28.250310079694184,28.741304397583008,,42400
2022-07-05,28.40487992747276,28.85950348918183,28.068459462988745,28.841318130493164,,69400
2022-07-06,28.66856303630517,28.71402469974384,28.24121576927593,28.359418869018555,,23500
2022-07-07,28.523084541682596,28.723118295142815,28.19575500488281,28.19575500488281,,30100
2022-07-08,28.35942146230811,28.38669776916504,28.01390654527437,28.38669776916504,,29800
2022-07-11,28.341234053350533,28.359419412775203,28.077551544446813,28.25030899047852,,31500
2022-07-12,28.21394016885785,28.632193032533305,28.21394016885785,28.295772552490234,,49500
2022-07-13,28.286679760644112,28.450344527260395,27.87751784410341,28.013904571533203,,50000
2022-07-14,27.95025680315378,27.95025680315378,27.1410274056085,27.37743186950684,,43200
2022-07-15,27.64111333321716,28.332141383329,27.513819285703587,28.20484733581543,,62600
2022-07-18,28.5321744204895,28.5321744204895,28.250308293367823,28.26849365234375,,20700
2022-07-19,28.359422859324557,29.0686346205646,28.359422859324557,28.868600845336918,,20800
2022-07-20,29.26866366210475,29.26866366210475,28.586730053607507,28.79585647583008,,21500
2022-07-21,29.06862921624375,29.2322957062768,28.586729362276373,28.814041137695312,,16800
2022-07-22,29.15046351978886,29.168648878162077,28.477619133989805,28.71402359008789,,18200
2022-07-25,28.92314788428034,29.232293751165148,28.904964261493905,29.050443649291992,,21300
2022-07-26,29.18683104206663,29.29594319333036,28.968613676544155,29.1777400970459,,21700
2022-07-27,29.141368491797245,29.36868026391501,28.9686127936486,29.34140396118164,,29500
2022-07-28,29.541440162378183,30.3506695362036,28.959520832050355,30.21428108215332,,34500
2022-07-29,31.969123875639674,32.205526565759854,30.24155321556193,30.4143123626709,,40500
2022-08-01,30.287021890748647,30.323389138375912,29.64145381920552,29.714195251464844,,48800
2022-08-02,29.823300445426348,30.114259203449866,29.586897755220487,29.941503524780277,,23800
2022-08-03,29.97788195684099,30.48705818025893,29.97788195684099,30.26884078979492,,24200
2022-08-04,30.032427354398003,30.12335413566369,29.89604238525256,30.02333641052246,,24200
2022-08-05,30.11298059972488,30.46972906811852,29.975772871351527,30.350812911987305,,27700
2022-08-08,30.597793135298524,31.210662041332476,30.33251995682422,31.119190216064453,,46000
2022-08-09,31.210657391142515,31.7320543942236,31.210657391142515,31.603992462158203,,26000
2022-08-10,31.84182994198556,31.96074261860028,31.457640593785623,31.530820846557617,,14700
2022-08-11,31.62229076528657,31.969889966129447,31.49422882008822,31.905858993530277,,15000
2022-08-12,31.92416528934977,32.729127367974826,31.92416528934977,32.47300338745117,,18600
2022-08-15,32.2443099920244,32.756561279296875,32.107098766500535,32.756561279296875,,20100
2022-08-16,32.68337890016152,33.46090331178697,32.68337890016152,33.305397033691406,,16500
2022-08-17,33.08586789137991,33.17734322132673,32.756567171852524,32.78400802612305,,21800
2022-08-18,32.9669545096621,33.39687633845925,32.70168129248437,33.09501647949219,,20800
2022-08-19,33.040121487900215,33.04927076270546,32.32663158783177,32.89376449584961,,45500
2022-08-22,32.701672795628234,32.701672795628234,32.180275774264615,32.27174758911133,,18000
2022-08-23,32.335779641267635,32.390664825671024,31.79608754095926,31.80523681640625,,11300
2022-08-24,31.44849302714279,31.44849302714279,31.064303700685212,31.192365646362305,,10800
2022-08-25,31.0368610771082,31.54911231994629,31.0368610771082,31.54911231994629,,14500
2022-08-26,31.850978735041316,31.850978735041316,30.75329926584536,30.899656295776367,,14700
2022-08-29,30.77158742082454,30.96368032520586,30.46972764100047,30.76244163513184,,15900
2022-08-30,30.89050694954056,30.89965273623344,30.62523377290336,30.725854873657227,,20000
2022-08-31,30.725855692070876,30.82647679550488,30.37825646823336,30.44228744506836,,16500
2022-09-01,30.3782540162829,30.64352717857465,30.222751224928164,30.55205535888672,,13800
2022-09-02,30.670970502172363,30.95453874917488,30.37825646823336,30.44228744506836,,12000
2022-09-06,30.698412965340346,30.82647491118233,29.6647646333744,30.0580997467041,,19700
2022-09-07,29.728793038275366,30.19530487060547,29.728793038275366,30.19530487060547,,17200
2022-09-08,30.103837532421725,30.350815653110967,29.60988129104324,30.250194549560547,,13800
2022-09-09,30.64352675681522,30.844768944670392,30.359958536603497,30.69841194152832,,17400
2022-09-12,30.73499796619614,31.03686124199714,30.21360093474544,31.00942039489746,,21600
2022-09-13,30.82647491118233,30.82647491118233,29.98491949797936,30.0580997467041,,17800
2022-09-14,30.231897381893656,30.423990299249912,29.984919278395772,30.414844512939453,,22200
2022-09-15,30.570348135665093,30.945391683669477,30.55205656254787,30.68926429748535,,20600
2022-09-16,30.643530475362365,32.27175276907853,30.46058332687786,31.823535919189453,,103200
2022-09-19,31.43019676208496,31.60399461179135,31.02771238887369,31.43019676208496,,19900
2022-09-20,31.137480639716262,31.74120366904309,31.137480639716262,31.603992462158203,,17600
2022-09-21,31.695466603858566,31.695466603858566,30.93623733520508,30.93623733520508,,13700
2022-09-22,30.643522737101524,31.183214769660346,30.49716575315807,31.064298629760746,,30300
2022-09-23,30.68926601814802,31.06430609775348,30.204459046552973,30.478878021240234,,15900
2022-09-26,30.46058299571857,30.55205831367964,30.10383797923687,30.286785125732425,,11100
2022-09-27,30.57949899893378,30.57949899893378,29.353757660298843,29.701356887817383,,16300
2022-09-28,29.8934447399996,30.46057765420036,29.67390750481732,30.14042282104492,,17400
2022-09-29,30.021512002256625,30.021512002256625,29.426934647225877,29.71965217590332,,8400
2022-09-30,29.68306034647741,30.05810040585021,29.55499839782715,29.55499839782715,,16200
2022-10-03,29.99406892531699,30.40569910290749,29.646469720970977,30.277633666992188,,11800
2022-10-04,30.44228396571245,31.30213439538115,30.122129118129088,31.00942039489746,,26200
2022-10-05,30.89050004549332,31.37530688866935,30.89050004549332,31.1557731628418,,15000
2022-10-06,31.14663105914418,31.14663105914418,30.46058190150036,30.561203002929688,,12400
2022-10-07,30.50631845719686,30.570349434105932,30.03066076856558,30.250194549560547,,11800
2022-10-10,30.30507526947112,30.634379381817176,30.05809718521157,30.57034492492676,,9400
2022-10-11,29.628171193066876,31.073449538790097,29.628171193066876,30.67096519470215,,17900
2022-10-12,30.73500104260134,30.73500104260134,30.28678421112058,30.58864402770996,,9100
2022-10-13,30.314224230698613,31.622291542088085,30.29592916815996,31.43934440612793,,27300
2022-10-14,31.21981156072929,31.732059369303148,31.164926371485027,31.320432662963867,,19700
2022-10-17,31.66803018244811,33.77191370370839,31.22895911196631,31.71376609802246,,23900
2022-10-18,31.9515920930226,32.50042994970915,31.30213314841079,31.448490142822266,,30000
2022-10-19,31.439343000962275,31.74120628521885,30.963681864495868,31.46678733825684,,23000
2022-10-20,31.55825641934048,31.55825641934048,30.451431451950477,30.67096519470215,,15700
2022-10-21,30.945389402033708,31.23810340229656,30.606936004071063,30.63438034057617,,71600
2022-10-24,30.945392302516964,31.613146396293693,30.561202960270936,31.12833595275879,,24700
2022-10-25,31.0917470074891,31.722910928576567,30.82647384914064,31.649730682373047,,37200
2022-10-26,31.73206388342895,32.68338636243676,31.69547724148787,32.34493637084961,,23500
2022-10-27,32.16198668961076,32.56446763492006,32.02477545241862,32.28090286254883,,18900
2022-10-28,32.99439407705093,33.60726653803631,31.631444891935452,33.524940490722656,,29100
2022-10-31,33.52493543600773,35.061685761208174,32.91206306742804,34.89703369140625,,28400
2022-11-01,34.915322920555546,35.921530333965656,33.90911899657151,35.427574157714844,,26300
2022-11-02,35.262925730763136,35.78432280736336,34.833003968126555,35.02509689331055,,31400
2022-11-03,34.76896496006744,34.933617014259,33.97314902442555,34.22012710571289,,42700
2022-11-04,34.52176031107308,35.64366912841797,34.52176031107308,35.64366912841797,,18100
2022-11-07,35.570108748041974,35.79081066237049,34.8436243050571,35.7816162109375,,23300
2022-11-08,35.68964853982287,36.3977403909095,35.68964853982287,35.99311447143555,,20200
2022-11-09,35.809195120047015,36.04829290012552,35.597687704127054,35.70804214477539,,14200
2022-11-10,36.31498037800528,36.54488021868955,35.27583211587425,36.18623352050781,,39100
2022-11-11,36.268996978938894,36.268996978938894,34.90799036648305,36.07588195800781,,28400
2022-11-14,36.02070348234337,36.30578053285209,35.85517883300781,35.85517883300781,,15400
2022-11-15,35.34020541047188,36.03909941466942,35.34020541047188,35.818397521972656,,14500
2022-11-16,35.41377500973173,35.90116512752843,35.41377500973173,35.7816162109375,,11000
2022-11-17,35.57010129187923,36.11266502052965,35.55170888487497,36.09427261352539,,12700
2022-11-18,36.26899791317107,36.471310897258576,36.186233829498285,36.22301864624024,,16200
2022-11-21,36.14025271817032,36.41613181366919,36.14025271817032,36.360958099365234,,15500
2022-11-22,36.34257259066634,36.67362897130501,36.32418017974268,36.40694427490234,,19200
2022-11-23,36.29658495435654,36.40693588647921,35.88276457390543,36.02070236206055,,15100
2022-11-25,36.00231170654297,36.048290967017664,35.77241189617678,36.00231170654297,,10200
2022-11-28,35.643662991881634,35.83678148748209,35.35858948864871,35.3953742980957,,15600
2022-11-29,35.40457265446838,35.42296506122206,35.045929492753935,35.27582931518555,,17100
2022-11-30,35.13789151094749,35.340204497353284,34.35623344018677,35.23904800415039,,25000
2022-12-01,35.05512180599133,35.49652901720298,34.94477088018658,35.376983642578125,,28100
2022-12-02,35.33099860001161,35.86436780505132,35.24823804198041,35.79079818725586,,19200
2022-12-05,35.29422218648748,35.52412201194507,34.42979659765145,34.64130401611328,,14300
2022-12-06,34.72406530059511,34.72406530059511,34.21828642686892,34.63210678100586,,30100
2022-12-07,34.33784370454981,34.668900068804746,34.33784370454981,34.46658706665039,,18400
2022-12-08,34.48497947666384,34.51256633768724,34.3102568435264,34.46658706665039,,20200
2022-12-09,34.43899701172214,34.6413064871206,34.20909716986551,34.54015350341797,,16300
2022-12-12,34.57694044077413,34.99995888472776,34.39302334374376,34.871212005615234,,20400
2022-12-13,35.03674063141397,35.404581845998486,34.62292364999864,34.75166702270508,,24100
2022-12-14,34.55854425560262,34.82522539330152,34.438995361328125,34.438995361328125,,20500
2022-12-15,34.23667983941785,34.23667983941785,32.746930028698245,33.013614654541016,,22500
2022-12-16,32.52623550600765,34.33784776460881,32.176790198414864,34.190711975097656,,128600
2022-12-19,33.99758613543059,34.11713151477918,33.09637927176394,33.24351501464844,,32500
2022-12-20,33.0963795889704,33.399845526831335,33.032004412098175,33.317081451416016,,21900
2022-12-21,33.28950205036292,34.071160209222086,33.261911680384074,33.86885070800781,,15100
2022-12-22,33.7676867340051,33.7676867340051,32.9124591217032,33.197532653808594,,33600
2022-12-23,33.05959805063004,33.61135626939156,33.02281323391441,33.5193977355957,,20900
2022-12-27,33.65733409280684,33.86884502585387,33.53778870559789,33.61135482788086,,14100
2022-12-28,33.64813534914407,33.64813534914407,33.142356483515115,33.26190185546875,,12300
2022-12-29,33.21593222372349,33.76769401632634,33.1975398131707,33.71251678466797,,14800
2022-12-30,33.65733409280684,33.92401874056783,33.38145499525788,33.61135482788086,,63100
2023-01-03,33.57457124251397,33.81366904167566,33.00442061896353,33.3262825012207,,24900
2023-01-04,33.42743206225944,33.730901505204685,33.16994538920978,33.24351501464844,,17000
2023-01-05,33.179151622221084,33.179151622221084,32.82050487074004,32.921661376953125,,14700
2023-01-06,32.92165571101346,33.07798942316272,32.50783530590435,33.05959701538086,,65200
2023-01-09,33.1607599575001,33.1607599575001,32.13080596923828,32.13080596923828,,18700
2023-01-10,31.946887429573277,32.26874584388071,31.946887429573277,32.18598175048828,,20600
2023-01-11,32.323915818043226,32.323915818043226,32.03883878081012,32.10321044921875,,15700
2023-01-12,32.29633144650611,32.544623717002935,32.09402195454066,32.43427276611328,,31100
2023-01-13,32.21356713478498,32.756130942584946,32.1308030451886,32.71015167236328,,16700
2023-01-17,32.59979907988969,32.719347982838045,32.54462185360739,32.60899353027344,,13900
2023-01-18,32.44346304676281,32.44346304676281,30.5582851330806,30.76979255676269,,40200
2023-01-19,30.558288176869493,30.558288176869493,29.942158251902665,30.208839416503903,,50500
2023-01-20,30.42034364395448,31.202001571655277,30.20883273797217,31.202001571655277,,23800
2023-01-23,31.238789729028507,31.39511992812093,30.898535458075028,31.11004638671875,,19800
2023-01-24,30.788191323167183,31.293970354521527,30.6042707186764,31.018091201782227,,9300
2023-01-25,31.045674400493347,31.06406680957104,30.83416695808992,31.03647994995117,,7800
2023-01-26,31.275573108354745,31.275573108354745,30.61346394573521,30.733009338378903,,13300
2023-01-27,31.146826623425408,32.296325723132504,31.146826623425408,31.707782745361328,,23000
2023-01-30,31.82733700036424,32.27793875894921,31.60663159249056,31.965274810791016,,23600
2023-01-31,32.2135693414552,32.96764065032443,32.0664335618708,32.921661376953125,,18000
2023-02-01,33.022809512556655,33.36306025885012,32.75612488341103,32.96763229370117,,22900
2023-02-02,33.14236109640268,33.24351758520636,32.62738420248989,33.05959701538086,,18500
2023-02-03,32.6875551639204,33.76109874631118,32.493207578490534,33.65004348754883,,19500
2023-02-06,33.65004392179494,33.77960898042019,33.22432914905966,33.67780685424805,,20300
2023-02-07,33.538992715054846,34.48296783637807,33.538992715054846,34.09427261352539,,19900
2023-02-08,34.140551488296,34.24235364507525,33.47421266602026,33.66856384277344,,10700
2023-02-09,33.81662938336472,33.81662938336472,32.89116062211478,33.04848861694336,,12300
2023-02-10,32.87264816416395,33.36314543822731,32.87264816416395,33.17805099487305,,10700
2023-02-13,33.40942478202488,34.399676190114164,33.178057564613674,34.196075439453125,,23200
2023-02-14,34.25160243205261,34.25160243205261,33.696322504264096,33.7148323059082,,16900
2023-02-15,33.87216462594781,33.89067442994259,33.224339138050986,33.66856384277344,,12900
2023-02-16,33.668557964501815,34.06650985495002,33.33538861153276,33.70557403564453,,24900
2023-02-17,33.77036128157214,34.51073568600686,33.6222864006852,34.29787826538086,,28300
2023-02-21,33.751846066854675,33.927683856461194,33.511222217516206,33.6037712097168,,24100
2023-02-22,33.5204767831355,33.631532036439715,33.15028789827763,33.224327087402344,,14000
2023-02-23,33.50197349513456,33.50197349513456,33.08551180134857,33.24283981323242,,8100
2023-02-24,32.89116037900807,32.992962506854425,32.317367209398284,32.900413513183594,,34400
2023-02-27,32.05823710743998,33.122527587813394,32.05823710743998,32.826377868652344,,8200
2023-02-28,32.761587882577714,33.076247328876185,32.761587882577714,32.78009414672852,,11600
2023-03-01,32.68756146440936,33.0022210335388,32.53948658072397,32.71532440185547,,14300
2023-03-02,33.21507303089817,33.21507303089817,32.576500861293496,32.900413513183594,,17400
2023-03-03,32.82637281834605,33.2428308697062,32.80786302244831,33.159542083740234,,9700
2023-03-06,33.39091301221286,33.816627774846374,32.8541394616361,32.89115905761719,,34000
2023-03-07,32.88190341176708,32.93743280745842,32.46544530042283,32.48395156860352,,21500
2023-03-08,32.40065614227703,32.585750579833984,32.28034775869035,32.585750579833984,,12400
2023-03-09,32.298858601940765,32.298858601940765,30.74407092470087,30.799596786499023,,26100
2023-03-10,30.81811140782436,30.81811140782436,29.66127536751276,30.13326644897461,,32300
2023-03-13,29.17077560399492,29.17077560399492,27.403130421781736,27.958410263061523,,57400
2023-03-14,28.82835409637265,30.114756988025057,28.22679970167048,28.67102432250977,,62900
2023-03-15,27.856611617363946,28.837608064644662,27.856611617363946,28.421146392822266,,31600
2023-03-16,28.124994747638706,29.550217469930647,28.004684586822982,28.9208984375,,43000
2023-03-17,28.809842342799666,28.809842342799666,27.884373562861214,28.365617752075195,,69700
2023-03-20,28.661766505762746,29.059718350050986,28.24530662804996,28.615493774414062,,17100
2023-03-21,29.161521053912043,29.81860479624465,28.856116431473392,29.52245330810547,,20300
2023-03-22,29.772327678523872,29.772327678523872,28.44890886275992,28.50443649291992,,20200
2023-03-23,28.89313242204187,29.152264295694756,27.773316132895975,27.875118255615234,,27600
2023-03-24,27.63450007956996,28.513694416937614,27.63450007956996,28.291582107543945,,17100
2023-03-27,28.8190975189209,29.383634044961,28.069468294232244,28.8190975189209,,17400
2023-03-28,28.735805392623003,29.11524745754187,28.245308060757544,28.661767959594727,,10300
2023-03-29,28.73580677353061,28.893136546925177,28.57847700013604,28.865373611450195,,6900
2023-03-30,29.152267807173057,29.26332484217044,27.782574378291567,27.92139434814453,,14300
2023-03-31,28.967172905220693,28.967172905220693,27.921393931720807,28.236053466796875,,13700
2023-04-03,28.05095791672493,28.63400423017173,27.64375292897496,28.41189193725586,,14800
2023-04-04,28.4304012406766,28.4304012406766,27.36611246098162,27.81033706665039,,18600
2023-04-05,27.71779304527143,27.71779304527143,27.51418876647949,27.51418876647949,,9800
2023-04-06,27.48641959252477,28.00468154192139,27.16250521220512,27.218032836914062,,16600
2023-04-10,27.34760122757753,27.560460384511984,25.91312535168584,26.9218864440918,,26500
2023-04-11,26.977415411362493,27.023689910896707,26.746048209266437,26.894123077392575,,18500
2023-04-12,26.783069154204032,26.783069154204032,26.431390000845884,26.48691940307617,,9000
2023-04-13,26.523936895713582,26.727539405678076,26.2370420486746,26.60722923278809,,16700
2023-04-14,26.931142542175845,26.931142542175845,26.01492863828592,26.477663040161133,,16700
2023-04-17,26.42213432425789,26.95890617370605,26.2648045529442,26.95890617370605,,12200
2023-04-18,27.02369068814919,27.02369068814919,26.616483906494416,26.801576614379883,,16600
2023-04-19,26.884864942201773,27.653003890116352,26.884864942201773,27.45865631103516,,6700
2023-04-20,27.4308954040282,27.4308954040282,26.8385959209783,27.153255462646484,,11000
2023-04-21,26.986666928150328,27.384618748297942,26.83859207858723,26.884864807128903,,9200
2023-04-24,26.74604848761909,26.912633157292607,26.172258808956617,26.20002174377441,,12900
2023-04-25,26.05194641521711,26.37586084885542,25.866853713989254,25.866853713989254,,15600
2023-04-26,25.644737110989013,26.28331101524673,25.644737110989013,26.107471466064453,,21300
2023-04-27,26.70902811995122,26.82008337907428,26.31107628351196,26.634990692138672,,7100
2023-04-28,27.25505709784514,27.708536601878382,26.412880623898864,26.551700592041016,,11700
2023-05-01,26.37585858431729,27.106979722192044,25.274550310578142,25.450389862060547,,21900
2023-05-02,25.36710151175673,27.153256708096063,23.756785894460027,24.10846328735352,,25600
2023-05-03,24.21952102964473,25.246792066975782,24.02517164398045,24.173248291015625,,21000
2023-05-04,23.91411534684706,24.386104674570696,23.368088581354524,23.84933280944824,,27300
2023-05-05,24.27697927000887,24.547761816721984,23.866137583696965,24.295654296875,,16800
2023-05-08,24.034208148274207,25.01462564186613,23.436621563878106,23.69806480407715,,21000
2023-05-09,23.80077824367198,23.80077824367198,23.035119904259066,23.64204406738281,,7500
2023-05-10,24.0342082235281,24.0342082235281,23.37126082700647,23.86613655090332,,15700
2023-05-11,23.698062457988268,23.85679660137249,23.33390839179141,23.56734085083008,,8400
2023-05-12,23.36192092801745,23.67005170271056,22.94174178936852,23.56734085083008,,10100
2023-05-15,23.53933098107825,24.155594381221512,23.352586061262336,23.763427734375,,10600
2023-05-16,23.810110958940264,24.127579247535333,23.71673761859789,23.819448471069336,,8900
2023-05-17,23.922163570548832,24.89324185204369,23.922163570548832,24.809206008911133,,10600
2023-05-18,24.98661320746175,25.64956060468274,24.15559413743868,25.33209228515625,,15700
2023-05-19,25.705581915441343,26.28449339141458,24.94925949868048,24.977272033691406,,17400
2023-05-22,24.86522840703379,25.574863400503343,24.86522840703379,25.490827560424805,,7700
2023-05-23,25.518839893711977,26.424557319383567,25.518839893711977,26.200462341308597,,7800
2023-05-24,25.584200706365277,26.50859315878025,25.584200706365277,26.200462341308597,,16500
2023-05-25,26.097752042519684,26.144437826258606,25.34142952312,25.53751373291016,,13200
2023-05-26,25.50949997935228,25.94835416177357,25.444139172850832,25.817630767822266,,5500
2023-05-30,25.71492039109898,26.265819352713084,25.285403742904467,25.677570343017575,,7800
2023-05-31,25.453476209407487,25.453476209407487,24.799864594717587,24.995948791503903,,12600
2023-06-01,25.276069570966445,25.71492378917328,25.10799789428711,25.10799789428711,,10100
2023-06-02,25.53751142413028,26.826057816884425,25.53751142413028,26.62063789367676,,11900
2023-06-05,26.6486557321186,26.6486557321186,25.462818174553416,25.54685401916504,,7700
2023-06-06,25.733597157972067,27.498347990607986,25.248058933065845,27.34895133972168,,23900
2023-06-07,27.57304789284921,29.21641292752497,27.46099950780258,29.00165367126465,,42100
2023-06-08,29.21641079264028,29.225746524842386,28.572136632834656,28.9362907409668,,8900
2023-06-09,28.609487489492142,28.609487489492142,28.067924144462157,28.105274200439453,,5800
2023-06-12,28.478763439922197,29.263096739432,28.282681005519013,28.58147430419922,,35600
2023-06-13,29.141712553403888,29.393820081768123,28.945630107530803,29.29111099243164,,35300
2023-06-14,29.87936181674352,29.87936181674352,27.77846918900374,28.114612579345703,,16300
2023-06-15,28.133283086272264,28.712196448692545,27.853164808908357,28.189308166503903,,27100
2023-06-16,28.45074782806332,28.684180290068607,27.73177719860777,27.98388290405273,,23600
2023-06-20,27.98388585588336,28.544124179981477,27.657081799362288,28.413402557373047,,15100
2023-06-21,28.394729346032143,28.721535204391483,28.161296844482425,28.161296844482425,,5500
2023-06-22,28.20797992559388,28.301353273443457,27.39563589548409,27.62906837463379,,6000
2023-06-23,27.320938799824788,27.68509291374159,26.695339656382664,27.34895133972168,,59500
2023-06-26,27.1528674725613,27.694430784246453,27.115519199832285,27.311601638793945,,7900
2023-06-27,27.5356956416708,27.955874825902463,27.35828645488981,27.48900985717773,,11900
2023-06-28,27.46099856789781,27.63840776275421,27.14353023223841,27.545034408569336,,7200
2023-06-29,27.63840841897504,27.97455000869357,27.48901176111155,27.82515335083008,,4300
2023-06-30,27.909189586935597,27.909189586935597,27.162206287087848,27.53569793701172,,10400
2023-07-03,27.274248005842853,27.98388290405273,27.274248005842853,27.98388290405273,,3200
2023-07-05,27.965213184906077,28.15195810947567,27.4143123626709,27.4143123626709,,10700
2023-07-06,27.255577670252777,27.264915183442994,26.51793015676254,27.031482696533203,,11200
2023-07-07,27.2462401050424,27.63840675354004,27.2462401050424,27.63840675354004,,34400
2023-07-10,28.21732072012098,28.21732072012098,27.3582890257076,27.853166580200195,,13200
2023-07-11,27.88117724074159,27.918525513135727,26.966120524279575,27.16220474243164,,16700
2023-07-12,27.545031418414524,28.198643045807117,27.29292392376752,27.470333099365234,,10700
2023-07-13,27.93720242494325,27.99322572778906,27.853166580200195,27.853166580200195,,2300
2023-07-14,27.974549097330947,27.974549097330947,27.367624971914488,27.39563751220703,,7300
2023-07-17,27.731780595678,28.23599384928108,27.731780595678,27.93720054626465,,10100
2023-07-18,27.96521328939572,29.32845818954687,27.63840744399212,29.21641159057617,,9400
2023-07-19,29.095021279433467,29.87935447692871,28.99231042851557,29.87935447692871,,9300
2023-07-20,29.77665172630939,30.346227645874023,29.272438408440543,30.346227645874023,,15700
2023-07-21,30.34622312307632,30.34622312307632,29.729961503668186,29.98206901550293,,18400
2023-07-24,30.187491340325444,30.757063624381196,30.187491340325444,30.5329704284668,,5300
2023-07-25,30.44893096275843,31.53205744572604,30.41158091392241,30.869110107421875,,13800
2023-07-26,31.14923231898541,32.19500888637158,31.14923231898541,31.79350471496582,,14100
2023-07-27,31.793509319577957,32.064291904514675,31.40134438572284,31.73748779296875,,11400
2023-07-28,31.746816888611843,31.92422428894178,31.72814186301444,31.89621353149414,,9200
2023-07-31,31.9802560527032,31.9802560527032,30.63568598561724,31.73748779296875,,15500
2023-08-01,31.48537469920436,31.73748221029265,30.90645957215846,31.6347713470459,,8700
2023-08-02,31.466700233140497,32.129647647120215,31.037185308187198,31.662782669067383,,15100
2023-08-03,31.905549629839307,32.717897224121494,31.82151735653112,32.2977180480957,,9200
2023-08-04,32.37103295714988,32.37103295714988,31.7318833297557,31.844676971435547,,7500
2023-08-07,31.04573521433638,32.51202014800555,31.04573521433638,32.23944091796875,,9800
2023-08-08,31.49690046160252,32.408629301543606,31.393511673260136,32.28643798828125,,6600
2023-08-09,32.371036277900494,32.408634162317384,32.15485382080078,32.15485382080078,,6900
2023-08-10,31.797679443836152,31.797679443836152,31.59089469909668,31.59089469909668,,4900
2023-08-11,31.572100084164934,31.572100084164934,31.384114252794006,31.52510452270508,,7300
2023-08-14,31.48750191022991,31.48750191022991,30.547576480073797,31.11153030395508,,9500
2023-08-15,31.026941210871403,31.167931479324395,30.59457631306171,30.80136108398437,,6000
2023-08-16,30.07761304992548,30.79195478222762,30.07761304992548,30.17160415649414,,3400
2023-08-17,30.97054549682135,31.68488728891702,30.35019481916181,30.368993759155277,,7600
2023-08-18,30.237399569365987,30.74496016557348,29.10949012129184,29.278676986694336,,33000
2023-08-21,29.382072304279276,29.908430099487305,29.17528933292468,29.908430099487305,,8100
2023-08-22,29.98362491290092,31.017543384262822,29.28808021577964,30.56637954711914,,39100
2023-08-23,30.829555983095396,30.85775618653123,30.265602111816406,30.265602111816406,,7000
2023-08-24,30.17160758813881,30.434789170420288,29.84263509220108,29.97422409057617,,10300
2023-08-25,29.711044537741067,30.274998382821057,29.64525004199944,29.93662643432617,,7400
2023-08-28,29.936626935095987,30.67916713301389,29.936626935095987,30.37839126586914,,11900
2023-08-29,30.25620063866527,30.34079407732265,29.231683490149823,29.776840209960938,,52900
2023-08-30,29.45726314130791,29.66404609066457,29.0436954498291,29.0436954498291,,15000
2023-08-31,29.27867633714968,29.63584899902344,29.04369498325158,29.63584899902344,,21700
2023-09-01,29.635856045725312,30.8201625661035,29.635856045725312,30.71677017211914,,12800
2023-09-05,30.3219944524169,30.3219944524169,29.60765266418457,29.60765266418457,,8300
2023-09-06,28.63012991735005,29.97422367144025,28.63012991735005,29.015501022338867,,15600
2023-09-07,29.11889188101775,29.77684045538343,29.034298441663143,29.2316837310791,,55200
2023-09-08,29.494861322561608,29.73924216704206,29.19408545020585,29.541858673095703,,8100
2023-09-11,29.889626893489037,29.889626893489037,28.874507536915285,29.184682846069336,,9100
2023-09-12,29.109489943135063,29.485461549624244,29.0436954498291,29.0436954498291,,5900
2023-09-13,29.184684233869387,29.184684233869387,28.67712542782961,28.742919921875,,6900
2023-09-14,28.87450964761753,29.1658878326416,28.771119065518693,29.1658878326416,,8600
2023-09-15,29.17528473249012,29.17528473249012,28.724119186401367,28.724119186401367,,33200
2023-09-18,28.58313550930287,29.48546495935146,28.338754653930664,28.338754653930664,,12900
2023-09-19,28.037976546859166,28.45154425339841,27.97218205115724,28.131969451904297,,13200
2023-09-20,28.977904946259752,28.977904946259752,28.23536468601669,28.2541618347168,,4700
2023-09-21,28.235358803750124,28.2823543548584,28.235358803750124,28.2823543548584,,6300
2023-09-22,28.17896624966994,28.17896624966994,27.96278381347656,27.96278381347656,,6200
2023-09-25,28.04737245393577,28.066171391109982,27.82179058614122,27.84058952331543,,5300
2023-09-26,28.04737345364366,28.14136635009963,27.690200805664062,27.690200805664062,,19600
2023-09-27,27.746597235309476,27.75599670410156,27.746597235309476,27.75599670410156,,4600
2023-09-28,28.009776327801102,28.12256816512088,27.84998893737793,27.84998893737793,,7600
2023-09-29,27.95338255630479,28.207162857055664,27.90638700109856,28.207162857055664,,8900
2023-10-02,28.00038040104293,28.00038040104293,27.85939014739184,27.878189086914062,,5500
2023-10-03,27.502218135831363,27.784195046073425,27.502218135831363,27.52101707458496,,7500
2023-10-04,27.55861478670431,27.87818959332494,27.521018699742484,27.54921531677246,,12200
2023-10-05,28.2071640346544,28.32935355895109,27.93458478333513,28.310556411743164,,12000
2023-10-06,28.037978768169697,28.667728951268856,28.037978768169697,28.338754653930664,,10600
2023-10-09,28.13197107588643,28.601933835476206,28.13197107588643,28.1601676940918,,8800
2023-10-10,28.160167947654983,28.93090838624536,28.150770270012345,28.63953018188477,,8800
2023-10-11,29.09069543094503,29.325676809893643,29.06249702007556,29.2034854888916,,7000
2023-10-12,29.128287469588805,29.128287469588805,28.8181121642114,28.9778995513916,,6400
2023-10-13,28.959102732056635,28.959102732056635,28.08497177310611,28.4327449798584,,9200
2023-10-16,28.33875324882357,28.667727529850385,28.197764783459395,28.5361385345459,,10500
2023-10-17,28.53613993210886,29.27868017553456,28.366953048279644,28.6019344329834,,14400
2023-10-18,28.705324616063766,28.705324616063766,27.887588671146183,28.1225700378418,,8400
2023-10-19,28.197765429413792,28.197765429413792,27.68080711364746,27.68080711364746,,7900
2023-10-20,27.82179394489213,27.92518452630134,27.220240432052883,27.633808135986328,,11000
2023-10-23,26.65628432294458,27.97217949503197,26.65628432294458,27.690200805664062,,8700
2023-10-24,26.787877309834457,27.91578865051269,26.787877309834457,27.91578865051269,,7800
2023-10-25,27.95338190932485,28.056774279704165,26.94766199195856,27.52101707458496,,16200
2023-10-26,28.03797555834445,28.52673721313477,28.03797555834445,28.52673721313477,,6400
2023-10-27,27.79359419473405,28.216561347981912,27.568012310590348,27.821792602539062,,6200
2023-10-30,28.611330768262885,29.598251758765198,28.009777270259068,28.7711181640625,,18200
2023-10-31,28.667725183002958,29.21288185247731,28.667725183002958,28.855710983276367,,6400
2023-11-01,28.846312642770062,29.457263828417585,28.846312642770062,29.21288299560547,,7600
2023-11-02,29.58885696405705,30.528782548374743,29.5042635180472,30.19981002807617,,7200
2023-11-03,31.229754824234547,31.64627645309189,30.9646923230012,31.239219665527344,,15800
2023-11-06,31.4285499395846,31.4285499395846,30.13164816838996,30.48190689086914,,17300
2023-11-07,30.500837965573837,30.500837965573837,30.01804802361484,30.264175415039062,,4500
2023-11-08,30.18844652090006,30.18844652090006,29.847656248049663,30.178979873657227,,6900
2023-11-09,30.1979117542145,30.5387020111084,30.1979117542145,30.5387020111084,,4800
2023-11-10,30.5576347566724,30.74696407811213,30.5576347566724,30.737499237060547,,5800
2023-11-13,30.73749941794071,30.860560408117728,30.586036682128903,30.586036682128903,,5400
2023-11-14,31.70307480418968,33.78568645911702,31.70307480418968,33.41649627685547,,17500
2023-11-15,32.839052113593866,33.21771084734605,32.18586958958654,32.21426773071289,,9500
2023-11-16,32.545585616829186,33.0473052245234,31.6273408001907,32.469852447509766,,5800
2023-11-17,32.981044010420696,33.388100810862284,32.280526564427355,33.21770477294922,,19400
2023-11-20,32.261594972202225,33.028373486281176,32.261594972202225,32.44145584106445,,5300
2023-11-21,31.911332694925328,32.64971664496574,31.38121495876489,31.845067977905277,,7800
2023-11-22,32.18586122691708,32.45092010498047,32.18586122691708,32.45092010498047,,4100
2023-11-24,32.45092373432736,32.45092373432736,32.23319625854492,32.23319625854492,,2600
2023-11-27,31.68414983684862,32.22373618519322,31.68414983684862,32.21426773071289,,8200
2023-11-28,32.22373314945222,32.25213128790324,31.79774301690213,31.97760391235352,,8300
2023-11-29,32.24266564823178,32.8106500701498,32.1669324660257,32.65918731689453,,9800
2023-11-30,33.08517303302508,33.27450235217077,32.79171240779143,33.11357116699219,,8600
2023-12-01,33.369165667768605,34.5524694148526,33.23663622588023,34.06968307495117,,14900
2023-12-04,34.26847879203198,34.779666900634766,33.48276333497695,34.779666900634766,,7500
2023-12-05,34.04127880422919,34.41993741966949,33.70048677256415,33.74782180786133,,14900
2023-12-06,33.937155208315176,34.268482474827294,32.753851280394045,33.2271728515625,,8200
2023-12-07,32.88637760295546,33.51116180419922,32.88637760295546,33.51116180419922,,8100
2023-12-08,33.567966410375895,34.079154595993515,33.530099816369294,34.01288986206055,,4100
2023-12-11,34.0034145124983,34.173810539816586,33.293432269057604,33.70048904418945,,19200
2023-12-12,33.74782850072531,33.74782850072531,32.88638341035535,33.2461051940918,,12800
2023-12-13,33.567956811234765,35.16778564453125,33.47329396444535,35.16778564453125,,19500
2023-12-14,35.57484505962201,35.57484505962201,34.599800330856965,34.89326095581055,,26900
2023-12-15,35.035255746709296,36.67295131011518,34.28741052320284,36.58775329589844,,69500
2023-12-18,36.48362075212126,37.72372072561876,35.9818975248877,37.57225799560547,,20900
2023-12-19,37.37346915695442,37.79945927421193,37.27880629141135,37.54386520385742,,27700
2023-12-20,37.1178666784344,37.94144858895507,36.90960769918437,36.96640396118164,,66500
2023-12-21,37.19360220621016,37.82785124652497,36.161761250868246,37.439727783203125,,22500
2023-12-22,37.43972685163102,38.42423635741891,37.373462135968005,37.53439331054688,,18000
2023-12-26,37.52492982318179,38.49997100648644,36.80548269602778,38.10238265991211,,15200
2023-12-27,38.32010231947071,38.528364903045,37.875179022255054,38.32957077026367,,12700
2023-12-28,38.29170824139679,38.84075927734375,38.29170824139679,38.84075927734375,,9400
2023-12-29,38.81236454732479,38.81236454732479,37.96038436889648,37.96038436889648,,5900
2024-01-02,37.56279472641473,38.471571144515934,37.56279472641473,38.28224182128906,,21000
2024-01-03,38.20651789623708,38.33904735870427,36.701355151782415,36.84334945678711,,14800
2024-01-04,37.03266517712508,37.38292561175973,36.73920822143555,36.73920822143555,,11800
2024-01-05,36.37002123571564,37.20306806185197,35.96296808018926,36.16176223754883,,32200
2024-01-08,35.87777196549298,36.37949161140431,35.129923111701586,36.19963073730469,,31500
2024-01-09,35.69791522443809,36.22803673158877,35.69791522443809,35.972442626953125,,8900
2024-01-10,35.45178241419978,35.70737646721365,35.0731237554037,35.59377670288086,,15000
2024-01-11,35.56537894298622,35.87777288146571,35.10152587277665,35.29085159301758,,11600
2024-01-12,35.69791330639723,35.69791330639723,34.23061710557732,34.53354263305664,,11200
2024-01-16,34.11701678407041,34.26847952937949,33.52063064453484,34.0223503112793,,16900
2024-01-17,34.268474482957025,35.10152126505972,33.79515302217352,34.86486053466797,,18800
2024-01-18,34.26847805766214,35.83043687448924,33.67209194373938,35.309783935546875,,9700
2024-01-19,35.50857983198948,35.868305208347735,34.82699927976355,35.499114990234375,,11300
2024-01-22,35.80203561914697,36.79600998161804,35.69790431820269,36.483619689941406,,13400
2024-01-23,36.90961355606112,37.12734102096405,35.51804713781561,35.59377670288086,,11400
2024-01-24,36.12389850422671,36.62561816322149,35.792574882467264,36.10496520996094,,8800
2024-01-25,35.394981653497894,36.814946172003495,35.394981653497894,36.79601287841797,,12000
2024-01-26,37.3829349531121,37.76158999952732,37.3829349531121,37.44919967651367,,6400
2024-01-29,37.06107594969303,37.56279559840829,36.17122919321652,36.7108154296875,,9600
2024-01-30,35.98189460624246,36.99480581929296,35.98189460624246,36.521484375,,7400
2024-01-31,35.97243790483176,36.25643011342801,34.51460665990567,34.808067321777344,,10600
2024-02-01,34.85538915314475,34.85538915314475,33.558489470743375,33.80461502075195,,17200
2024-02-02,33.435430134862834,34.53353585937344,32.58344999896822,33.331298828125,,17700
2024-02-05,33.00944329402049,33.53956472053194,32.65918636442448,32.67811965942383,,12000
2024-02-06,32.69705063905721,33.340768178824604,32.006001670721496,32.204795837402344,,15300
2024-02-07,31.61353309045769,32.45274337733273,31.25114468055393,31.83287239074707,,31000
2024-02-08,31.81379550750143,32.86281007206931,31.81379550750143,32.66254425048828,,8400
2024-02-09,32.710226517986875,33.835534918340684,32.61486287913234,33.48268508911133,,15400
2024-02-12,33.63527325073497,34.58892430869324,33.63527325073497,34.16931915283203,,15100
2024-02-13,33.49222510484753,33.49222510484753,32.04267501831055,32.04267501831055,,26300
2024-02-14,32.176186168258575,34.07394961087127,32.176186168258575,33.549442291259766,,16400
2024-02-15,33.77831375542885,36.19105305073773,33.77831375542885,35.60932540893555,,20400
2024-02-16,35.47581818194363,36.30549353928333,34.38865661621094,34.38865661621094,,11000
2024-02-20,34.33144180414744,34.50309930419941,34.33144180414744,34.34097671508789,,7800
2024-02-21,33.988121002902616,36.2196644848048,33.15844565285522,33.96904754638672,,9700
2024-02-22,33.7687816135995,34.8654817138552,32.46228076804634,33.56851577758789,,20700
2024-02-23,32.35738234954092,34.31236639119201,32.35738234954092,33.75925064086914,,17500
2024-02-26,33.435003001031575,33.62573027720814,33.10122299194336,33.10122299194336,,3900
2024-02-27,32.662546174843406,33.501760058674805,32.11896540544654,32.72930145263672,,14400
2024-02-28,32.71022786703372,33.16797990061562,31.212996120352354,32.42413330078125,,6100
2024-02-29,32.948641119046975,34.77965291944781,32.73884037410708,33.644805908203125,,24400
2024-03-01,33.778316070910705,33.78785461795878,32.30969632192009,32.50042724609375,,17300
2024-03-04,32.35737594960839,33.20612468485032,31.880550490448687,32.052207946777344,,12300
2024-03-05,32.35738183972044,33.034473241886715,32.35738183972044,32.67208480834961,,5600
2024-03-06,32.36691498818535,32.81513214111328,32.13804077580216,32.81513214111328,,8200
2024-03-07,32.94863889539525,33.120296353781995,32.719764709472656,32.719764709472656,,4700
2024-03-08,33.234731714327445,33.26334371449352,32.80559172861982,33.20612335205078,,4700
2024-03-11,33.2728862774271,33.320568104821085,33.04401205077984,33.09169387817383,,3700
2024-03-12,33.005859375,33.005859375,33.005859375,33.005859375,,3400
2024-03-13,33.05354872724296,33.30149642567438,32.81513593964372,32.92957305908203,,7600
2024-03-14,32.80559501547581,32.80559501547581,31.861478948969523,32.11896514892578,,15200
2024-03-15,31.66120948817957,32.824661071280296,31.66120948817957,32.40505599975586,,39100
2024-03-18,32.424132998726726,32.424132998726726,31.77565004772101,31.95684242248535,,9300
2024-03-19,32.42413519242599,32.62440103669738,31.861480936218296,32.47181701660156,,19700
2024-03-20,32.33830701217011,34.49355678797651,32.33830701217011,34.01673126220703,,16400
2024-03-21,34.11209683179622,34.19792556762695,32.88188616418569,34.19792556762695,,11900
2024-03-22,34.23607012233158,34.23607012233158,33.21566390991211,33.21566390991211,,5400
2024-03-25,33.14890515601015,34.169315011201455,31.480016006867665,33.74970626831055,,12900
2024-03-26,33.806930289293994,34.045343050660115,33.406394958496094,33.406394958496094,,5600
2024-03-27,34.36004284481336,34.97037887573242,33.6352697175694,34.97037887573242,,8300
2024-03-28,35.2850840250651,35.76190948486328,34.56984583536784,35.76190948486328,,27400
2024-04-01,34.56031794986284,34.903629294854774,34.37912191006928,34.40773391723633,,8500
2024-04-02,34.16931465555811,34.16931465555811,33.024932809050654,33.10122299194336,,17100
2024-04-03,32.920034500952106,33.52083567774716,32.79605884652677,33.272884368896484,,14400
2024-04-04,33.377788742936616,34.06441870405906,33.377788742936616,33.75925064086914,,9000
2024-04-05,33.41593376033882,34.17885387493535,33.23473773207272,33.6924934387207,,12900
2024-04-08,33.26334970904239,33.67341995239258,33.06308022334597,33.67341995239258,,9600
2024-04-09,33.4540805611875,33.80693043087789,32.87235283895548,33.6161994934082,,7200
2024-04-10,32.72929600435443,33.368243948443414,32.44320148459498,33.139366149902344,,17800
2024-04-11,32.70069116066264,33.79738754400368,32.42413151873289,32.66254425048828,,18400
2024-04-12,32.71976832293851,32.853278885786104,32.07128532805879,32.47181701660156,,13000
2024-04-15,33.62573158313759,33.62573158313759,31.62306600238881,31.823331832885746,,7200
2024-04-16,31.480014949431887,31.851941860289084,31.480014949431887,31.62306404113769,,9300
2024-04-17,31.64213933140513,31.70889460796968,31.24160403412812,31.35604476928711,,7800
2024-04-18,31.613527414667065,31.78518486022949,31.050873262632287,31.78518486022949,,11100
2024-04-19,31.33697186139508,33.04400799285764,31.33697186139508,32.710227966308594,,9700
2024-04-22,32.71023184548388,33.778320053750114,32.56718636390434,32.9963264465332,,27600
2024-04-23,32.72930346286184,33.568517398237525,32.72930346286184,32.73884201049805,,9900
2024-04-24,32.805599137760474,32.9963264465332,32.805599137760474,32.9963264465332,,10100
2024-04-25,32.70069094947749,32.9677120431944,31.966379303866415,32.31922912597656,,15300
2024-04-26,32.92003243365545,32.92003243365545,31.82333234591914,32.653011322021484,,12700
2024-04-29,32.77698083492242,32.77698083492242,31.60399064941959,31.661211013793945,,13700
2024-04-30,31.661208981904547,31.94730350963687,31.470478084119904,31.537233352661133,,16500
2024-05-01,32.01406702696541,33.85461393472983,31.87101790729637,33.14891052246094,,20800
2024-05-02,33.24427227392156,33.56851373829062,32.786520260322234,33.21566390991211,,11700
2024-05-03,33.44454389207944,33.8546141574117,33.44454389207944,33.66388320922852,,4400
2024-05-06,34.15024751041047,34.15024751041047,33.39686226148301,34.045345306396484,,23800
2024-05-07,34.03579873071472,34.102554001544725,33.28241729736328,33.28241729736328,,10600
2024-05-08,32.91741992480558,33.49373744634247,32.91741992480558,33.41689682006836,,9500
2024-05-09,33.080706369997614,33.570579528808594,32.936628831158124,33.570579528808594,,12700
2024-05-10,33.79150451599861,33.79150451599861,33.464923600934675,33.484134674072266,,2400
2024-05-13,33.49373999451835,33.49373999451835,32.677289499536634,32.70610427856445,,11900
2024-05-14,32.9462368409805,33.02308113638188,32.24504913406245,32.8693962097168,,15200
2024-05-15,32.898206167156644,33.25360182096023,32.898206167156644,33.071102142333984,,5300
2024-05-16,33.33045088479623,33.33045088479623,32.72531488489704,33.13834381103516,,11100
2024-05-17,33.11912661500532,33.29202258301581,32.8982048034668,32.8982048034668,,8300
2024-05-20,32.99426259696013,33.03268474454835,32.18741581829573,32.206626892089844,,10100
2024-05-21,32.41794287331232,33.29202651977539,32.25465425318086,33.29202651977539,,18500
2024-05-22,33.29202610031885,33.6186070006045,33.04228948910623,33.18636703491211,,14600
2024-05-23,33.3016291092138,33.378473396682715,32.94623344001332,32.97505187988281,,14200
2024-05-24,33.359264116310065,33.3880788935897,33.272816120333665,33.378475189208984,,6000
2024-05-28,33.63781920932437,33.63781920932437,32.840576171875,32.840576171875,,6200
2024-05-29,32.66767633145062,32.90780921842262,31.956885037930256,32.17780685424805,,22100
2024-05-30,32.64846872497945,32.92702008741683,32.64846872497945,32.85978317260742,,5500
2024-05-31,33.099918795483994,33.49373661370955,32.475575440029374,32.66767883300781,,14300
2024-06-03,33.35926120572,33.35926120572,32.75412528668321,32.78294372558594,,14600
2024-06-04,32.76373573665385,32.83097266019032,32.427547454833984,32.427547454833984,,11100
2024-06-05,32.46596402802259,32.90780763945787,32.36991234349732,32.686885833740234,,9600
2024-06-06,32.86939487118412,32.94623549931866,32.72531365524275,32.82136535644531,,6000
2024-06-07,32.72530794452175,32.76373008395294,32.34109387848363,32.56201934814453,,10600
2024-06-10,32.39873277087832,32.39873277087832,32.158599853515625,32.158599853515625,,7400
2024-06-11,32.37952672469932,32.37952672469932,31.79360172910775,31.81281280517578,,12900
2024-06-12,32.65807234779736,33.52255219912916,32.65807234779736,33.00386428833008,,9300
2024-06-13,32.75412784829653,32.75412784829653,32.17781032309019,32.46596908569336,,8400
2024-06-14,32.85018330227871,32.85018330227871,31.851229502645097,32.197021484375,,9000
2024-06-17,31.937675983876268,32.97505187988281,31.937675983876268,32.97505187988281,,5500
2024-06-18,32.677289499536634,32.89821135507125,31.985705489767277,32.70610427856445,,9900
2024-06-20,32.3411008972564,34.17571997981346,32.25465656098112,32.33149719238281,,6800
2024-06-21,32.33149829922644,33.013474956865814,32.33149829922644,32.917423248291016,,29400
2024-06-24,32.898207426947714,32.898207426947714,32.850181579589844,32.850181579589844,,6000
2024-06-25,32.66767613137896,33.388074787882914,32.66767613137896,32.85978317260742,,28200
2024-06-26,32.55241531672444,33.877949949827205,32.46596732621476,33.38807678222656,,13800
2024-06-27,33.69545035832862,34.319793701171875,33.69545035832862,34.319793701171875,,6600
2024-06-28,34.4446656503915,35.539671148153694,33.974003528371135,35.530067443847656,,102500
2024-07-01,35.53006454949963,35.53006454949963,34.867295418111674,35.05940246582031,,13800
2024-07-02,35.31875172831864,35.482040361674656,35.08822250366211,35.08822250366211,,4700
2024-07-03,35.357175450562536,35.357175450562536,34.84809112548828,34.84809112548828,,2700
2024-07-05,34.62716637233995,34.77124759016628,33.858741760253906,33.858741760253906,,27700
2024-07-08,34.25255493861042,34.72321701049805,34.09887003712128,34.72321701049805,,10000
2024-07-09,34.07965519990425,34.33899912952997,33.88754817824039,34.04123306274414,,7300
2024-07-10,33.925983703582176,34.23335359388681,33.85874676908667,34.175724029541016,,17100
2024-07-11,34.82887494983622,36.27927974882168,34.82887494983622,36.144805908203125,,25000
2024-07-12,36.48098450464288,37.10533142089844,36.48098450464288,37.10533142089844,,20200
2024-07-15,37.20138803243238,38.46928943780927,37.19178432875497,37.29744338989258,,32800
2024-07-16,37.8257363947782,39.333770751953125,37.8257363947782,39.333770751953125,,25100
2024-07-17,38.91113144703621,40.08298110961914,38.76705391313414,40.08298110961914,,30900
2024-07-18,40.08298174920144,40.812987790180365,39.12245018464602,39.50666427612305,,14700
2024-07-19,39.60272170715631,39.60272170715631,38.88232292932124,39.10324478149414,,10700
2024-07-22,39.10324045796175,39.8044280844964,38.776659568220126,39.67956161499024,,15200
2024-07-23,39.90048373024163,41.70628050851911,39.90048373024163,41.52378082275391,,32200
2024-07-24,41.80233812144987,42.42668149955607,40.83219909667969,40.83219909667969,,26300
2024-07-25,41.40851838477561,42.54194598020876,41.40851838477561,41.77352142333984,,22400
2024-07-26,42.983789832132445,43.9923472964835,42.22496897581469,43.88668823242188,,19800
2024-07-29,44.92406361201811,44.92406361201811,43.52168834790904,43.92510986328125,,15700
2024-07-30,44.14603661111589,44.39577690819254,43.67537812407849,44.11722183227539,,27600
2024-07-31,43.60813809381906,45.36590909660725,43.60813809381906,44.20366668701172,,24000
2024-08-01,44.5494536120972,44.5494536120972,41.41811875658382,42.00404357910156,,29600
2024-08-02,40.22706343355929,41.17798764199407,40.10219330270623,40.81298828125,,24500
2024-08-05,40.21745995284973,40.21745995284973,38.70942552573404,40.00614547729492,,24000
2024-08-06,40.006143963329365,40.006143963329365,38.98797911368685,39.708377838134766,,13600
2024-08-07,40.0829820957697,40.19824485855455,38.97837298546249,39.3433723449707,,9700
2024-08-08,39.61397547086067,39.710617016085045,39.21773923681894,39.67195892333984,,9600
2024-08-09,38.98579804415512,39.49800491810554,38.95680631518101,39.28539276123047,,9600
2024-08-12,39.60431244382711,39.60431244382711,38.31896208809562,38.57989501953125,,14600
2024-08-13,39.07277293009264,39.07277293009264,38.3962710588393,39.03411483764648,,16300
2024-08-14,39.024459844449055,39.45935425353238,38.57023638533544,39.32405090332031,,10400
2024-08-15,40.07786581169272,40.97664628766388,39.633305070838006,40.696380615234375,,21600
2024-08-16,40.68671076059555,41.68213639345545,40.68671076059555,41.51784133911133,,12300
2024-08-19,41.48884964672651,41.48884964672651,41.31489191216524,41.392208099365234,,5700
2024-08-20,41.51784484366485,41.51784484366485,40.7060432434082,40.7060432434082,,6000
2024-08-21,41.18925480288557,41.933406512130205,40.87033474843142,41.324554443359375,,6600
2024-08-22,41.00563434694971,41.21825017412741,40.79301851977201,41.18925476074219,,6400
2024-08-23,41.19891846161694,43.5956647990657,40.74469510990581,43.36371994018555,,24900
2024-08-26,43.85660511248653,43.86626779271897,43.0061454731188,43.054466247558594,,14600
2024-08-27,42.464943374622905,43.31540301720483,40.3098043840418,43.23809051513672,,18800
2024-08-28,42.89017128034164,43.71163543684602,42.89017128034164,43.35405731201172,,13200
2024-08-29,43.48936468167109,43.59567260742188,43.32507329579377,43.59567260742188,,5900
2024-08-30,43.39271937967788,43.95324700349236,43.14144545201302,43.84693908691406,,6800
2024-09-03,43.49901933810492,43.49901933810492,42.56158460148609,42.7548713684082,,8500
2024-09-04,42.99648252303844,43.26708180751401,42.27165985107422,42.27165985107422,,9800
2024-09-05,41.55649950542831,41.93340670177815,41.16026326226071,41.575828552246094,,8200
2024-09-06,41.798110947438985,42.15568913022173,41.121608992464765,41.73046112060547,,19600
2024-09-09,42.0493772645998,42.38763005369984,41.53717042754731,41.65314102172852,,11100
2024-09-10,41.56616196146224,41.65314082835403,39.92323354383316,41.09261322021485,,17200
2024-09-11,40.64805618163904,41.10227587590378,39.9812169736508,41.07328414916992,,8500
2024-09-12,40.94765097671653,41.295566476260895,40.94765097671653,41.16992950439453,,7400
2024-09-13,41.353553955796585,42.010726863213854,41.353553955796585,41.78844833374024,,15100
2024-09-16,42.35863888299613,42.97715364226882,42.35863888299613,42.7645378112793,,10500
2024-09-17,43.31540672746176,43.77929283952175,42.165355971727976,43.141448974609375,,39500
2024-09-18,43.141441823252286,44.44612475337393,42.745205604468346,43.99190139770508,,21300
2024-09-19,44.88101565583539,44.88101565583539,44.11753862528209,44.49444580078125,,21200
2024-09-20,43.85660909027224,44.252845375239154,42.98682032491119,43.41204833984375,,65900
2024-09-23,42.774200622466665,43.14144514439889,42.52293038323226,43.02547454833984,,10600
2024-09-24,42.81285474084242,43.27674076863817,42.05904040650413,42.74520492553711,,18500
2024-09-25,42.45528025581937,42.58091721785094,42.27165983949535,42.416622161865234,,6800
2024-09-26,42.85152045751478,43.07379898830959,42.32964720088047,42.72588348388672,,20900
2024-09-27,42.96748772679189,44.28183344737286,42.96748772679189,43.70197677612305,,60100
2024-09-30,43.92425160617751,44.5814244113576,43.68264406564478,44.05955123901367,,20800
2024-10-01,43.70197600991904,43.70197600991904,40.95731401995564,42.01072311401367,,23100
2024-10-02,42.03971447190255,42.03971447190255,41.26657103503438,41.41153335571289,,8800
2024-10-03,40.928317965219215,41.16992551799298,40.07786203383544,40.62872695922852,,24100
2024-10-04,41.247242091684605,41.83676511584904,40.599731927120175,41.392208099365234,,23800
2024-10-07,41.305233015287165,41.53717422485352,41.2085877724353,41.53717422485352,,11700
2024-10-08,41.73045685087639,41.73045685087639,40.812347412109375,40.812347412109375,,10000
2024-10-09,40.55141084275317,41.2279127290152,40.116516509681965,40.73503494262695,,27500
2024-10-10,40.20349525563636,40.63838958740234,40.10685370930555,40.63838958740234,,12400
2024-10-11,40.599732190757614,42.22333526611328,40.599732190757614,42.22333526611328,,28800
2024-10-14,42.18467743401861,42.87084195429178,41.99139066709476,42.85151290893555,,23500
2024-10-15,42.87084592521751,43.95324675895499,42.87084592521751,43.13178253173828,,22500
2024-10-16,43.24775711338027,43.99190890722507,43.23809443223592,43.66332244873047,,21100
2024-10-17,43.68264794607325,44.368812537346514,43.47969847879054,44.34948348999024,,14900
2024-10-18,44.21417955922937,44.21417955922937,43.296070175316586,43.45069885253906,,13900
2024-10-21,42.522926013525286,42.69688373305714,41.74011627563193,41.90441131591797,,14400
2024-10-22,41.64347922507737,43.47969815732079,41.64347922507737,43.46036911010742,,30000
2024-10-23,43.4700314793755,43.4700314793755,42.426288743792846,42.89983749389648,,17400
2024-10-24,42.83218786548092,43.31540298461914,42.05904441218752,43.31540298461914,,17600
2024-10-25,42.87084904471861,42.87084904471861,41.22791678409829,41.4501953125,,22900
2024-10-28,42.0107198881315,43.36371988897957,42.0107198881315,43.27674102783203,,21400
2024-10-29,42.75487513107012,43.47969780583757,42.45528043164296,42.7645378112793,,12600
2024-10-30,43.044803338161714,43.4796976790821,42.406959533691406,42.406959533691406,,13200
2024-10-31,42.725882985480894,42.725882985480894,41.1022797748732,41.36321640014648,,38400
2024-11-01,41.479187175247496,42.08803930338821,41.37288293782274,41.73046112060547,,17000
2024-11-04,41.61448652768578,41.6724699813357,41.024963504653535,41.43086242675781,,12400
2024-11-05,41.933407232551865,43.05446615570168,41.933407232551865,42.928829193115234,,20900
2024-11-06,45.28692728817573,48.53413388969685,45.28692728817573,48.51480484008789,,71700
2024-11-07,48.52450502304399,48.52450502304399,46.70823652372108,46.73737335205078,,67600
2024-11-08,46.43628647860827,47.53381575433573,46.26145808502347,47.33956527709961,,22100
2024-11-11,48.06801561987269,49.282099626480914,48.05830087296923,49.21410751342773,,37700
2024-11-12,49.175261803349,49.76773541743967,48.990718654972255,49.56376647949219,,33000
2024-11-13,50.010553376258805,50.42819489379003,49.02957135843897,49.05870819091797,,27300
2024-11-14,48.913017974784616,48.913017974784616,47.80577393266172,48.4953727722168,,20800
2024-11-15,48.79646872131647,48.825605553456846,47.82520146233804,48.38853454589844,,21200
2024-11-18,48.14571620767864,48.14571620767864,47.2424373890039,47.65037155151367,,33500
2024-11-19,47.30071693419011,48.6313520607205,46.91220854296971,48.51480102539063,,34400
2024-11-20,48.41766891218218,48.75761465856591,47.84462111036595,48.36910629272461,,17500
2024-11-21,48.78675325712582,49.14612110024283,48.70905380419615,48.80617904663086,,23000
2024-11-22,49.04899732328857,49.233536771464365,48.49537527367058,49.029571533203125,,33500
2024-11-25,48.84503135195406,50.71957745852383,48.84503135195406,49.99112701416016,,43300
2024-11-26,49.72888690484984,49.75802373845743,48.89359642725222,49.466644287109375,,23000
2024-11-27,49.466642371076986,50.34078439635302,48.74790296083996,49.05870819091797,,13400
2024-11-29,49.08784673069546,49.52491772554543,48.5633615368755,48.67991256713867,,13900
2024-12-02,48.709056678531205,49.27238978705785,48.23313407029961,48.73819351196289,,17300
2024-12-03,48.46624134898336,49.27239130789857,48.20399872473167,48.41767501831055,,18900
2024-12-04,48.51480188797552,48.85474395751953,48.0485940332763,48.85474395751953,,19200
2024-12-05,48.88388550884736,49.2821049578912,48.35940027203134,48.65077972412109,,14400
2024-12-06,48.60221536250919,48.60221536250919,47.698936499751866,48.21370697021485,,13500
2024-12-09,48.12629077605564,48.23313076477079,47.61152032689046,47.83491134643555,,19200
2024-12-10,47.59209646935053,48.38853533834874,47.533819099024825,47.69893646240234,,19800
2024-12-11,48.01945124458393,48.825604836135895,48.01945124458393,48.80617904663086,,24400
2024-12-12,48.90330352350971,48.93244405985634,47.66979740251873,48.16514205932617,,17200
2024-12-13,47.893192436308205,47.893192436308205,46.99962458359576,47.592098236083984,,31300
2024-12-16,47.51439237467743,47.73778710398821,47.1161729480082,47.63094711303711,,29100
2024-12-17,47.28128826854911,47.62123031137428,46.93163147873442,47.52410507202149,,20100
2024-12-18,47.417263352133325,47.70864276462946,44.13437925178165,44.63943862915039,,52400
2024-12-19,44.87254637808738,44.87254637808738,43.30880555852655,43.687599182128906,,27700
2024-12-20,43.25052757593548,44.81426837324396,43.00771077399541,44.62001419067383,,88600
2024-12-23,44.41604966463736,44.678292259466815,43.97897867325492,44.202369689941406,,27100
2024-12-24,44.52289040712548,45.39703240471643,44.11495623988622,45.3873176574707,,29600
2024-12-26,45.16392692323911,45.80496315717179,44.73657066898083,45.60099792480469,,26100
2024-12-27,45.40674489138674,45.64956170898774,44.16352397089862,44.55202865600586,,22200
2024-12-30,44.610302271635085,45.08622111922871,44.610302271635085,44.82398223876953,,29700
2024-12-31,45.56214171650345,45.84381007834851,44.58116352829599,44.959957122802734,,121700
2025-01-02,45.34846366176573,45.34846366176573,43.46420665138189,43.73616027832031,,26800
2025-01-03,43.70702432573135,43.9595521693736,42.7454681603255,43.833290100097656,,30600
2025-01-06,43.949843311289655,44.38691431728192,43.59047546418071,43.6390380859375,,20100
2025-01-07,43.65846424626421,43.65846424626421,42.45409120898308,43.0368537902832,,36600
2025-01-08,42.80374515945725,43.2408161399838,42.648342555835626,43.10483932495117,,16400
2025-01-10,42.59977826497517,42.59977826497517,41.06517437248687,41.55080795288086,,27500
2025-01-13,41.2400101840698,42.68720014448416,41.2400101840698,42.36668014526367,,23900
2025-01-14,42.64834487046854,43.68760053329562,42.64834487046854,43.66817474365234,,28000
2025-01-15,44.95025099668181,44.95025099668181,43.92070999470638,44.48404312133789,,23600
2025-01-16,44.45489781228482,44.69771459930511,43.658459047265495,44.11495208740234,,21100
2025-01-17,44.41604645067811,45.00852000667045,43.90127604534909,44.62972640991211,,21600
2025-01-21,45.057088096136745,45.7758275067134,45.057088096136745,45.61071014404297,,33400
2025-01-22,45.71754676974343,45.71754676974343,45.15421372085678,45.25133895874024,,30600
2025-01-23,44.678291177491424,45.90208621863514,44.678291177491424,45.79524993896485,,31300
2025-01-24,45.600996642025486,46.15461866007138,45.50386769713736,46.13519287109375,,14700
2025-01-27,45.93122492099919,47.53381351317944,45.73697074783153,47.26185989379883,,40700
2025-01-28,47.0190473092382,47.281289910707336,46.47513631673659,47.1744499206543,,41300
2025-01-29,47.5823869187399,47.80577795435672,46.54312749334496,47.37841796875,,34900
2025-01-30,47.94175373224112,48.12629318237305,47.11617431776629,48.12629318237305,,24200
2025-01-31,48.46623436657271,51.45773539151638,48.45651961980138,50.175662994384766,,44100
2025-02-03,50.41848470135992,52.24446823767145,50.02997630466703,51.001243591308594,,54700
2025-02-04,51.70054991750339,52.84664545019268,50.74870855571045,52.54555130004883,,45800
2025-02-05,53.29343449304408,53.37113765370805,52.20561617938278,53.23516082763672,,33200
2025-02-06,53.468260770398174,54.76004797681951,53.468260770398174,54.73090744018555,,49200
2025-02-07,54.837746838679465,54.837746838679465,52.74952452020012,53.516822814941406,,36300
2025-02-10,53.39055605703986,53.82762330748723,52.90492248535156,52.90492248535156,,39900
2025-02-11,52.49699021618889,53.85676574707031,52.49699021618889,53.85676574707031,,50200
2025-02-12,53.05061717696767,53.05061717696767,52.13762727825672,52.53584671020508,,46100
2025-02-13,52.90493021967129,52.90493021967129,51.477166124550045,52.08906555175781,,64200
2025-02-14,52.14766073292272,52.58710431938801,51.40548222311058,51.52266693115234,,19700
2025-02-18,51.37618410075809,53.046080066482695,51.37618410075809,52.99725341796875,,36300
2025-02-19,52.63592856890491,53.06560826519862,52.21601271163034,52.91912460327149,,17100
2025-02-20,52.55780158818234,53.573412180522624,51.25899496884467,52.17694854736328,,29900
2025-02-21,52.72381824065328,52.85076677460242,50.61447510647413,50.85861206054688,,21800
2025-02-24,51.35665088975115,51.35665088975115,50.380103052885936,50.49728775024414,,29100
2025-02-25,50.59494400847252,51.52266145936051,50.59494400847252,50.81954956054688,,22300
2025-02-26,50.81954870536815,51.53242815653869,50.341038641446815,50.91720199584961,,28200
2025-02-27,50.70236215744963,51.63985091674293,50.48752416541595,51.15157699584961,,19600
2025-02-28,51.38594393656592,52.30390124813606,51.38594393656592,51.89374923706055,,30500
2025-03-03,52.040234346666665,52.57733490390796,50.48752316013336,51.04415512084961,,29400
2025-03-04,50.37033489562966,50.90743541481578,49.26683489150374,49.41331481933594,,28900
2025-03-05,49.19847778750995,49.462146132930265,48.40747275124902,48.622314453125,,32400
2025-03-06,47.968025754676574,48.18286745765344,47.059836024208735,47.9094352722168,,26200
2025-03-07,47.77271621646429,48.446536577375376,46.96218348588781,47.8117790222168,,27500
2025-03-10,47.05984046670602,47.52858299680466,45.31182261234896,45.56572341918945,,33700
2025-03-11,45.6438439061771,46.40554996631268,45.25322331238579,45.72196578979492,,19100
2025-03-12,45.92704127517287,46.58133023022056,45.22392940100873,46.014930725097656,,23900
2025-03-13,46.561798638478336,47.362567523328245,45.58525085449219,45.58525085449219,,16000
2025-03-14,45.96610758216868,46.386023460992206,45.4973650552752,46.278602600097656,,20900
2025-03-17,45.93680725512614,46.8449969646201,45.93680725512614,46.434844970703125,,26100
2025-03-18,45.91727788646343,47.274678728980085,45.78056179084797,46.87429428100586,,32700
2025-03-19,46.581331265613,47.51881626882603,46.35672571642035,47.48952102661133,,46000
2025-03-20,46.87429732312111,47.997328853248,46.87429732312111,47.421165466308594,,67800
2025-03-21,46.95242609039218,47.01101658182718,46.37626266479492,46.37626266479492,,62000
2025-03-24,47.22585108339108,48.241461665347344,46.97194657528494,47.9094352722168,,22700
2025-03-25,47.62623388108142,48.92504044236636,47.03053916171463,47.18678665161133,,21000
2025-03-26,47.469989623390106,47.98755877043255,46.90359010567749,47.48952102661133,,21000
2025-03-27,47.51881627989064,47.76295323236136,46.70828353480968,47.71412658691406,,23300
2025-03-28,47.67506227294633,47.67506227294633,45.86845037188297,46.522735595703125,,26600
2025-03-31,46.014928634631,46.464143427857664,45.50712336093903,46.044227600097656,,53900
2025-04-01,45.800091188973646,47.177023374195,45.2922859094633,46.65945053100586,,20600
2025-04-02,45.89774372771922,47.74341835817943,45.85868092410755,46.75710678100586,,23700
2025-04-03,44.08136557460753,44.63799750337808,42.977865555626416,43.62238693237305,,28500
2025-04-04,42.40170761139729,43.89582841681037,41.19079031348,43.42708587646485,,46000
2025-04-07,42.69467365822689,44.34503820158432,41.747421041353896,43.35872650146485,,29300
2025-04-08,44.589172620675,44.589172620675,42.72396646241111,43.65168762207031,,21200
2025-04-09,43.4368509582523,47.51882155469896,42.62631812319846,46.19071578979492,,56600
2025-04-10,45.009089265985615,45.04815207292271,42.977868008068185,43.55403137207031,,24800
2025-04-11,43.31966223646231,44.16925780356733,42.58725136562555,43.98371505737305,,17900
2025-04-14,44.13019717509018,44.91143845607309,43.085291245795226,44.62823867797852,,24300
2025-04-15,45.370412863063045,45.42900707598187,44.65753336943907,44.68682861328125,,19900
2025-04-16,44.99932542897259,45.57548506776735,44.54034676052599,45.37041091918945,,20100
2025-04-17,45.35087604571928,46.259065748770894,45.35087604571928,46.24930191040039,,29200
2025-04-21,45.86845342185855,45.95634287682237,44.84307520553578,45.47783279418945,,23000
2025-04-22,46.26883240020537,47.72388642893587,45.96610126341171,47.50904846191406,,36300
2025-04-23,47.83130907363631,50.1554937969628,46.9719459975331,47.51881408691406,,24100
2025-04-24,47.90943763839084,48.759033203125,47.21608585142214,48.759033203125,,19100
2025-04-25,47.81177822851723,47.81177822851723,45.68290377839045,46.76687240600586,,41500
2025-04-28,46.796165436894135,47.02077469301637,46.03445939951355,46.57155990600586,,23000
2025-04-29,46.0735251144728,47.63600009123641,46.0735251144728,47.36256790161133,,19900
2025-04-30,46.04423274300392,47.47975555325444,45.76103297167632,47.01101303100586,,18900
2025-05-01,46.98171246652074,47.303971284278695,46.64968608521114,46.73757553100586,,18400
2025-05-02,47.23561739706414,48.85668664252687,47.23561739706414,48.514896392822266,,15400
2025-05-05,48.387941001562425,48.75903019525787,47.28444098425534,47.51881408691406,,29200
2025-05-06,47.05006995880229,47.88990160316421,46.57155993170051,47.26491165161133,,18600
2025-05-07,47.85084462356201,48.21216628479674,46.61062840771911,47.03054428100586,,20000
2025-05-08,47.411395566758536,47.850842827568776,46.95242062789831,47.46998977661133,,18800
2025-05-09,46.851069468738665,47.52893386896572,46.73318147427857,46.74300765991211,,21200
2025-05-12,48.07907709763605,49.0614857295684,46.44827891853202,46.92966079711914,,57500
2025-05-13,47.05737659575846,48.688174831252674,47.00825316439003,48.42292404174805,,26500
2025-05-14,48.03978892300747,49.11061460035753,45.69182888457442,48.67835235595703,,55700
2025-05-15,48.2755628951217,49.307091280106256,48.12820383874778,49.06148910522461,,50600
2025-05-16,48.894479876032456,49.09096235923101,48.3836269187529,48.5113410949707,,31900
2025-05-19,47.6861217542523,49.061491759441694,47.56823000566511,48.77659606933594,,22500
2025-05-20,48.74711889690848,48.74711889690848,48.29521179199219,48.29521179199219,,11200
2025-05-21,47.8531256117215,48.38362719511019,47.06719942202992,47.14579391479492,,21000
2025-05-22,47.145797381020174,47.66647281729819,46.782303446645,46.88054656982422,,20700
2025-05-23,46.19285720978596,48.70782481382737,46.17320858620848,46.91001510620117,,52800
2025-05-27,47.29315283865641,48.45239537064405,46.81177468835152,48.00048828125,,60800
2025-05-28,48.03978685673017,48.03978685673017,46.91001535439392,47.43069076538086,,57200
2025-05-29,47.79418803476343,48.0201416015625,47.03773283412721,48.0201416015625,,48000
2025-05-30,47.94154228886259,48.34432969317483,47.45033795445295,47.912071228027344,,60500
2025-06-02,47.882601248019725,48.13802585873796,46.49740514362093,47.16543960571289,,54600
2025-06-03,47.0377292947251,47.92189487033168,46.566173571549896,47.25385665893555,,43000
2025-06-04,47.20473507436909,47.538754166627,46.12408705402433,46.18302917480469,,45800
2025-06-05,46.595641197894665,46.595641197894665,45.809715050544526,45.97672271728516,,28200
2025-06-06,46.438458871736046,47.21456263033724,46.17320807774861,47.15561676025391,,55000
2025-06-09,47.057378038481616,47.58787588616366,46.64476443740474,47.3422737121582,,85900
2025-06-10,47.50928719608452,48.47204731015638,47.50928719608452,48.24609375,,43300
2025-06-11,48.560459644272,48.74711593777404,47.92189252569457,48.31485748291016,,52600
2025-06-12,47.92189636164122,48.24609303943341,47.26368431534832,48.05943298339844,,32300
2025-06-13,47.54858332117022,47.86295381026954,46.75283091261716,46.76265335083008,,38400
2025-06-16,47.224382603862566,47.224382603862566,45.986549377441406,45.986549377441406,,32500
2025-06-17,45.68200047481933,46.2812703279746,45.68200047481933,45.96689987182617,,43800
2025-06-18,45.69182972091321,46.92966685560033,45.62306140760748,46.3795166015625,,66600
2025-06-20,46.752826529808665,46.99842868561821,46.20267635166235,46.3205680847168,,83600
2025-06-23,46.25180363416663,48.29521179199219,46.24197744846438,48.29521179199219,,56600
2025-06-24,48.33451272297516,49.42498706833252,48.33451272297516,48.55064010620117,,47900
2025-06-25,47.892421465560446,48.442571656143954,47.87277284294051,48.31485748291016,,64600
2025-06-26,48.28539200701176,49.83759589758437,48.14785163276557,49.729530334472656,,51400
2025-06-27,49.88671300366561,50.57439984893085,49.680408074363584,50.014427185058594,,102500
2025-06-30,50.24038126619094,50.46633482174264,49.65093753410756,49.76882553100586,,68400
2025-07-01,50.76105496207222,51.93012369584137,50.60386972235432,51.36032485961914,,59700
2025-07-02,51.44874223967262,52.57851373646277,51.1049006959148,52.313262939453125,,99800
2025-07-03,52.46062384085906,54.03247619476092,52.40167797224088,53.72792816162109,,57400
2025-07-07,53.44303683382258,53.97353470404949,52.62763578262787,52.79464721679688,,83300
2025-07-08,53.0402476294252,53.246552558043575,52.63746021029759,52.755348205566406,,48600
2025-07-09,53.25637387217432,53.26620005766788,52.519567359008896,52.90270614624024,,41300
2025-07-10,52.44097859601244,53.15813651290092,51.193319070162566,52.77499771118164,,34800
2025-07-11,52.588337349232106,52.588337349232106,51.664874505659135,51.91047668457031,,88200
2025-07-14,52.14625782217514,53.31532287597656,51.92030051364303,53.31532287597656,,33700
2025-07-15,53.364440888694695,53.79669937245819,51.48804040034286,51.733642578125,,61000
2025-07-16,51.82206074171887,52.382033420542406,50.93789138168595,52.36238479614258,,51900
2025-07-17,52.490097879422215,53.34479241112336,52.490097879422215,53.10901641845703,,29300
2025-07-18,53.52162620939112,53.81634807363433,52.4311519388586,52.76517105102539,,26400
2025-07-21,53.06971969693183,53.37426775037143,52.6571060842849,52.8634147644043,,19800
2025-07-22,53.05006918047256,53.531451086791286,52.73569869995117,52.73569869995117,,29400
2025-07-23,53.11883724357326,53.11883724357326,52.24449411443615,52.55886459350586,,20700
2025-07-24,52.20519761912677,52.20519761912677,50.59404795380476,50.6038703918457,,37800
2025-07-25,50.67264472457483,50.67264472457483,47.49946118919663,47.7352409362793,,56300
2025-07-28,47.45034300708451,48.629234284717285,46.762656116166056,47.94154739379883,,45600
2025-07-29,47.95136667375074,48.05942847528642,46.92966079711914,46.92966079711914,,42900
2025-07-30,47.06719727891999,47.84330099547347,46.65458745346616,46.84124374389648,,61900
2025-07-31,46.536700672983685,47.05737985028484,45.69182856226097,46.78230285644531,,46900
2025-08-01,46.7823014902588,46.890367047440776,45.092561065750886,46.06514358520508,,87900
2025-08-04,46.67423902158191,47.40122316044425,45.799895815750105,46.133914947509766,,42000
2025-08-05,46.11426339069737,46.29109725789222,45.2595688643168,46.15356063842773,,42300
2025-08-06,45.8097189708046,46.18303158049823,45.8097189708046,46.06514358520508,,24300
2025-08-07,46.18303045130097,46.36969049917566,45.73112335740005,45.86865997314453,,37200
2025-08-08,46.12408573699739,46.458104819717725,45.947251884522416,46.40898513793945,,26500
2025-08-11,46.58691526505007,46.90322755721556,46.40898912936448,46.74507141113281,,17500
2025-08-12,47.16022962209684,48.89995099021196,47.16022962209684,48.84064102172852,,30100
2025-08-13,49.42384192711526,49.631421158231575,49.21626269599896,49.453495025634766,,24800
2025-08-14,48.82086836340417,49.44360980084797,48.54409606709125,49.23603057861328,,25500
2025-08-15,49.423841349253934,49.423841349253934,48.435364522268856,48.96914291381836,,124500
2025-08-18,48.5935189573824,48.73190510498247,48.37605285644531,48.37605285644531,,16800
2025-08-19,48.68248278741196,49.56222654309455,48.4551335740915,48.90983200073242,,33300
2025-08-20,49.35464514637824,49.364528254896456,48.62317068162309,49.21625900268555,,21600
2025-08-21,48.86041311390829,49.117415446916674,48.42548463853254,48.77145004272461,,18900
2025-08-22,49.11741093306594,51.74675907551097,49.11741093306594,51.47987365722656,,47000
2025-08-25,51.29206130171825,51.77641659995473,50.7286298191055,50.91643905639648,,17700
2025-08-26,51.23275667418865,51.71710821650975,51.12402361794598,51.460105895996094,,25100
2025-08-27,51.27229255465142,52.27065627310137,51.27229255465142,51.88515090942383,,24300
2025-08-28,51.68745371412187,52.05318908094589,51.16355843652011,51.77641677856445,,19700
2025-08-29,51.83572584909756,52.00376887824842,51.50953044187767,51.71710968017578,,23200
2025-09-02,51.193219002049005,51.33160516323319,50.76817363798893,51.203102111816406,,31000
2025-09-03,50.92632650280679,51.34148495956621,50.34312502492581,51.1141357421875,,24100
2025-09-04,51.38102739261407,51.875265828984816,51.04494510505236,51.71710968017578,,18100
2025-09-05,52.08284341735537,52.85385791777205,50.98563729079222,51.41067886352539,,26500
2025-09-08,51.66768183182378,51.76652800169767,50.93620735424207,51.65779495239258,,18800
2025-09-09,51.46010662042266,51.46010662042266,51.02517438932924,51.18333053588867,,14800
2025-09-10,51.15367430758712,51.37114040983097,50.69897588538611,51.14379119873047,,18900
2025-09-11,51.143793408604935,51.93457412719727,51.12402341929764,51.93457412719727,,23700
2025-09-12,51.25252443039277,51.44033744980623,50.97575211219191,51.19321823120117,,19100
2025-09-15,51.1042509791879,51.40079326309628,50.98563481977249,51.33160018920898,,21600
2025-09-16,51.13390761113536,51.13390761113536,50.155317629515885,50.42220306396485,,18900
2025-09-17,50.41231701850823,52.22123138030391,50.41231701850823,50.718746185302734,,35100
2025-09-18,51.598488457233145,52.19157301448998,50.778050923263535,52.08283996582031,,37200
2025-09-19,51.88515111758077,51.88515111758077,50.955980472435485,51.69733810424805,,109200
2025-09-22,51.23275657197266,51.460105793326505,50.50128204917947,50.88678741455078,,47200
2025-09-23,51.27229110941721,51.63803024426759,50.62978344497857,51.104251861572266,,31200
2025-09-24,50.807708740234375,51.074594156470255,50.55070266207725,50.807708740234375,,37400
2025-09-25,50.61989727331525,51.2030987505497,50.53093420828831,50.82747650146485,,31900
2025-09-26,50.92632404521662,51.33159937328879,50.639664874674445,51.32171249389648,,30100
2025-09-29,51.29206375820215,51.29206375820215,50.1157776500642,50.42220306396485,,36800
2025-09-30,50.234394499874206,50.91644218634833,49.918082201445046,50.6693229675293,,125900
2025-10-01,50.37277800128727,50.619897207067616,49.315108102206594,49.44361114501953,,56500
2025-10-02,49.20637563310641,49.40407175422805,48.66271412807684,49.11741256713867,,34700
2025-10-03,49.40407173142611,50.12565936805813,49.226145599572746,49.64130783081055,,26500
2025-10-06,50.0169261709864,50.926326816849,49.83900003963807,50.402435302734375,,31000
2025-10-07,50.48150988331598,51.34148364366175,49.54245616900108,49.572113037109375,,32300
2025-10-08,49.71049735538348,49.95761654632803,49.40406820114598,49.74015045166016,,18700
2025-10-09,49.72038205079728,50.05646431203802,48.4353629710202,49.75992202758789,,21800
2025-10-10,49.60176748674466,49.66107745383845,48.15859222412109,48.15859222412109,,20800
2025-10-13,48.86040845481212,49.176720728694285,45.53912580830958,48.47490310668945,,45500
2025-10-14,47.83239244762601,50.32335447251363,47.83239244762601,50.10588836669922,,31000
2025-10-15,50.3233540841367,50.3233540841367,48.89006196010658,49.43372344970703,,32400
2025-10-16,49.285452959365934,49.384299129281146,46.3595625892953,47.13057327270508,,48100
2025-10-17,47.43700636428564,48.35628637875973,47.43700636428564,47.99055099487305,,40500
2025-10-20,48.19812847938556,49.255802154541016,48.17836226107448,49.255802154541016,,26900
2025-10-21,48.998793676419794,49.245912871386906,48.8208675543843,49.22614288330078,,19600
2025-10-22,49.394188307157656,49.7105005904928,48.89006301320863,49.255802154541016,,26100
2025-10-23,48.78133123037909,49.56222884991703,48.58363887619628,49.17672348022461,,34900
2025-10-24,49.38430205238133,50.16519966144845,49.38430205238133,50.02681350708008,,10700
2025-10-27,50.26404244069276,50.26404244069276,49.53257173967665,49.65118789672852,,15300
2025-10-28,49.22614674509291,50.14543052414757,49.22614674509291,49.5128059387207,,19600
2025-10-29,49.28545455227621,50.03669527183518,48.2574377606778,49.00868225097656,,36700
2025-10-30,48.71213792606165,49.53257552092224,48.46501871374073,48.55398178100586,,25600
2025-10-31,49.14706972224696,50.619898103155926,47.318385304656616,50.02681350708008,,54600
2025-11-03,50.4617433003813,50.87690554525822,49.4040733544725,50.23439407348633,,38600
2025-11-04,49.89831110229492,50.29370335191248,49.60176880045172,49.98727416992188,,18600
2025-11-05,50.47162563240192,51.78629778610348,50.43208565631204,51.32171249389648,,24500
2025-11-06,50.86701493462469,51.519409468096256,50.41231651418021,50.807708740234375,,23800
2025-11-07,50.807709643178754,51.31183115815422,50.70885969953861,50.86701583862305,,13700
2025-11-10,50.96586747361298,51.66768512841942,50.214622959976296,51.460105895996094,,16100
2025-11-11,51.64791373642744,52.112499047487546,51.33160145635157,51.77641677856445,,11600
2025-11-12,51.87526428887887,52.34973272121966,51.60837508867344,51.9839973449707,,21800
2025-11-13,52.20146389094173,52.55731239009943,51.62814550705328,52.13227081298828,,27200
2025-11-14,51.14379115176929,51.89503185859683,51.04494120959479,51.66768264770508,,11600
2025-11-17,51.23275411175052,51.58860259064684,49.66107585635108,49.75992202758789,,15600
2025-11-18,49.41396108439712,50.036698806310056,49.41396108439712,49.72038650512695,,10700
2025-11-19,49.83968739882508,49.83968739882508,49.0741461801096,49.5115966796875,,16900
2025-11-20,50.18765999414042,50.18765999414042,49.25310508328395,49.58119201660156,,15100
2025-11-21,49.730325873800496,51.51990099999823,49.28293114409964,51.24152374267578,,25500
2025-11-24,50.85378335790238,51.14210103727862,50.32685009709949,50.75436019897461,,17100
2025-11-25,50.80407019375664,52.67318387440058,50.40638893342343,52.29538345336914,,26000
2025-11-26,51.87781654639414,52.41469021957873,51.35088708527169,52.22578811645508,,29000
2025-11-28,52.0965451764049,52.0965451764049,51.58949653983049,51.91758728027344,,9600
2025-12-01,52.37492155021397,53.15040322520027,51.93747102966375,52.67318344116211,,26100
2025-12-02,53.21999763072667,53.49837868301111,52.345096588134766,52.345096588134766,,23900
2025-12-03,52.45445393742672,54.184378895686834,52.384859625739786,54.1744384765625,,36700
2025-12-04,53.93582843786353,54.46275789836921,53.637566550645325,54.035247802734375,,25400
2025-12-05,53.61768270706966,53.82646565192994,53.35918628643776,53.60773849487305,,14700
2025-12-08,53.04103766289497,54.18437929346912,53.04103766289497,53.90600204467773,,21900
2025-12-09,53.89605777445104,54.86044151758373,53.7469287310197,54.12472534179688,,26000
2025-12-10,54.22415011506401,56.95822437823428,54.22415011506401,56.232452392578125,,46800
2025-12-11,55.97395509514276,57.31613926062525,55.97395509514276,57.097412109375,,25800
2025-12-12,56.71961382244563,57.336022244130376,54.83061929338442,56.90851593017578,,33700
2025-12-15,57.465267163853525,58.0021408193744,57.17694570522873,57.57463073730469,,29600
2025-12-16,57.50503859854526,57.932548696769445,56.679843453217664,57.16700744628906,,38300
2025-12-17,57.117296360067215,57.80329906722819,56.98804815404364,57.25648498535156,,25800
2025-12-18,57.20677488852874,58.07173547694892,56.560537655707975,57.63428497314453,,39400
2025-12-19,57.63428448596504,57.63428448596504,56.06343278505409,56.53071212768555,,44600
2025-12-22,56.68978554482518,56.68978554482518,55.5663285524962,55.65580749511719,,26900
2025-12-23,55.34760144062303,55.99383867025188,53.17028555893837,55.43708038330078,,27300
2025-12-24,55.35754570991271,55.57627285726472,55.08910888160041,55.21835708618164,,10600
2025-12-26,55.12887884322928,55.55638893160481,54.69142454297213,55.118934631347656,,13800
2025-12-29,54.54229561600581,54.85049791810112,53.92588721920959,54.57212066650391,,18800
2025-12-30,54.44287215902889,54.70136857060207,53.88611765891235,54.403106689453125,,17600
2025-12-31,54.20426563797684,54.30368500351501,53.587857227907605,53.985538482666016,,19100
2026-01-02,53.56797242906065,54.59200630280889,52.48428466061231,53.26971054077149,,37200
2026-01-05,53.34924433027704,55.16864826407148,53.00127276553223,54.3533935546875,,26600
2026-01-06,53.95571097079342,54.41304609958068,53.43872194984044,54.22414779663086,,22600
2026-01-07,53.64750667305199,53.98553782138917,53.3989544696454,53.8662338256836,,15000
2026-01-08,53.62762310685165,55.48679635593702,53.62762310685165,55.1984748840332,,21500
2026-01-09,55.11893400316523,55.78505586523529,54.094900162153294,54.78090286254883,,29300
2026-01-12,54.47270024513454,55.02945473751564,54.19431920633845,54.72125244140625,,22800
2026-01-13,54.383221621744894,55.168647476795584,54.383221621744894,54.78090286254883,,14700
2026-01-14,54.77096538756123,55.65581065222576,54.44287464847128,55.53650665283203,,23000
2026-01-15,55.32772201663371,57.11729712332848,55.31777780463446,56.93833923339844,,22300
2026-01-16,56.59036229721565,57.52492098362947,55.85464991919363,56.093257904052734,,17800
2026-01-20,55.36748843118012,56.50088968427061,54.92009749132982,55.74528884887695,,26000
2026-01-21,56.083317400068665,58.44953536987305,56.0534923501578,58.44953536987305,,38900
2026-01-22,58.72791297866698,59.513338833751625,56.48100277984121,58.39982604980469,,27200
2026-01-23,58.598667347050856,58.598667347050856,56.09326062870064,56.35175704956055,,15100
2026-01-26,56.272216796875,56.50088815931848,55.75523155621887,56.272216796875,,16500
2026-01-27,54.09490022564679,56.97810723973584,54.09490022564679,56.26227569580078,,24800
2026-01-28,55.65580829478747,56.02366448969004,54.98969021773132,55.118934631347656,,30800
2026-01-29,55.407255770598205,57.56469083103217,55.39731535138024,56.75938034057617,,39100
2026-01-30,56.272216998295136,57.117296760396265,56.272216998295136,56.9880485534668,,25700
2026-02-02,57.15706808292398,58.817395031157794,55.91430702851936,58.49924850463867,,37100
2026-02-03,58.60861162880704,59.046062151220056,57.753591423203936,58.98641204833984,,26900
2026-02-04,59.58293265121309,60.08003704256805,59.0062897367907,59.105712890625,,22900
2026-02-05,59.920964114591406,60.08003736898503,58.4097663015493,59.16536331176758,,23100
2026-02-06,59.85137043564794,60.10986305454355,59.12559846776555,59.503395080566406,,32300
2026-02-09,59.50339721454209,60.18940373746211,59.08583132459575,59.31449890136719,,37200
2026-02-10,58.99635212719542,59.18525043956791,58.041912560567546,58.9267578125,,24000
2026-02-11,59.48351314010724,59.81160006541998,57.88283639716054,58.06179428100586,,19700
2026-02-12,58.45947787741951,58.48930672100154,57.28631116601089,58.369998931884766,,35300
2026-02-13,57.459999084472656,58.790000915527344,57.459999084472656,58.36000061035156,,26100
2026-02-17,58.59999847412109,59.09000015258789,58.40999984741211,58.720001220703125,,19800
2026-02-18,58.77000045776367,59.4900016784668,56.90999984741211,57.41999816894531,,38400
2026-02-19,57.04999923706055,57.95000076293945,56.25,57.02000045776367,,37300
2026-02-20,57.08000183105469,57.86000061035156,56.9900016784668,57.86000061035156,,92400
2026-02-23,57.5,58.0,54.95000076293945,55.16999816894531,,35200
2026-02-24,55.08000183105469,55.810001373291016,54.43000030517578,55.18999862670898,,30600
2026-02-25,55.220001220703125,56.66999816894531,55.0,56.58000183105469,,20400
2026-02-26,56.95000076293945,57.0099983215332,55.880001068115234,56.16999816894531,,30600
2026-02-27,55.400001525878906,55.400001525878906,54.09999847412109,54.650001525878906,,35800
2026-03-02,53.68999862670898,55.709999084472656,52.06999969482422,54.91999816894531,,21800
2026-03-03,53.84000015258789,55.380001068115234,53.84000015258789,54.70000076293945,,21900
2026-03-04,55.0099983215332,55.63999938964844,54.77999877929688,54.84000015258789,,21100
2026-03-05,54.27000045776367,55.63999938964844,53.119998931884766,54.0,,30500
2026-03-06,52.59999847412109,53.400001525878906,51.81999969482422,53.27999877929688,,38000
2026-03-09,52.43999862670898,53.25,51.7400016784668,52.810001373291016,,31400
2026-03-10,52.43000030517578,54.0,52.43000030517578,52.59000015258789,,42400
2026-03-11,52.16999816894531,53.290000915527344,51.66999816894531,52.38999938964844,,30800
2026-03-12,51.40999984741211,52.77999877929688,51.40999984741211,52.4900016784668,,26300
2026-03-13,51.54999923706055,52.779998779296875,51.1349983215332,51.970001220703125,,18821
