Date,open,high,low,close,adj close,volume
1996-08-08,18.799999237060547,19.600000381469727,18.39999961853028,19.600000381469727,19.600000381469727,3300
1996-08-09,19.600000381469727,20.0,19.600000381469727,20.0,20.0,950
1996-08-12,18.0,18.0,18.0,18.0,18.0,30
1996-08-13,4.5,4.5,4.5,4.5,4.5,0
1996-08-14,18.0,18.0,18.0,18.0,18.0,550
1996-08-15,16.799999237060547,18.0,16.0,16.0,16.0,900
1996-08-16,18.0,18.39999961853028,18.0,18.39999961853028,18.39999961853028,250
1996-08-19,18.0,18.0,18.0,18.0,18.0,250
1996-08-20,16.0,16.0,16.0,16.0,16.0,500
1996-08-21,4.0,4.0,4.0,4.0,4.0,0
1996-08-22,14.800000190734863,14.800000190734863,14.0,14.800000190734863,14.800000190734863,1100
1996-08-23,3.700000047683716,3.700000047683716,3.700000047683716,3.700000047683716,3.700000047683716,0
1996-08-26,16.0,16.0,16.0,16.0,16.0,250
1996-08-27,15.199999809265137,15.199999809265137,13.600000381469728,13.600000381469728,13.600000381469728,1070
1996-08-28,14.0,14.0,14.0,14.0,14.0,100
1996-08-29,14.0,14.0,14.0,14.0,14.0,30
1996-08-30,3.5,3.5,3.5,3.5,3.5,0
1996-09-03,15.199999809265137,15.199999809265137,14.0,14.0,14.0,400
1996-09-04,14.0,15.600000381469728,14.0,15.600000381469728,15.600000381469728,580
1996-09-05,15.600000381469728,17.200000762939453,15.600000381469728,17.200000762939453,17.200000762939453,3280
1996-09-06,17.600000381469727,17.600000381469727,17.600000381469727,17.600000381469727,17.600000381469727,500
1996-09-09,16.0,16.0,16.0,16.0,16.0,50
1996-09-10,16.399999618530273,16.799999237060547,16.0,16.0,16.0,1050
1996-09-11,16.0,16.0,16.0,16.0,16.0,150
1996-09-12,15.199999809265137,17.600000381469727,15.199999809265137,17.600000381469727,17.600000381469727,800
1996-09-13,16.0,16.0,16.0,16.0,16.0,180
1996-09-16,16.0,16.0,16.0,16.0,16.0,230
1996-09-17,16.399999618530273,16.399999618530273,16.399999618530273,16.399999618530273,16.399999618530273,600
1996-09-18,17.600000381469727,18.39999961853028,15.600000381469728,16.399999618530273,16.399999618530273,6150
1996-09-19,16.399999618530273,17.200000762939453,16.399999618530273,17.200000762939453,17.200000762939453,1240
1996-09-20,17.200000762939453,17.200000762939453,16.399999618530273,16.399999618530273,16.399999618530273,1150
1996-09-23,17.200000762939453,17.200000762939453,16.0,16.0,16.0,2150
1996-09-24,15.199999809265137,16.799999237060547,14.399999618530272,16.799999237060547,16.799999237060547,4850
1996-09-25,17.200000762939453,18.799999237060547,17.200000762939453,18.799999237060547,18.799999237060547,5250
1996-09-26,18.799999237060547,19.200000762939453,18.0,18.799999237060547,18.799999237060547,5500
1996-09-27,19.600000381469727,20.0,18.0,20.0,20.0,1930
1996-09-30,19.200000762939453,19.200000762939453,16.399999618530273,16.399999618530273,16.399999618530273,4230
1996-10-01,16.399999618530273,17.600000381469727,16.399999618530273,16.399999618530273,16.399999618530273,2350
1996-10-02,16.399999618530273,17.600000381469727,16.399999618530273,16.399999618530273,16.399999618530273,3100
1996-10-03,17.200000762939453,18.0,17.200000762939453,17.600000381469727,17.600000381469727,1330
1996-10-04,18.0,18.0,18.0,18.0,18.0,500
1996-10-07,18.0,18.0,17.200000762939453,18.0,18.0,3500
1996-10-08,18.0,19.600000381469727,17.600000381469727,17.600000381469727,17.600000381469727,17800
1996-10-09,17.600000381469727,17.600000381469727,16.799999237060547,17.600000381469727,17.600000381469727,2000
1996-10-10,18.0,18.0,17.600000381469727,18.0,18.0,1000
1996-10-11,18.0,18.0,17.600000381469727,17.600000381469727,17.600000381469727,630
1996-10-15,18.0,18.0,17.200000762939453,17.200000762939453,17.200000762939453,1330
1996-10-16,17.600000381469727,18.0,16.799999237060547,17.200000762939453,17.200000762939453,5230
1996-10-17,18.0,18.39999961853028,17.600000381469727,18.0,18.0,2130
1996-10-18,17.200000762939453,17.200000762939453,16.399999618530273,16.399999618530273,16.399999618530273,2200
1996-10-21,4.099999904632568,4.099999904632568,4.099999904632568,4.099999904632568,4.099999904632568,0
1996-10-22,16.799999237060547,16.799999237060547,16.799999237060547,16.799999237060547,16.799999237060547,730
1996-10-23,17.200000762939453,17.200000762939453,17.200000762939453,17.200000762939453,17.200000762939453,300
1996-10-24,16.799999237060547,17.600000381469727,16.0,16.799999237060547,16.799999237060547,2280
1996-10-25,17.200000762939453,17.200000762939453,16.799999237060547,16.799999237060547,16.799999237060547,180
1996-10-28,16.0,16.799999237060547,16.0,16.799999237060547,16.799999237060547,2450
1996-10-29,17.200000762939453,17.200000762939453,15.199999809265137,15.199999809265137,15.199999809265137,1820
1996-10-30,16.0,16.799999237060547,16.0,16.799999237060547,16.799999237060547,2030
1996-10-31,16.799999237060547,18.0,16.799999237060547,18.0,18.0,2350
1996-11-01,19.600000381469727,20.0,19.600000381469727,20.0,20.0,2430
1996-11-04,20.0,20.39999961853028,18.0,19.200000762939453,19.200000762939453,2050
1996-11-05,20.0,20.799999237060547,19.200000762939453,19.200000762939453,19.200000762939453,1180
1996-11-06,19.200000762939453,20.799999237060547,19.200000762939453,20.799999237060547,20.799999237060547,480
1996-11-07,20.0,21.600000381469727,20.0,21.600000381469727,21.600000381469727,1800
1996-11-08,22.0,26.0,22.0,24.0,24.0,4400
1996-11-11,24.0,24.0,23.600000381469727,23.600000381469727,23.600000381469727,450
1996-11-12,23.600000381469727,24.0,21.600000381469727,21.600000381469727,21.600000381469727,730
1996-11-13,22.0,22.0,21.200000762939453,22.0,22.0,1050
1996-11-14,21.200000762939453,22.0,20.0,21.200000762939453,21.200000762939453,1530
1996-11-15,20.0,20.0,20.0,20.0,20.0,530
1996-11-18,5.0,5.0,5.0,5.0,5.0,0
1996-11-19,20.39999961853028,21.600000381469727,19.600000381469727,20.0,20.0,2050
1996-11-20,19.600000381469727,19.600000381469727,19.600000381469727,19.600000381469727,19.600000381469727,250
1996-11-21,19.200000762939453,19.200000762939453,18.39999961853028,18.799999237060547,18.799999237060547,900
1996-11-22,18.799999237060547,19.200000762939453,18.39999961853028,19.200000762939453,19.200000762939453,1350
1996-11-25,19.600000381469727,20.0,18.39999961853028,20.0,20.0,3500
1996-11-26,20.0,23.200000762939453,19.600000381469727,21.200000762939453,21.200000762939453,3680
1996-11-27,22.799999237060547,24.0,22.0,22.0,22.0,5860
1996-11-29,23.600000381469727,23.600000381469727,22.39999961853028,22.39999961853028,22.39999961853028,2600
1996-12-02,22.0,22.0,22.0,22.0,22.0,650
1996-12-03,23.200000762939453,23.600000381469727,21.600000381469727,21.600000381469727,21.600000381469727,1480
1996-12-04,22.0,22.0,20.0,20.0,20.0,1680
1996-12-05,18.39999961853028,20.0,18.39999961853028,20.0,20.0,600
1996-12-06,20.0,20.0,18.0,18.39999961853028,18.39999961853028,1480
1996-12-09,22.0,22.0,19.200000762939453,19.200000762939453,19.200000762939453,1300
1996-12-10,19.600000381469727,19.600000381469727,19.200000762939453,19.200000762939453,19.200000762939453,550
1996-12-11,18.39999961853028,19.200000762939453,18.39999961853028,19.200000762939453,19.200000762939453,1250
1996-12-12,20.0,20.0,20.0,20.0,20.0,500
1996-12-13,18.39999961853028,18.39999961853028,18.0,18.0,18.0,1400
1996-12-16,4.5,4.5,4.5,4.5,4.5,0
1996-12-17,18.39999961853028,18.799999237060547,18.39999961853028,18.799999237060547,18.799999237060547,650
1996-12-18,18.799999237060547,18.799999237060547,18.0,18.0,18.0,350
1996-12-19,17.600000381469727,19.200000762939453,17.600000381469727,19.200000762939453,19.200000762939453,1840
1996-12-20,17.600000381469727,19.200000762939453,17.600000381469727,19.200000762939453,19.200000762939453,710
1996-12-23,16.799999237060547,17.600000381469727,16.799999237060547,17.600000381469727,17.600000381469727,500
1996-12-24,19.200000762939453,19.200000762939453,19.200000762939453,19.200000762939453,19.200000762939453,250
1996-12-27,4.800000190734863,4.800000190734863,4.800000190734863,4.800000190734863,4.800000190734863,0
1996-12-30,19.200000762939453,19.200000762939453,18.0,18.0,18.0,600
1996-12-31,18.39999961853028,19.200000762939453,18.39999961853028,19.200000762939453,19.200000762939453,500
1997-01-02,19.200000762939453,19.200000762939453,19.200000762939453,19.200000762939453,19.200000762939453,750
1997-01-03,20.0,21.200000762939453,20.0,21.200000762939453,21.200000762939453,1500
1997-01-06,20.39999961853028,20.39999961853028,20.0,20.0,20.0,750
1997-01-07,20.39999961853028,22.0,19.200000762939453,19.600000381469727,19.600000381469727,5580
1997-01-08,20.0,21.600000381469727,19.600000381469727,21.600000381469727,21.600000381469727,3280
1997-01-09,22.0,23.200000762939453,22.0,23.200000762939453,23.200000762939453,2250
1997-01-10,22.0,23.600000381469727,22.0,22.39999961853028,22.39999961853028,1150
1997-01-13,22.0,22.0,22.0,22.0,22.0,2200
1997-01-14,23.600000381469727,28.0,23.600000381469727,24.799999237060547,24.799999237060547,7480
1997-01-15,26.799999237060547,27.600000381469727,22.799999237060547,27.200000762939453,27.200000762939453,8580
1997-01-16,27.600000381469727,27.600000381469727,26.0,27.600000381469727,27.600000381469727,3900
1997-01-17,26.799999237060547,27.600000381469727,26.39999961853028,27.600000381469727,27.600000381469727,2930
1997-01-20,27.600000381469727,27.600000381469727,26.0,26.0,26.0,5840
1997-01-21,25.600000381469727,27.200000762939453,25.200000762939453,26.799999237060547,26.799999237060547,3300
1997-01-22,26.39999961853028,27.200000762939453,24.0,26.39999961853028,26.39999961853028,2150
1997-01-23,24.0,25.200000762939453,24.0,25.200000762939453,25.200000762939453,1400
1997-01-24,26.0,26.0,25.200000762939453,25.200000762939453,25.200000762939453,350
1997-01-27,24.0,24.0,22.799999237060547,22.799999237060547,22.799999237060547,1130
1997-01-28,23.200000762939453,24.0,22.39999961853028,24.0,24.0,450
1997-01-29,23.200000762939453,23.200000762939453,23.200000762939453,23.200000762939453,23.200000762939453,220
1997-01-30,23.600000381469727,24.0,23.600000381469727,24.0,24.0,500
1997-01-31,22.799999237060547,22.799999237060547,22.39999961853028,22.799999237060547,22.799999237060547,580
1997-02-03,22.39999961853028,22.39999961853028,22.0,22.39999961853028,22.39999961853028,2500
1997-02-04,22.0,22.0,20.39999961853028,20.39999961853028,20.39999961853028,1030
1997-02-05,21.200000762939453,21.600000381469727,21.200000762939453,21.200000762939453,21.200000762939453,1020
1997-02-06,21.200000762939453,22.0,20.39999961853028,20.39999961853028,20.39999961853028,1030
1997-02-07,21.600000381469727,22.799999237060547,21.600000381469727,21.600000381469727,21.600000381469727,1150
1997-02-10,24.0,24.0,23.600000381469727,23.600000381469727,23.600000381469727,1760
1997-02-11,22.0,22.0,22.0,22.0,22.0,750
1997-02-12,21.600000381469727,23.600000381469727,21.600000381469727,23.600000381469727,23.600000381469727,1400
1997-02-13,23.600000381469727,23.600000381469727,21.200000762939453,21.200000762939453,21.200000762939453,3470
1997-02-14,21.200000762939453,22.39999961853028,21.200000762939453,22.0,22.0,2700
1997-02-18,23.200000762939453,23.200000762939453,21.600000381469727,22.0,22.0,1130
1997-02-19,22.0,22.0,22.0,22.0,22.0,480
1997-02-20,22.0,22.0,22.0,22.0,22.0,400
1997-02-21,22.0,22.0,22.0,22.0,22.0,700
1997-02-24,22.0,22.0,21.200000762939453,21.200000762939453,21.200000762939453,3500
1997-02-25,21.200000762939453,21.200000762939453,19.600000381469727,19.600000381469727,19.600000381469727,3000
1997-02-26,20.0,20.799999237060547,20.0,20.39999961853028,20.39999961853028,4450
1997-02-27,20.799999237060547,20.799999237060547,20.799999237060547,20.799999237060547,20.799999237060547,530
1997-02-28,20.799999237060547,21.200000762939453,20.799999237060547,21.200000762939453,21.200000762939453,1250
1997-03-03,5.300000190734863,5.300000190734863,5.300000190734863,5.300000190734863,5.300000190734863,0
1997-03-04,20.799999237060547,22.0,20.799999237060547,21.600000381469727,21.600000381469727,1250
1997-03-05,20.799999237060547,20.799999237060547,20.799999237060547,20.799999237060547,20.799999237060547,500
1997-03-06,5.199999809265137,5.199999809265137,5.199999809265137,5.199999809265137,5.199999809265137,0
1997-03-07,20.799999237060547,21.600000381469727,20.799999237060547,20.799999237060547,20.799999237060547,400
1997-03-10,19.600000381469727,22.39999961853028,19.600000381469727,21.600000381469727,21.600000381469727,2530
1997-03-11,20.39999961853028,20.39999961853028,20.39999961853028,20.39999961853028,20.39999961853028,50
1997-03-12,20.799999237060547,20.799999237060547,20.799999237060547,20.799999237060547,20.799999237060547,150
1997-03-13,20.0,20.0,18.799999237060547,20.0,20.0,3290
1997-03-14,18.799999237060547,18.799999237060547,18.799999237060547,18.799999237060547,18.799999237060547,180
1997-03-17,20.0,20.0,20.0,20.0,20.0,750
1997-03-18,20.0,20.0,18.39999961853028,18.799999237060547,18.799999237060547,2090
1997-03-19,18.799999237060547,18.799999237060547,18.799999237060547,18.799999237060547,18.799999237060547,1050
1997-03-20,18.799999237060547,18.799999237060547,18.799999237060547,18.799999237060547,18.799999237060547,1130
1997-03-21,19.600000381469727,19.600000381469727,18.799999237060547,18.799999237060547,18.799999237060547,1400
1997-03-24,20.0,20.0,18.799999237060547,18.799999237060547,18.799999237060547,500
1997-03-25,18.799999237060547,18.799999237060547,18.799999237060547,18.799999237060547,18.799999237060547,520
1997-03-26,18.799999237060547,18.799999237060547,14.399999618530272,16.0,16.0,4630
1997-03-27,16.799999237060547,16.799999237060547,15.199999809265137,15.199999809265137,15.199999809265137,2000
1997-03-31,13.600000381469728,14.399999618530272,13.600000381469728,14.0,14.0,680
1997-04-01,3.5,3.5,3.5,3.5,3.5,0
1997-04-02,14.0,14.0,12.800000190734863,12.800000190734863,12.800000190734863,1250
1997-04-03,14.0,15.600000381469728,14.0,15.600000381469728,15.600000381469728,12380
1997-04-04,14.399999618530272,14.399999618530272,13.199999809265137,13.199999809265137,13.199999809265137,1550
1997-04-07,14.0,14.0,12.0,12.0,12.0,1850
1997-04-08,12.399999618530272,12.399999618530272,12.0,12.0,12.0,3600
1997-04-09,14.0,14.0,12.0,12.0,12.0,2180
1997-04-10,3.0,3.0,3.0,3.0,3.0,0
1997-04-11,11.600000381469728,11.600000381469728,11.600000381469728,11.600000381469728,11.600000381469728,500
1997-04-14,2.900000095367432,2.900000095367432,2.900000095367432,2.900000095367432,2.900000095367432,0
1997-04-15,2.900000095367432,2.900000095367432,2.900000095367432,2.900000095367432,2.900000095367432,0
1997-04-16,12.0,13.199999809265137,11.199999809265137,11.199999809265137,11.199999809265137,2580
1997-04-17,12.0,12.0,10.800000190734863,12.0,12.0,1680
1997-04-18,10.800000190734863,10.800000190734863,10.800000190734863,10.800000190734863,10.800000190734863,2450
1997-04-21,11.600000381469728,11.600000381469728,11.600000381469728,11.600000381469728,11.600000381469728,250
1997-04-22,10.800000190734863,11.199999809265137,10.800000190734863,11.199999809265137,11.199999809265137,830
1997-04-23,11.199999809265137,11.199999809265137,11.199999809265137,11.199999809265137,11.199999809265137,500
1997-04-24,10.800000190734863,12.0,10.800000190734863,12.0,12.0,1690
1997-04-25,12.0,13.600000381469728,12.0,12.0,12.0,1300
1997-04-28,12.0,12.0,12.0,12.0,12.0,50
1997-04-29,3.0,3.0,3.0,3.0,3.0,0
1997-04-30,3.0,3.0,3.0,3.0,3.0,0
1997-05-01,3.0,3.0,3.0,3.0,3.0,0
1997-05-02,11.199999809265137,11.199999809265137,11.199999809265137,11.199999809265137,11.199999809265137,180
1997-05-05,10.0,12.0,10.0,12.0,12.0,950
1997-05-06,3.0,3.0,3.0,3.0,3.0,0
1997-05-07,10.399999618530272,10.399999618530272,10.399999618530272,10.399999618530272,10.399999618530272,150
1997-05-08,12.0,12.0,12.0,12.0,12.0,350
1997-05-09,3.0,3.0,3.0,3.0,3.0,0
1997-05-12,10.800000190734863,10.800000190734863,10.399999618530272,10.399999618530272,10.399999618530272,750
1997-05-13,2.5999999046325684,2.5999999046325684,2.5999999046325684,2.5999999046325684,2.5999999046325684,0
1997-05-14,10.399999618530272,12.0,10.399999618530272,12.0,12.0,550
1997-05-15,10.399999618530272,10.399999618530272,10.0,10.0,10.0,530
1997-05-16,10.399999618530272,10.399999618530272,10.0,10.399999618530272,10.399999618530272,1000
1997-05-19,2.5999999046325684,2.5999999046325684,2.5999999046325684,2.5999999046325684,2.5999999046325684,0
1997-05-20,10.399999618530272,10.399999618530272,10.0,10.0,10.0,530
1997-05-21,10.0,10.0,10.0,10.0,10.0,2800
1997-05-22,2.5,2.5,2.5,2.5,2.5,0
1997-05-23,2.5,2.5,2.5,2.5,2.5,0
1997-05-27,8.399999618530273,10.0,8.399999618530273,10.0,10.0,1030
1997-05-28,8.800000190734863,8.800000190734863,8.800000190734863,8.800000190734863,8.800000190734863,500
1997-05-29,10.0,10.800000190734863,10.0,10.800000190734863,10.800000190734863,3650
1997-05-30,12.0,16.0,12.0,16.0,16.0,15950
1997-06-02,15.600000381469728,17.600000381469727,13.600000381469728,14.0,14.0,43580
1997-06-03,14.0,15.600000381469728,13.199999809265137,15.600000381469728,15.600000381469728,10250
1997-06-04,14.800000190734863,16.399999618530273,14.399999618530272,14.399999618530272,14.399999618530272,18610
1997-06-05,14.0,14.0,13.600000381469728,13.600000381469728,13.600000381469728,450
1997-06-06,14.0,15.199999809265137,13.600000381469728,15.199999809265137,15.199999809265137,3280
1997-06-09,14.399999618530272,14.399999618530272,13.199999809265137,13.199999809265137,13.199999809265137,1980
1997-06-10,13.199999809265137,13.199999809265137,11.199999809265137,12.0,12.0,4000
1997-06-11,11.199999809265137,13.199999809265137,10.800000190734863,13.199999809265137,13.199999809265137,900
1997-06-12,13.199999809265137,13.199999809265137,12.0,12.0,12.0,650
1997-06-13,12.0,12.0,12.0,12.0,12.0,700
1997-06-16,12.0,12.0,10.399999618530272,10.800000190734863,10.800000190734863,3450
1997-06-17,10.399999618530272,10.399999618530272,10.0,10.0,10.0,750
1997-06-18,10.399999618530272,10.399999618530272,9.600000381469728,9.600000381469728,9.600000381469728,2170
1997-06-19,10.399999618530272,10.399999618530272,10.399999618530272,10.399999618530272,10.399999618530272,150
1997-06-20,10.399999618530272,11.199999809265137,10.0,10.0,10.0,4200
1997-06-23,2.5,2.5,2.5,2.5,2.5,0
1997-06-24,10.399999618530272,10.399999618530272,9.600000381469728,9.600000381469728,9.600000381469728,250
1997-06-25,10.0,10.0,10.0,10.0,10.0,50
1997-06-26,10.800000190734863,10.800000190734863,10.0,10.0,10.0,5500
1997-06-27,2.5,2.5,2.5,2.5,2.5,0
1997-06-30,11.199999809265137,11.199999809265137,11.199999809265137,11.199999809265137,11.199999809265137,150
1997-07-01,2.799999952316284,2.799999952316284,2.799999952316284,2.799999952316284,2.799999952316284,0
1997-07-02,13.199999809265137,13.199999809265137,9.600000381469728,9.600000381469728,9.600000381469728,950
1997-07-03,2.400000095367432,2.400000095367432,2.400000095367432,2.400000095367432,2.400000095367432,0
1997-07-07,10.0,10.0,8.800000190734863,8.800000190734863,8.800000190734863,1650
1997-07-08,8.0,8.399999618530273,8.0,8.399999618530273,8.399999618530273,730
1997-07-09,7.599999904632568,7.599999904632568,7.599999904632568,7.599999904632568,7.599999904632568,250
1997-07-10,7.199999809265137,7.199999809265137,6.800000190734863,6.800000190734863,6.800000190734863,300
1997-07-11,7.199999809265137,7.199999809265137,7.199999809265137,7.199999809265137,7.199999809265137,200
1997-07-14,1.7999999523162842,1.7999999523162842,1.7999999523162842,1.7999999523162842,1.7999999523162842,0
1997-07-15,1.7999999523162842,1.7999999523162842,1.7999999523162842,1.7999999523162842,1.7999999523162842,0
1997-07-16,7.199999809265137,7.199999809265137,7.199999809265137,7.199999809265137,7.199999809265137,30
1997-07-17,1.7999999523162842,1.7999999523162842,1.7999999523162842,1.7999999523162842,1.7999999523162842,0
1997-07-18,1.7999999523162842,1.7999999523162842,1.7999999523162842,1.7999999523162842,1.7999999523162842,0
1997-07-21,6.800000190734863,6.800000190734863,6.800000190734863,6.800000190734863,6.800000190734863,300
1997-07-22,1.7000000476837158,1.7000000476837158,1.7000000476837158,1.7000000476837158,1.7000000476837158,0
1997-07-23,6.400000095367432,6.400000095367432,6.0,6.400000095367432,6.400000095367432,2250
1997-07-24,1.600000023841858,1.600000023841858,1.600000023841858,1.600000023841858,1.600000023841858,0
1997-07-25,6.0,6.0,6.0,6.0,6.0,130
1997-07-28,6.400000095367432,6.400000095367432,6.0,6.0,6.0,500
1997-07-29,6.800000190734863,6.800000190734863,6.800000190734863,6.800000190734863,6.800000190734863,650
1997-07-30,7.599999904632568,7.599999904632568,7.599999904632568,7.599999904632568,7.599999904632568,880
1997-07-31,1.899999976158142,1.899999976158142,1.899999976158142,1.899999976158142,1.899999976158142,0
1997-08-01,7.199999809265137,7.199999809265137,7.199999809265137,7.199999809265137,7.199999809265137,500
1997-08-04,1.7999999523162842,1.7999999523162842,1.7999999523162842,1.7999999523162842,1.7999999523162842,0
1997-08-05,1.7999999523162842,1.7999999523162842,1.7999999523162842,1.7999999523162842,1.7999999523162842,0
1997-08-06,1.7999999523162842,1.7999999523162842,1.7999999523162842,1.7999999523162842,1.7999999523162842,0
1997-08-07,7.199999809265137,7.199999809265137,6.800000190734863,6.800000190734863,6.800000190734863,750
1997-08-08,8.0,8.0,8.0,8.0,8.0,250
1997-08-11,6.800000190734863,6.800000190734863,6.400000095367432,6.400000095367432,6.400000095367432,980
1997-08-12,1.600000023841858,1.600000023841858,1.600000023841858,1.600000023841858,1.600000023841858,0
1997-08-13,6.0,6.0,6.0,6.0,6.0,50
1997-08-14,1.5,1.5,1.5,1.5,1.5,0
1997-08-15,1.5,1.5,1.5,1.5,1.5,0
1997-08-18,1.5,1.5,1.5,1.5,1.5,0
1997-08-19,6.400000095367432,6.800000190734863,6.400000095367432,6.800000190734863,6.800000190734863,530
1997-08-20,1.7000000476837158,1.7000000476837158,1.7000000476837158,1.7000000476837158,1.7000000476837158,0
1997-08-21,6.0,6.0,6.0,6.0,6.0,50
1997-08-22,1.5,1.5,1.5,1.5,1.5,0
1997-08-25,6.800000190734863,7.199999809265137,6.800000190734863,7.199999809265137,7.199999809265137,1960
1997-08-26,7.199999809265137,7.199999809265137,7.199999809265137,7.199999809265137,7.199999809265137,50
1997-08-27,7.199999809265137,7.199999809265137,7.199999809265137,7.199999809265137,7.199999809265137,1000
1997-08-28,1.7999999523162842,1.7999999523162842,1.7999999523162842,1.7999999523162842,1.7999999523162842,0
1997-08-29,8.0,8.0,8.0,8.0,8.0,280
1997-09-02,2.0,2.0,2.0,2.0,2.0,0
1997-09-03,2.0,2.0,2.0,2.0,2.0,0
1997-09-04,8.0,8.0,8.0,8.0,8.0,230
1997-09-05,2.0,2.0,2.0,2.0,2.0,0
1997-09-08,2.0,2.0,2.0,2.0,2.0,0
1997-09-09,2.0,2.0,2.0,2.0,2.0,0
1997-09-10,2.0,2.0,2.0,2.0,2.0,0
1997-09-11,7.599999904632568,7.599999904632568,7.599999904632568,7.599999904632568,7.599999904632568,700
1997-09-12,7.599999904632568,8.0,7.599999904632568,8.0,8.0,800
1997-09-15,6.800000190734863,6.800000190734863,6.800000190734863,6.800000190734863,6.800000190734863,130
1997-09-16,6.800000190734863,6.800000190734863,6.800000190734863,6.800000190734863,6.800000190734863,250
1997-09-17,7.199999809265137,7.199999809265137,7.199999809265137,7.199999809265137,7.199999809265137,1000
1997-09-18,6.800000190734863,6.800000190734863,6.800000190734863,6.800000190734863,6.800000190734863,1040
1997-09-19,6.800000190734863,6.800000190734863,6.800000190734863,6.800000190734863,6.800000190734863,1100
1997-09-22,6.800000190734863,6.800000190734863,6.800000190734863,6.800000190734863,6.800000190734863,650
1997-09-23,6.800000190734863,6.800000190734863,6.0,6.0,6.0,1430
1997-09-24,5.199999809265137,5.199999809265137,4.800000190734863,4.800000190734863,4.800000190734863,450
1997-09-25,4.800000190734863,6.0,4.800000190734863,6.0,6.0,2450
1997-09-26,5.599999904632568,5.599999904632568,5.599999904632568,5.599999904632568,5.599999904632568,100
1997-09-29,5.599999904632568,5.599999904632568,5.599999904632568,5.599999904632568,5.599999904632568,300
1997-09-30,1.399999976158142,1.399999976158142,1.399999976158142,1.399999976158142,1.399999976158142,0
1997-10-01,1.399999976158142,1.399999976158142,1.399999976158142,1.399999976158142,1.399999976158142,0
1997-10-02,1.399999976158142,1.399999976158142,1.399999976158142,1.399999976158142,1.399999976158142,0
1997-10-03,1.399999976158142,1.399999976158142,1.399999976158142,1.399999976158142,1.399999976158142,0
1997-10-06,1.399999976158142,1.399999976158142,1.399999976158142,1.399999976158142,1.399999976158142,0
1997-10-07,5.599999904632568,5.599999904632568,5.599999904632568,5.599999904632568,5.599999904632568,250
1997-10-08,5.599999904632568,5.599999904632568,5.599999904632568,5.599999904632568,5.599999904632568,250
1997-10-09,1.399999976158142,1.399999976158142,1.399999976158142,1.399999976158142,1.399999976158142,0
1997-10-10,5.599999904632568,5.599999904632568,4.400000095367432,4.400000095367432,4.400000095367432,4700
1997-10-13,1.100000023841858,1.100000023841858,1.100000023841858,1.100000023841858,1.100000023841858,0
1997-10-14,4.400000095367432,4.400000095367432,4.400000095367432,4.400000095367432,4.400000095367432,600
1997-10-15,1.100000023841858,1.100000023841858,1.100000023841858,1.100000023841858,1.100000023841858,0
1997-10-16,1.100000023841858,1.100000023841858,1.100000023841858,1.100000023841858,1.100000023841858,0
1997-10-17,5.599999904632568,5.599999904632568,5.599999904632568,5.599999904632568,5.599999904632568,2000
1997-10-20,1.399999976158142,1.399999976158142,1.399999976158142,1.399999976158142,1.399999976158142,0
1997-10-21,4.800000190734863,5.199999809265137,4.800000190734863,5.199999809265137,5.199999809265137,1010
1997-10-22,4.800000190734863,4.800000190734863,4.800000190734863,4.800000190734863,4.800000190734863,500
1997-10-23,4.800000190734863,4.800000190734863,4.800000190734863,4.800000190734863,4.800000190734863,1250
1997-10-24,4.800000190734863,4.800000190734863,4.400000095367432,4.400000095367432,4.400000095367432,2700
1997-10-27,4.400000095367432,4.400000095367432,4.400000095367432,4.400000095367432,4.400000095367432,250
1997-10-28,4.400000095367432,4.400000095367432,4.400000095367432,4.400000095367432,4.400000095367432,600
1997-10-29,1.100000023841858,1.100000023841858,1.100000023841858,1.100000023841858,1.100000023841858,0
1997-10-30,4.800000190734863,4.800000190734863,4.400000095367432,4.800000190734863,4.800000190734863,1660
1997-10-31,4.800000190734863,4.800000190734863,4.800000190734863,4.800000190734863,4.800000190734863,250
1997-11-03,4.800000190734863,5.599999904632568,4.800000190734863,5.599999904632568,5.599999904632568,650
1997-11-04,4.800000190734863,5.599999904632568,4.800000190734863,5.599999904632568,5.599999904632568,700
1997-11-05,5.199999809265137,5.199999809265137,5.199999809265137,5.199999809265137,5.199999809265137,500
1997-11-06,4.800000190734863,5.599999904632568,4.800000190734863,5.599999904632568,5.599999904632568,1380
1997-11-07,4.800000190734863,4.800000190734863,4.800000190734863,4.800000190734863,4.800000190734863,250
1997-11-10,1.2000000476837158,1.2000000476837158,1.2000000476837158,1.2000000476837158,1.2000000476837158,0
1997-11-11,4.800000190734863,4.800000190734863,4.800000190734863,4.800000190734863,4.800000190734863,30
1997-11-12,4.800000190734863,4.800000190734863,4.800000190734863,4.800000190734863,4.800000190734863,1400
1997-11-13,4.400000095367432,4.800000190734863,4.400000095367432,4.800000190734863,4.800000190734863,1600
1997-11-14,4.400000095367432,4.400000095367432,4.400000095367432,4.400000095367432,4.400000095367432,330
1997-11-17,4.400000095367432,4.400000095367432,4.0,4.0,4.0,2980
1997-11-18,4.0,4.0,4.0,4.0,4.0,10
1997-11-19,3.5999999046325684,4.0,3.5999999046325684,4.0,4.0,760
1997-11-20,1.0,1.0,1.0,1.0,1.0,0
1997-11-21,4.800000190734863,4.800000190734863,4.800000190734863,4.800000190734863,4.800000190734863,750
1997-11-24,1.2000000476837158,1.2000000476837158,1.2000000476837158,1.2000000476837158,1.2000000476837158,0
1997-11-25,4.0,4.0,4.0,4.0,4.0,750
1997-11-26,3.5999999046325684,3.5999999046325684,3.5999999046325684,3.5999999046325684,3.5999999046325684,250
1997-11-28,1.0,1.0,1.0,1.0,1.0,0
1997-12-01,1.0,1.0,1.0,1.0,1.0,0
1997-12-02,1.0,1.0,1.0,1.0,1.0,0
1997-12-03,3.5999999046325684,4.0,3.5999999046325684,4.0,4.0,1450
1997-12-04,4.0,4.0,3.5999999046325684,3.5999999046325684,3.5999999046325684,1580
1997-12-05,0.8999999761581421,0.8999999761581421,0.8999999761581421,0.8999999761581421,0.8999999761581421,0
1997-12-08,3.200000047683716,3.200000047683716,3.200000047683716,3.200000047683716,3.200000047683716,500
1997-12-09,3.5999999046325684,3.5999999046325684,3.200000047683716,3.200000047683716,3.200000047683716,600
1997-12-10,3.200000047683716,3.200000047683716,3.200000047683716,3.200000047683716,3.200000047683716,500
1997-12-11,3.5999999046325684,3.5999999046325684,2.799999952316284,2.799999952316284,2.799999952316284,880
1997-12-12,3.200000047683716,3.5999999046325684,3.200000047683716,3.200000047683716,3.200000047683716,1250
1997-12-15,3.5999999046325684,3.5999999046325684,2.799999952316284,2.799999952316284,2.799999952316284,4130
1997-12-16,2.799999952316284,2.799999952316284,2.799999952316284,2.799999952316284,2.799999952316284,1100
1997-12-17,2.799999952316284,3.200000047683716,2.799999952316284,3.200000047683716,3.200000047683716,2430
1997-12-18,2.799999952316284,3.5999999046325684,2.799999952316284,3.5999999046325684,3.5999999046325684,1800
1997-12-19,3.5999999046325684,3.5999999046325684,3.200000047683716,3.5999999046325684,3.5999999046325684,1750
1997-12-22,3.200000047683716,3.200000047683716,3.200000047683716,3.200000047683716,3.200000047683716,2200
1997-12-23,3.5999999046325684,4.0,3.5999999046325684,3.5999999046325684,3.5999999046325684,3100
1997-12-24,4.0,4.0,3.200000047683716,3.200000047683716,3.200000047683716,1400
1997-12-26,0.800000011920929,0.800000011920929,0.800000011920929,0.800000011920929,0.800000011920929,0
1997-12-29,2.799999952316284,2.799999952316284,2.799999952316284,2.799999952316284,2.799999952316284,130
1997-12-30,3.200000047683716,3.200000047683716,2.799999952316284,2.799999952316284,2.799999952316284,430
1997-12-31,4.0,4.0,4.0,4.0,4.0,250
1998-01-02,1.0,1.0,1.0,1.0,1.0,0
1998-01-05,3.5999999046325684,4.0,3.5999999046325684,4.0,4.0,1800
1998-01-06,4.0,4.0,4.0,4.0,4.0,180
1998-01-07,4.0,4.0,4.0,4.0,4.0,250
1998-01-08,3.200000047683716,3.200000047683716,3.200000047683716,3.200000047683716,3.200000047683716,500
1998-01-09,0.800000011920929,0.800000011920929,0.800000011920929,0.800000011920929,0.800000011920929,0
1998-01-12,0.800000011920929,0.800000011920929,0.800000011920929,0.800000011920929,0.800000011920929,0
1998-01-13,3.200000047683716,3.200000047683716,3.200000047683716,3.200000047683716,3.200000047683716,500
1998-01-14,0.800000011920929,0.800000011920929,0.800000011920929,0.800000011920929,0.800000011920929,0
1998-01-15,0.800000011920929,0.800000011920929,0.800000011920929,0.800000011920929,0.800000011920929,0
1998-01-16,0.800000011920929,0.800000011920929,0.800000011920929,0.800000011920929,0.800000011920929,0
1998-01-20,4.0,4.0,4.0,4.0,4.0,630
1998-01-21,4.400000095367432,4.400000095367432,4.0,4.0,4.0,300
1998-01-22,4.400000095367432,4.400000095367432,4.0,4.0,4.0,2700
1998-01-23,4.400000095367432,4.800000190734863,4.400000095367432,4.800000190734863,4.800000190734863,1980
1998-01-26,4.0,4.0,4.0,4.0,4.0,550
1998-01-27,1.0,1.0,1.0,1.0,1.0,0
1998-01-28,4.0,4.800000190734863,4.0,4.800000190734863,4.800000190734863,1380
1998-01-29,4.800000190734863,6.400000095367432,4.800000190734863,6.0,6.0,5550
1998-01-30,6.400000095367432,6.400000095367432,6.0,6.0,6.0,2130
1998-02-02,6.0,6.800000190734863,6.0,6.0,6.0,1250
1998-02-03,6.0,6.0,5.199999809265137,5.199999809265137,5.199999809265137,3230
1998-02-04,6.400000095367432,6.400000095367432,6.0,6.0,6.0,500
1998-02-05,6.0,7.199999809265137,6.0,7.199999809265137,7.199999809265137,1090
1998-02-06,6.400000095367432,6.400000095367432,6.400000095367432,6.400000095367432,6.400000095367432,2500
1998-02-09,5.199999809265137,5.199999809265137,5.199999809265137,5.199999809265137,5.199999809265137,380
1998-02-10,1.2999999523162842,1.2999999523162842,1.2999999523162842,1.2999999523162842,1.2999999523162842,0
1998-02-11,6.400000095367432,7.199999809265137,6.400000095367432,7.199999809265137,7.199999809265137,5480
1998-02-12,7.599999904632568,7.599999904632568,6.800000190734863,6.800000190734863,6.800000190734863,730
1998-02-13,7.599999904632568,7.599999904632568,6.800000190734863,7.599999904632568,7.599999904632568,1730
1998-02-17,1.899999976158142,1.899999976158142,1.899999976158142,1.899999976158142,1.899999976158142,0
1998-02-18,1.899999976158142,1.899999976158142,1.899999976158142,1.899999976158142,1.899999976158142,0
1998-02-19,1.899999976158142,1.899999976158142,1.899999976158142,1.899999976158142,1.899999976158142,0
1998-02-20,1.899999976158142,1.899999976158142,1.899999976158142,1.899999976158142,1.899999976158142,0
1998-02-23,6.400000095367432,6.400000095367432,6.0,6.0,6.0,450
1998-02-24,1.5,1.5,1.5,1.5,1.5,0
1998-02-25,6.0,6.0,6.0,6.0,6.0,1020
1998-02-26,1.5,1.5,1.5,1.5,1.5,0
1998-02-27,6.0,8.800000190734863,6.0,8.399999618530273,8.399999618530273,22930
1998-03-02,8.0,8.0,6.800000190734863,7.199999809265137,7.199999809265137,10230
1998-03-03,6.800000190734863,6.800000190734863,6.800000190734863,6.800000190734863,6.800000190734863,2020
1998-03-04,6.800000190734863,6.800000190734863,6.800000190734863,6.800000190734863,6.800000190734863,250
1998-03-05,6.800000190734863,6.800000190734863,6.800000190734863,6.800000190734863,6.800000190734863,1500
1998-03-06,8.0,8.0,8.0,8.0,8.0,250
1998-03-09,6.800000190734863,6.800000190734863,6.400000095367432,6.400000095367432,6.400000095367432,1130
1998-03-10,6.800000190734863,6.800000190734863,6.800000190734863,6.800000190734863,6.800000190734863,1000
1998-03-11,6.400000095367432,6.400000095367432,6.400000095367432,6.400000095367432,6.400000095367432,1000
1998-03-12,6.0,7.599999904632568,5.599999904632568,7.599999904632568,7.599999904632568,5280
1998-03-13,6.400000095367432,6.400000095367432,6.0,6.0,6.0,2250
1998-03-16,6.0,6.0,6.0,6.0,6.0,5000
1998-03-17,6.400000095367432,6.400000095367432,6.0,6.0,6.0,1750
1998-03-18,5.599999904632568,5.599999904632568,5.199999809265137,5.599999904632568,5.599999904632568,2700
1998-03-19,6.0,6.0,6.0,6.0,6.0,250
1998-03-20,6.400000095367432,6.400000095367432,6.0,6.0,6.0,1650
1998-03-23,5.599999904632568,5.599999904632568,5.199999809265137,5.599999904632568,5.599999904632568,2630
1998-03-24,1.399999976158142,1.399999976158142,1.399999976158142,1.399999976158142,1.399999976158142,0
1998-03-25,5.599999904632568,5.599999904632568,5.599999904632568,5.599999904632568,5.599999904632568,250
1998-03-26,1.399999976158142,1.399999976158142,1.399999976158142,1.399999976158142,1.399999976158142,0
1998-03-27,1.399999976158142,1.399999976158142,1.399999976158142,1.399999976158142,1.399999976158142,0
1998-03-30,5.599999904632568,5.599999904632568,5.599999904632568,5.599999904632568,5.599999904632568,1000
1998-03-31,6.0,6.0,5.199999809265137,5.199999809265137,5.199999809265137,1200
1998-04-01,5.599999904632568,5.599999904632568,5.599999904632568,5.599999904632568,5.599999904632568,1000
1998-04-02,5.199999809265137,5.199999809265137,5.199999809265137,5.199999809265137,5.199999809265137,500
1998-04-03,5.199999809265137,6.0,5.199999809265137,6.0,6.0,1550
1998-04-06,1.5,1.5,1.5,1.5,1.5,0
1998-04-07,1.5,1.5,1.5,1.5,1.5,0
1998-04-08,4.800000190734863,4.800000190734863,4.800000190734863,4.800000190734863,4.800000190734863,180
1998-04-09,4.800000190734863,4.800000190734863,4.800000190734863,4.800000190734863,4.800000190734863,130
1998-04-13,4.800000190734863,5.199999809265137,4.400000095367432,5.199999809265137,5.199999809265137,1130
1998-04-14,1.2999999523162842,1.2999999523162842,1.2999999523162842,1.2999999523162842,1.2999999523162842,0
1998-04-15,5.199999809265137,5.199999809265137,4.400000095367432,5.199999809265137,5.199999809265137,2400
1998-04-16,6.0,7.199999809265137,6.0,7.199999809265137,7.199999809265137,2650
1998-04-17,7.199999809265137,7.199999809265137,7.199999809265137,7.199999809265137,7.199999809265137,300
1998-04-20,7.199999809265137,7.599999904632568,7.199999809265137,7.599999904632568,7.599999904632568,5130
1998-04-21,7.199999809265137,7.199999809265137,7.199999809265137,7.199999809265137,7.199999809265137,400
1998-04-22,7.199999809265137,7.599999904632568,6.400000095367432,7.599999904632568,7.599999904632568,1280
1998-04-23,8.0,10.399999618530272,8.0,9.199999809265137,9.199999809265137,5080
1998-04-24,9.199999809265137,10.0,8.399999618530273,8.399999618530273,8.399999618530273,4250
1998-04-27,8.0,8.0,8.0,8.0,8.0,500
1998-04-28,8.399999618530273,8.399999618530273,8.0,8.0,8.0,650
1998-04-29,9.199999809265137,9.199999809265137,8.0,8.0,8.0,780
1998-04-30,8.0,8.800000190734863,8.0,8.800000190734863,8.800000190734863,750
1998-05-01,8.0,8.0,8.0,8.0,8.0,900
1998-05-04,9.600000381469728,9.600000381469728,9.600000381469728,9.600000381469728,9.600000381469728,550
1998-05-05,2.400000095367432,2.400000095367432,2.400000095367432,2.400000095367432,2.400000095367432,0
1998-05-06,9.199999809265137,9.199999809265137,9.199999809265137,9.199999809265137,9.199999809265137,350
1998-05-07,2.299999952316284,2.299999952316284,2.299999952316284,2.299999952316284,2.299999952316284,0
1998-05-08,2.299999952316284,2.299999952316284,2.299999952316284,2.299999952316284,2.299999952316284,0
1998-05-11,7.199999809265137,7.199999809265137,7.199999809265137,7.199999809265137,7.199999809265137,1000
1998-05-12,1.7999999523162842,1.7999999523162842,1.7999999523162842,1.7999999523162842,1.7999999523162842,0
1998-05-13,7.199999809265137,7.199999809265137,7.199999809265137,7.199999809265137,7.199999809265137,1250
1998-05-14,7.199999809265137,7.199999809265137,6.800000190734863,6.800000190734863,6.800000190734863,2430
1998-05-15,1.7000000476837158,1.7000000476837158,1.7000000476837158,1.7000000476837158,1.7000000476837158,0
1998-05-18,1.7000000476837158,1.7000000476837158,1.7000000476837158,1.7000000476837158,1.7000000476837158,0
1998-05-19,6.400000095367432,6.400000095367432,6.400000095367432,6.400000095367432,6.400000095367432,1000
1998-05-20,6.0,6.0,5.599999904632568,5.599999904632568,5.599999904632568,2200
1998-05-21,5.599999904632568,5.599999904632568,4.400000095367432,4.400000095367432,4.400000095367432,3830
1998-05-22,1.100000023841858,1.100000023841858,1.100000023841858,1.100000023841858,1.100000023841858,0
1998-05-26,1.100000023841858,1.100000023841858,1.100000023841858,1.100000023841858,1.100000023841858,0
1998-05-27,1.100000023841858,1.100000023841858,1.100000023841858,1.100000023841858,1.100000023841858,0
1998-05-28,1.100000023841858,1.100000023841858,1.100000023841858,1.100000023841858,1.100000023841858,0
1998-05-29,4.400000095367432,4.400000095367432,3.5999999046325684,3.5999999046325684,3.5999999046325684,4750
1998-06-01,0.8999999761581421,0.8999999761581421,0.8999999761581421,0.8999999761581421,0.8999999761581421,0
1998-06-02,0.8999999761581421,0.8999999761581421,0.8999999761581421,0.8999999761581421,0.8999999761581421,0
1998-06-03,0.8999999761581421,0.8999999761581421,0.8999999761581421,0.8999999761581421,0.8999999761581421,0
1998-06-04,4.0,4.0,4.0,4.0,4.0,1050
1998-06-05,4.400000095367432,4.400000095367432,4.0,4.0,4.0,2000
1998-06-08,1.0,1.0,1.0,1.0,1.0,0
1998-06-09,1.0,1.0,1.0,1.0,1.0,0
1998-06-10,5.199999809265137,5.199999809265137,5.199999809265137,5.199999809265137,5.199999809265137,2550
1998-06-11,4.800000190734863,4.800000190734863,4.400000095367432,4.400000095367432,4.400000095367432,630
1998-06-12,1.100000023841858,1.100000023841858,1.100000023841858,1.100000023841858,1.100000023841858,0
1998-06-15,1.100000023841858,1.100000023841858,1.100000023841858,1.100000023841858,1.100000023841858,0
1998-06-16,4.400000095367432,4.400000095367432,4.0,4.0,4.0,2250
1998-06-17,1.0,1.0,1.0,1.0,1.0,0
1998-06-18,4.0,4.0,4.0,4.0,4.0,500
1998-06-19,1.0,1.0,1.0,1.0,1.0,0
1998-06-22,1.0,1.0,1.0,1.0,1.0,0
1998-06-23,3.5999999046325684,3.5999999046325684,3.5999999046325684,3.5999999046325684,3.5999999046325684,130
1998-06-24,3.5999999046325684,3.5999999046325684,3.5999999046325684,3.5999999046325684,3.5999999046325684,400
1998-06-25,0.8999999761581421,0.8999999761581421,0.8999999761581421,0.8999999761581421,0.8999999761581421,0
1998-06-26,3.5999999046325684,3.5999999046325684,3.5999999046325684,3.5999999046325684,3.5999999046325684,1500
1998-06-29,3.200000047683716,3.5999999046325684,3.200000047683716,3.5999999046325684,3.5999999046325684,1100
1998-06-30,3.200000047683716,3.200000047683716,3.200000047683716,3.200000047683716,3.200000047683716,750
1998-07-01,0.800000011920929,0.800000011920929,0.800000011920929,0.800000011920929,0.800000011920929,0
1998-07-02,4.0,4.0,4.0,4.0,4.0,250
1998-07-06,4.0,4.0,4.0,4.0,4.0,350
1998-07-07,1.0,1.0,1.0,1.0,1.0,0
1998-07-08,1.0,1.0,1.0,1.0,1.0,0
1998-07-09,1.0,1.0,1.0,1.0,1.0,0
1998-07-10,1.0,1.0,1.0,1.0,1.0,0
1998-07-13,4.0,4.0,4.0,4.0,4.0,50
1998-07-14,4.0,4.0,4.0,4.0,4.0,700
1998-07-15,4.0,4.0,4.0,4.0,4.0,630
1998-07-16,4.400000095367432,4.400000095367432,3.200000047683716,3.5999999046325684,3.5999999046325684,1630
1998-07-17,3.5999999046325684,3.5999999046325684,3.5999999046325684,3.5999999046325684,3.5999999046325684,850
1998-07-20,0.8999999761581421,0.8999999761581421,0.8999999761581421,0.8999999761581421,0.8999999761581421,0
1998-07-21,0.8999999761581421,0.8999999761581421,0.8999999761581421,0.8999999761581421,0.8999999761581421,0
1998-07-22,0.8999999761581421,0.8999999761581421,0.8999999761581421,0.8999999761581421,0.8999999761581421,0
1998-07-23,0.8999999761581421,0.8999999761581421,0.8999999761581421,0.8999999761581421,0.8999999761581421,0
1998-07-24,0.8999999761581421,0.8999999761581421,0.8999999761581421,0.8999999761581421,0.8999999761581421,0
1998-07-27,3.200000047683716,3.200000047683716,2.799999952316284,2.799999952316284,2.799999952316284,2290
1998-07-28,3.200000047683716,3.200000047683716,3.200000047683716,3.200000047683716,3.200000047683716,500
1998-07-29,0.800000011920929,0.800000011920929,0.800000011920929,0.800000011920929,0.800000011920929,0
1998-07-30,2.799999952316284,2.799999952316284,2.799999952316284,2.799999952316284,2.799999952316284,100
1998-07-31,0.699999988079071,0.699999988079071,0.699999988079071,0.699999988079071,0.699999988079071,0
1998-08-03,0.699999988079071,0.699999988079071,0.699999988079071,0.699999988079071,0.699999988079071,0
1998-08-04,2.799999952316284,2.799999952316284,2.799999952316284,2.799999952316284,2.799999952316284,1000
1998-08-05,2.799999952316284,2.799999952316284,2.799999952316284,2.799999952316284,2.799999952316284,380
1998-08-06,0.699999988079071,0.699999988079071,0.699999988079071,0.699999988079071,0.699999988079071,0
1998-08-07,0.699999988079071,0.699999988079071,0.699999988079071,0.699999988079071,0.699999988079071,0
1998-08-10,0.699999988079071,0.699999988079071,0.699999988079071,0.699999988079071,0.699999988079071,0
1998-08-11,0.699999988079071,0.699999988079071,0.699999988079071,0.699999988079071,0.699999988079071,0
1998-08-12,2.799999952316284,2.799999952316284,2.799999952316284,2.799999952316284,2.799999952316284,150
1998-08-13,2.799999952316284,2.799999952316284,2.400000095367432,2.400000095367432,2.400000095367432,200
1998-08-14,0.6000000238418579,0.6000000238418579,0.6000000238418579,0.6000000238418579,0.6000000238418579,0
1998-08-17,2.799999952316284,4.0,2.799999952316284,4.0,4.0,1150
1998-08-18,1.0,1.0,1.0,1.0,1.0,0
1998-08-19,2.799999952316284,2.799999952316284,2.799999952316284,2.799999952316284,2.799999952316284,100
1998-08-20,0.699999988079071,0.699999988079071,0.699999988079071,0.699999988079071,0.699999988079071,0
1998-08-21,2.799999952316284,2.799999952316284,2.799999952316284,2.799999952316284,2.799999952316284,150
1998-08-24,0.699999988079071,0.699999988079071,0.699999988079071,0.699999988079071,0.699999988079071,0
1998-08-25,2.799999952316284,2.799999952316284,2.799999952316284,2.799999952316284,2.799999952316284,500
1998-08-26,2.400000095367432,2.799999952316284,2.400000095367432,2.799999952316284,2.799999952316284,1200
1998-08-27,0.699999988079071,0.699999988079071,0.699999988079071,0.699999988079071,0.699999988079071,0
1998-08-28,0.699999988079071,0.699999988079071,0.699999988079071,0.699999988079071,0.699999988079071,0
1998-08-31,2.400000095367432,2.400000095367432,2.400000095367432,2.400000095367432,2.400000095367432,1000
1998-09-01,2.400000095367432,2.400000095367432,2.400000095367432,2.400000095367432,2.400000095367432,1250
1998-09-02,0.6000000238418579,0.6000000238418579,0.6000000238418579,0.6000000238418579,0.6000000238418579,0
1998-09-03,2.400000095367432,2.400000095367432,2.400000095367432,2.400000095367432,2.400000095367432,1000
1998-09-04,2.400000095367432,2.799999952316284,2.400000095367432,2.799999952316284,2.799999952316284,1000
1998-09-08,0.699999988079071,0.699999988079071,0.699999988079071,0.699999988079071,0.699999988079071,0
1998-09-09,2.400000095367432,2.400000095367432,2.400000095367432,2.400000095367432,2.400000095367432,1000
1998-09-10,2.799999952316284,2.799999952316284,2.400000095367432,2.400000095367432,2.400000095367432,2750
1998-09-11,2.400000095367432,2.400000095367432,2.400000095367432,2.400000095367432,2.400000095367432,1000
1998-09-14,0.6000000238418579,0.6000000238418579,0.6000000238418579,0.6000000238418579,0.6000000238418579,0
1998-09-15,2.0,2.400000095367432,2.0,2.400000095367432,2.400000095367432,1000
1998-09-16,2.400000095367432,2.400000095367432,2.400000095367432,2.400000095367432,2.400000095367432,4000
1998-09-17,0.6000000238418579,0.6000000238418579,0.6000000238418579,0.6000000238418579,0.6000000238418579,0
1998-09-18,0.6000000238418579,0.6000000238418579,0.6000000238418579,0.6000000238418579,0.6000000238418579,0
1998-09-21,2.0,2.0,2.0,2.0,2.0,3850
1998-09-22,2.400000095367432,2.400000095367432,2.400000095367432,2.400000095367432,2.400000095367432,1000
1998-09-23,0.6000000238418579,0.6000000238418579,0.6000000238418579,0.6000000238418579,0.6000000238418579,0
1998-09-24,2.0,2.400000095367432,2.0,2.400000095367432,2.400000095367432,2100
1998-09-25,2.400000095367432,2.400000095367432,2.400000095367432,2.400000095367432,2.400000095367432,1000
1998-09-28,2.0,2.0,2.0,2.0,2.0,2100
1998-09-29,2.0,2.0,2.0,2.0,2.0,700
1998-09-30,0.5,0.5,0.5,0.5,0.5,0
1998-10-01,0.5,0.5,0.5,0.5,0.5,0
1998-10-02,2.0,2.0,2.0,2.0,2.0,500
1998-10-05,0.5,0.5,0.5,0.5,0.5,0
1998-10-06,2.0,2.0,2.0,2.0,2.0,4000
1998-10-07,2.400000095367432,2.400000095367432,2.400000095367432,2.400000095367432,2.400000095367432,350
1998-10-08,0.6000000238418579,0.6000000238418579,0.6000000238418579,0.6000000238418579,0.6000000238418579,0
1998-10-09,0.6000000238418579,0.6000000238418579,0.6000000238418579,0.6000000238418579,0.6000000238418579,0
1998-10-12,0.6000000238418579,0.6000000238418579,0.6000000238418579,0.6000000238418579,0.6000000238418579,0
1998-10-13,2.799999952316284,2.799999952316284,2.799999952316284,2.799999952316284,2.799999952316284,500
1998-10-14,2.799999952316284,2.799999952316284,2.799999952316284,2.799999952316284,2.799999952316284,30
1998-10-15,0.699999988079071,0.699999988079071,0.699999988079071,0.699999988079071,0.699999988079071,0
1998-10-16,0.699999988079071,0.699999988079071,0.699999988079071,0.699999988079071,0.699999988079071,0
1998-10-19,0.699999988079071,0.699999988079071,0.699999988079071,0.699999988079071,0.699999988079071,0
1998-10-20,2.799999952316284,2.799999952316284,2.799999952316284,2.799999952316284,2.799999952316284,400
1998-10-21,0.699999988079071,0.699999988079071,0.699999988079071,0.699999988079071,0.699999988079071,0
1998-10-22,3.200000047683716,3.5999999046325684,3.200000047683716,3.5999999046325684,3.5999999046325684,1150
1998-10-23,3.5999999046325684,3.5999999046325684,3.5999999046325684,3.5999999046325684,3.5999999046325684,650
1998-10-26,2.400000095367432,2.400000095367432,2.400000095367432,2.400000095367432,2.400000095367432,1000
1998-10-27,4.0,4.0,2.799999952316284,2.799999952316284,2.799999952316284,1000
1998-10-28,4.0,4.800000190734863,4.0,4.0,4.0,1000
1998-10-29,4.0,4.0,4.0,4.0,4.0,1000
1998-10-30,4.0,4.0,3.200000047683716,3.200000047683716,3.200000047683716,280
1998-11-02,0.800000011920929,0.800000011920929,0.800000011920929,0.800000011920929,0.800000011920929,0
1998-11-03,4.0,6.400000095367432,4.0,5.199999809265137,5.199999809265137,3600
1998-11-04,4.400000095367432,4.400000095367432,4.400000095367432,4.400000095367432,4.400000095367432,280
1998-11-05,4.800000190734863,4.800000190734863,4.800000190734863,4.800000190734863,4.800000190734863,25630
1998-11-06,4.400000095367432,4.400000095367432,4.400000095367432,4.400000095367432,4.400000095367432,210
1998-11-09,5.599999904632568,5.599999904632568,5.599999904632568,5.599999904632568,5.599999904632568,130
1998-11-10,6.0,6.0,6.0,6.0,6.0,2050
1998-11-11,6.0,6.800000190734863,6.0,6.800000190734863,6.800000190734863,4100
1998-11-12,6.400000095367432,6.400000095367432,6.400000095367432,6.400000095367432,6.400000095367432,250
1998-11-13,5.199999809265137,5.199999809265137,4.800000190734863,5.199999809265137,5.199999809265137,2660
1998-11-16,4.800000190734863,5.199999809265137,4.800000190734863,5.199999809265137,5.199999809265137,1850
1998-11-17,6.0,6.400000095367432,6.0,6.0,6.0,2350
1998-11-18,1.5,1.5,1.5,1.5,1.5,0
1998-11-19,5.199999809265137,5.599999904632568,5.199999809265137,5.599999904632568,5.599999904632568,1500
1998-11-20,5.199999809265137,5.199999809265137,5.199999809265137,5.199999809265137,5.199999809265137,950
1998-11-23,4.800000190734863,4.800000190734863,4.800000190734863,4.800000190734863,4.800000190734863,1250
1998-11-24,4.800000190734863,5.199999809265137,4.800000190734863,5.199999809265137,5.199999809265137,1000
1998-11-25,1.2999999523162842,1.2999999523162842,1.2999999523162842,1.2999999523162842,1.2999999523162842,0
1998-11-27,4.400000095367432,4.400000095367432,4.400000095367432,4.400000095367432,4.400000095367432,250
1998-11-30,4.400000095367432,4.400000095367432,4.400000095367432,4.400000095367432,4.400000095367432,1280
1998-12-01,4.0,4.400000095367432,4.0,4.400000095367432,4.400000095367432,2230
1998-12-02,4.400000095367432,4.400000095367432,4.400000095367432,4.400000095367432,4.400000095367432,500
1998-12-03,1.100000023841858,1.100000023841858,1.100000023841858,1.100000023841858,1.100000023841858,0
1998-12-04,4.0,4.0,4.0,4.0,4.0,2000
1998-12-07,4.0,4.0,4.0,4.0,4.0,1500
1998-12-08,3.5999999046325684,3.5999999046325684,3.5999999046325684,3.5999999046325684,3.5999999046325684,180
1998-12-09,3.5999999046325684,3.5999999046325684,3.5999999046325684,3.5999999046325684,3.5999999046325684,650
1998-12-10,4.0,4.0,4.0,4.0,4.0,1750
1998-12-11,4.0,4.0,4.0,4.0,4.0,1250
1998-12-14,4.0,4.0,4.0,4.0,4.0,1450
1998-12-15,1.0,1.0,1.0,1.0,1.0,0
1998-12-16,1.0,1.0,1.0,1.0,1.0,0
1998-12-17,4.0,4.0,4.0,4.0,4.0,80
1998-12-18,1.0,1.0,1.0,1.0,1.0,0
1998-12-21,4.800000190734863,4.800000190734863,4.0,4.400000095367432,4.400000095367432,880
1998-12-22,4.800000190734863,4.800000190734863,4.800000190734863,4.800000190734863,4.800000190734863,160
1998-12-23,4.0,4.0,4.0,4.0,4.0,100
1998-12-24,4.0,4.0,4.0,4.0,4.0,500
1998-12-28,1.0,1.0,1.0,1.0,1.0,0
1998-12-29,1.0,1.0,1.0,1.0,1.0,0
1998-12-30,5.199999809265137,5.199999809265137,4.0,4.0,4.0,2270
1998-12-31,1.0,1.0,1.0,1.0,1.0,0
1999-01-04,1.0,1.0,1.0,1.0,1.0,0
1999-01-05,1.0,1.0,1.0,1.0,1.0,0
1999-01-06,1.0,1.0,1.0,1.0,1.0,0
1999-01-07,1.0,1.0,1.0,1.0,1.0,0
1999-01-08,4.400000095367432,4.800000190734863,4.400000095367432,4.800000190734863,4.800000190734863,1750
1999-01-11,5.199999809265137,8.0,5.199999809265137,6.0,6.0,5250
1999-01-12,6.400000095367432,6.400000095367432,5.599999904632568,5.599999904632568,5.599999904632568,2500
1999-01-13,6.0,6.0,5.599999904632568,6.0,6.0,2800
1999-01-14,6.800000190734863,6.800000190734863,6.0,6.0,6.0,600
1999-01-15,6.0,7.199999809265137,6.0,7.199999809265137,7.199999809265137,4250
1999-01-19,6.800000190734863,6.800000190734863,6.400000095367432,6.400000095367432,6.400000095367432,2960
1999-01-20,1.600000023841858,1.600000023841858,1.600000023841858,1.600000023841858,1.600000023841858,0
1999-01-21,6.400000095367432,6.400000095367432,6.0,6.0,6.0,1290
1999-01-22,6.400000095367432,6.400000095367432,6.400000095367432,6.400000095367432,6.400000095367432,500
1999-01-25,6.800000190734863,6.800000190734863,6.400000095367432,6.400000095367432,6.400000095367432,1780
1999-01-26,6.800000190734863,7.199999809265137,6.800000190734863,6.800000190734863,6.800000190734863,1700
1999-01-27,6.800000190734863,6.800000190734863,6.800000190734863,6.800000190734863,6.800000190734863,1000
1999-01-28,7.199999809265137,7.199999809265137,6.800000190734863,6.800000190734863,6.800000190734863,1350
1999-01-29,7.199999809265137,7.199999809265137,6.800000190734863,7.199999809265137,7.199999809265137,1850
1999-02-01,6.400000095367432,6.400000095367432,5.199999809265137,5.599999904632568,5.599999904632568,1300
1999-02-02,5.599999904632568,6.0,5.599999904632568,5.599999904632568,5.599999904632568,2750
1999-02-03,1.399999976158142,1.399999976158142,1.399999976158142,1.399999976158142,1.399999976158142,0
1999-02-04,5.199999809265137,5.199999809265137,5.199999809265137,5.199999809265137,5.199999809265137,1200
1999-02-05,6.0,6.400000095367432,6.0,6.400000095367432,6.400000095367432,600
1999-02-08,6.0,6.0,5.199999809265137,5.199999809265137,5.199999809265137,1950
1999-02-09,5.199999809265137,5.599999904632568,5.199999809265137,5.599999904632568,5.599999904632568,700
1999-02-10,5.599999904632568,5.599999904632568,5.599999904632568,5.599999904632568,5.599999904632568,250
1999-02-11,5.599999904632568,5.599999904632568,5.599999904632568,5.599999904632568,5.599999904632568,1500
1999-02-12,5.599999904632568,5.599999904632568,5.599999904632568,5.599999904632568,5.599999904632568,330
1999-02-16,1.2999999523162842,1.2999999523162842,1.2999999523162842,1.2999999523162842,1.2999999523162842,0
1999-02-17,5.199999809265137,5.199999809265137,5.199999809265137,5.199999809265137,5.199999809265137,200
1999-02-18,5.199999809265137,5.599999904632568,5.199999809265137,5.599999904632568,5.599999904632568,2000
1999-02-19,1.399999976158142,1.399999976158142,1.399999976158142,1.399999976158142,1.399999976158142,0
1999-02-22,5.199999809265137,5.199999809265137,5.199999809265137,5.199999809265137,5.199999809265137,250
1999-02-23,5.599999904632568,5.599999904632568,5.599999904632568,5.599999904632568,5.599999904632568,1000
1999-02-24,5.599999904632568,5.599999904632568,5.599999904632568,5.599999904632568,5.599999904632568,750
1999-02-25,5.199999809265137,5.199999809265137,4.800000190734863,4.800000190734863,4.800000190734863,950
1999-02-26,1.2000000476837158,1.2000000476837158,1.2000000476837158,1.2000000476837158,1.2000000476837158,0
1999-03-01,5.199999809265137,5.199999809265137,5.199999809265137,5.199999809265137,5.199999809265137,500
1999-03-02,5.199999809265137,5.199999809265137,5.199999809265137,5.199999809265137,5.199999809265137,50
1999-03-03,5.199999809265137,5.199999809265137,4.400000095367432,4.400000095367432,4.400000095367432,1150
1999-03-04,4.800000190734863,5.199999809265137,4.800000190734863,5.199999809265137,5.199999809265137,600
1999-03-05,5.199999809265137,5.599999904632568,5.199999809265137,5.599999904632568,5.599999904632568,1000
1999-03-08,5.599999904632568,6.0,5.599999904632568,5.599999904632568,5.599999904632568,1450
1999-03-09,5.599999904632568,6.0,5.599999904632568,5.599999904632568,5.599999904632568,2050
1999-03-10,5.599999904632568,5.599999904632568,5.199999809265137,5.199999809265137,5.199999809265137,1800
1999-03-11,5.199999809265137,5.599999904632568,5.199999809265137,5.199999809265137,5.199999809265137,2180
1999-03-12,5.199999809265137,5.199999809265137,4.800000190734863,4.800000190734863,4.800000190734863,1250
1999-03-15,1.2000000476837158,1.2000000476837158,1.2000000476837158,1.2000000476837158,1.2000000476837158,0
1999-03-16,1.2000000476837158,1.2000000476837158,1.2000000476837158,1.2000000476837158,1.2000000476837158,0
1999-03-17,5.199999809265137,5.199999809265137,5.199999809265137,5.199999809265137,5.199999809265137,180
1999-03-18,5.199999809265137,5.199999809265137,4.400000095367432,4.800000190734863,4.800000190734863,2250
1999-03-19,4.400000095367432,5.199999809265137,4.400000095367432,5.199999809265137,5.199999809265137,1000
1999-03-22,4.800000190734863,5.199999809265137,4.400000095367432,4.800000190734863,4.800000190734863,1200
1999-03-23,1.2000000476837158,1.2000000476837158,1.2000000476837158,1.2000000476837158,1.2000000476837158,0
1999-03-24,5.199999809265137,5.199999809265137,5.199999809265137,5.199999809265137,5.199999809265137,100
1999-03-25,4.800000190734863,5.199999809265137,4.800000190734863,5.199999809265137,5.199999809265137,1630
1999-03-26,4.800000190734863,4.800000190734863,4.400000095367432,4.400000095367432,4.400000095367432,2250
1999-03-29,4.400000095367432,4.400000095367432,4.400000095367432,4.400000095367432,4.400000095367432,230
1999-03-30,4.400000095367432,4.400000095367432,4.400000095367432,4.400000095367432,4.400000095367432,1250
1999-03-31,4.800000190734863,5.199999809265137,4.800000190734863,5.199999809265137,5.199999809265137,930
1999-04-01,1.2999999523162842,1.2999999523162842,1.2999999523162842,1.2999999523162842,1.2999999523162842,0
1999-04-05,1.2999999523162842,1.2999999523162842,1.2999999523162842,1.2999999523162842,1.2999999523162842,0
1999-04-06,5.599999904632568,6.400000095367432,5.599999904632568,6.400000095367432,6.400000095367432,2250
1999-04-07,7.199999809265137,7.599999904632568,6.400000095367432,6.400000095367432,6.400000095367432,5250
1999-04-08,1.600000023841858,1.600000023841858,1.600000023841858,1.600000023841858,1.600000023841858,0
1999-04-09,6.400000095367432,6.400000095367432,6.400000095367432,6.400000095367432,6.400000095367432,150
1999-04-12,6.400000095367432,6.400000095367432,6.0,6.0,6.0,230
1999-04-13,6.0,6.0,6.0,6.0,6.0,750
1999-04-14,6.0,6.0,6.0,6.0,6.0,80
1999-04-15,1.5,1.5,1.5,1.5,1.5,0
1999-04-16,1.5,1.5,1.5,1.5,1.5,0
1999-04-19,1.5,1.5,1.5,1.5,1.5,0
1999-04-20,6.0,6.0,5.599999904632568,5.599999904632568,5.599999904632568,1010
1999-04-21,1.399999976158142,1.399999976158142,1.399999976158142,1.399999976158142,1.399999976158142,0
1999-04-22,5.599999904632568,5.599999904632568,5.599999904632568,5.599999904632568,5.599999904632568,430
1999-04-23,5.599999904632568,5.599999904632568,5.599999904632568,5.599999904632568,5.599999904632568,330
1999-04-26,6.0,6.400000095367432,6.0,6.0,6.0,1930
1999-04-27,6.800000190734863,7.599999904632568,6.800000190734863,7.599999904632568,7.599999904632568,1000
1999-04-28,6.800000190734863,6.800000190734863,6.400000095367432,6.400000095367432,6.400000095367432,1050
1999-04-29,6.400000095367432,7.199999809265137,6.0,6.0,6.0,3050
1999-04-30,7.199999809265137,8.0,7.199999809265137,8.0,8.0,2030
1999-05-03,6.800000190734863,7.599999904632568,6.800000190734863,7.599999904632568,7.599999904632568,4000
1999-05-04,7.199999809265137,7.199999809265137,7.199999809265137,7.199999809265137,7.199999809265137,6500
1999-05-05,8.0,8.0,7.199999809265137,7.599999904632568,7.599999904632568,2750
1999-05-06,7.599999904632568,8.0,7.599999904632568,8.0,8.0,5550
1999-05-07,8.0,9.199999809265137,7.599999904632568,8.800000190734863,8.800000190734863,5180
1999-05-10,8.399999618530273,8.800000190734863,8.399999618530273,8.399999618530273,8.399999618530273,2750
1999-05-11,8.0,8.0,8.0,8.0,8.0,750
1999-05-12,8.0,8.399999618530273,7.599999904632568,7.599999904632568,7.599999904632568,4080
1999-05-13,1.899999976158142,1.899999976158142,1.899999976158142,1.899999976158142,1.899999976158142,0
1999-05-14,8.800000190734863,9.199999809265137,8.800000190734863,9.199999809265137,9.199999809265137,550
1999-05-17,9.199999809265137,9.199999809265137,9.199999809265137,9.199999809265137,9.199999809265137,130
1999-05-18,8.399999618530273,8.399999618530273,8.399999618530273,8.399999618530273,8.399999618530273,750
1999-05-19,8.399999618530273,9.199999809265137,8.0,8.0,8.0,780
1999-05-20,9.199999809265137,9.199999809265137,8.0,8.0,8.0,700
1999-05-21,8.0,8.0,8.0,8.0,8.0,400
1999-05-24,2.0,2.0,2.0,2.0,2.0,0
1999-05-25,2.0,2.0,2.0,2.0,2.0,0
1999-05-26,7.199999809265137,8.0,7.199999809265137,8.0,8.0,52700
1999-05-27,8.800000190734863,8.800000190734863,8.0,8.0,8.0,550
1999-05-28,8.0,8.0,8.0,8.0,8.0,80
1999-06-01,7.199999809265137,8.0,7.199999809265137,8.0,8.0,830
1999-06-02,8.0,8.0,8.0,8.0,8.0,1130
1999-06-03,7.199999809265137,8.0,6.800000190734863,8.0,8.0,1750
1999-06-04,7.199999809265137,8.399999618530273,7.199999809265137,8.399999618530273,8.399999618530273,530
1999-06-07,8.800000190734863,8.800000190734863,8.800000190734863,8.800000190734863,8.800000190734863,250
1999-06-08,9.600000381469728,9.600000381469728,9.600000381469728,9.600000381469728,9.600000381469728,500
1999-06-09,7.599999904632568,7.599999904632568,7.599999904632568,7.599999904632568,7.599999904632568,750
1999-06-10,1.899999976158142,1.899999976158142,1.899999976158142,1.899999976158142,1.899999976158142,0
1999-06-11,8.0,8.0,6.800000190734863,6.800000190734863,6.800000190734863,1130
1999-06-14,7.199999809265137,7.199999809265137,7.199999809265137,7.199999809265137,7.199999809265137,500
1999-06-15,7.599999904632568,8.0,6.800000190734863,7.199999809265137,7.199999809265137,1180
1999-06-16,6.800000190734863,6.800000190734863,6.800000190734863,6.800000190734863,6.800000190734863,1150
1999-06-17,6.800000190734863,6.800000190734863,6.800000190734863,6.800000190734863,6.800000190734863,780
1999-06-18,6.800000190734863,6.800000190734863,6.400000095367432,6.400000095367432,6.400000095367432,1080
1999-06-21,6.0,6.0,6.0,6.0,6.0,1930
1999-06-22,6.0,6.0,6.0,6.0,6.0,1000
1999-06-23,1.5,1.5,1.5,1.5,1.5,0
1999-06-24,6.0,6.0,6.0,6.0,6.0,150
1999-06-25,6.0,6.0,6.0,6.0,6.0,350
1999-06-28,6.0,6.0,5.199999809265137,5.199999809265137,5.199999809265137,750
1999-06-29,1.2999999523162842,1.2999999523162842,1.2999999523162842,1.2999999523162842,1.2999999523162842,0
1999-06-30,5.599999904632568,5.599999904632568,4.800000190734863,4.800000190734863,4.800000190734863,2050
1999-07-01,1.2000000476837158,1.2000000476837158,1.2000000476837158,1.2000000476837158,1.2000000476837158,0
1999-07-02,1.2000000476837158,1.2000000476837158,1.2000000476837158,1.2000000476837158,1.2000000476837158,0
1999-07-06,1.2000000476837158,1.2000000476837158,1.2000000476837158,1.2000000476837158,1.2000000476837158,0
1999-07-07,1.2000000476837158,1.2000000476837158,1.2000000476837158,1.2000000476837158,1.2000000476837158,0
1999-07-08,1.2000000476837158,1.2000000476837158,1.2000000476837158,1.2000000476837158,1.2000000476837158,0
1999-07-09,1.2000000476837158,1.2000000476837158,1.2000000476837158,1.2000000476837158,1.2000000476837158,0
1999-07-12,6.400000095367432,6.800000190734863,5.199999809265137,6.0,6.0,1350
1999-07-13,5.599999904632568,5.599999904632568,5.599999904632568,5.599999904632568,5.599999904632568,300
1999-07-14,1.399999976158142,1.399999976158142,1.399999976158142,1.399999976158142,1.399999976158142,0
1999-07-15,1.399999976158142,1.399999976158142,1.399999976158142,1.399999976158142,1.399999976158142,0
1999-07-16,5.599999904632568,5.599999904632568,5.199999809265137,5.199999809265137,5.199999809265137,500
1999-07-19,5.599999904632568,6.800000190734863,5.599999904632568,5.599999904632568,5.599999904632568,2200
1999-07-20,1.399999976158142,1.399999976158142,1.399999976158142,1.399999976158142,1.399999976158142,0
1999-07-21,5.199999809265137,5.199999809265137,5.199999809265137,5.199999809265137,5.199999809265137,350
1999-07-22,1.2999999523162842,1.2999999523162842,1.2999999523162842,1.2999999523162842,1.2999999523162842,0
1999-07-23,1.2999999523162842,1.2999999523162842,1.2999999523162842,1.2999999523162842,1.2999999523162842,0
1999-07-26,1.2999999523162842,1.2999999523162842,1.2999999523162842,1.2999999523162842,1.2999999523162842,0
1999-07-27,1.2999999523162842,1.2999999523162842,1.2999999523162842,1.2999999523162842,1.2999999523162842,0
1999-07-28,5.599999904632568,5.599999904632568,5.599999904632568,5.599999904632568,5.599999904632568,250
1999-07-29,1.399999976158142,1.399999976158142,1.399999976158142,1.399999976158142,1.399999976158142,0
1999-07-30,1.399999976158142,1.399999976158142,1.399999976158142,1.399999976158142,1.399999976158142,0
1999-08-02,1.399999976158142,1.399999976158142,1.399999976158142,1.399999976158142,1.399999976158142,0
1999-08-03,5.199999809265137,5.199999809265137,5.199999809265137,5.199999809265137,5.199999809265137,1400
1999-08-04,1.2999999523162842,1.2999999523162842,1.2999999523162842,1.2999999523162842,1.2999999523162842,0
1999-08-05,1.2999999523162842,1.2999999523162842,1.2999999523162842,1.2999999523162842,1.2999999523162842,0
1999-08-06,1.2999999523162842,1.2999999523162842,1.2999999523162842,1.2999999523162842,1.2999999523162842,0
1999-08-09,1.2999999523162842,1.2999999523162842,1.2999999523162842,1.2999999523162842,1.2999999523162842,0
1999-08-10,5.199999809265137,5.199999809265137,5.199999809265137,5.199999809265137,5.199999809265137,250
1999-08-11,5.199999809265137,5.199999809265137,4.800000190734863,4.800000190734863,4.800000190734863,1800
1999-08-12,4.400000095367432,4.800000190734863,4.400000095367432,4.800000190734863,4.800000190734863,350
1999-08-13,4.800000190734863,4.800000190734863,4.800000190734863,4.800000190734863,4.800000190734863,500
1999-08-16,1.2000000476837158,1.2000000476837158,1.2000000476837158,1.2000000476837158,1.2000000476837158,0
1999-08-17,4.800000190734863,4.800000190734863,4.800000190734863,4.800000190734863,4.800000190734863,650
1999-08-18,1.2000000476837158,1.2000000476837158,1.2000000476837158,1.2000000476837158,1.2000000476837158,0
1999-08-19,4.400000095367432,4.400000095367432,4.400000095367432,4.400000095367432,4.400000095367432,250
1999-08-20,4.400000095367432,4.400000095367432,4.400000095367432,4.400000095367432,4.400000095367432,750
1999-08-23,4.800000190734863,5.199999809265137,4.800000190734863,5.199999809265137,5.199999809265137,380
1999-08-24,5.199999809265137,5.199999809265137,5.199999809265137,5.199999809265137,5.199999809265137,50
1999-08-25,4.400000095367432,4.400000095367432,4.400000095367432,4.400000095367432,4.400000095367432,660
1999-08-26,1.100000023841858,1.100000023841858,1.100000023841858,1.100000023841858,1.100000023841858,0
1999-08-27,4.800000190734863,4.800000190734863,4.800000190734863,4.800000190734863,4.800000190734863,50
1999-08-30,1.2000000476837158,1.2000000476837158,1.2000000476837158,1.2000000476837158,1.2000000476837158,0
1999-08-31,1.2000000476837158,1.2000000476837158,1.2000000476837158,1.2000000476837158,1.2000000476837158,0
1999-09-01,5.199999809265137,5.199999809265137,5.199999809265137,5.199999809265137,5.199999809265137,250
1999-09-02,1.2999999523162842,1.2999999523162842,1.2999999523162842,1.2999999523162842,1.2999999523162842,0
1999-09-03,1.2999999523162842,1.2999999523162842,1.2999999523162842,1.2999999523162842,1.2999999523162842,0
1999-09-07,1.2999999523162842,1.2999999523162842,1.2999999523162842,1.2999999523162842,1.2999999523162842,0
1999-09-08,5.199999809265137,5.199999809265137,4.800000190734863,4.800000190734863,4.800000190734863,130
1999-09-09,1.2000000476837158,1.2000000476837158,1.2000000476837158,1.2000000476837158,1.2000000476837158,0
1999-09-10,5.199999809265137,5.199999809265137,5.199999809265137,5.199999809265137,5.199999809265137,50
1999-09-13,1.2999999523162842,1.2999999523162842,1.2999999523162842,1.2999999523162842,1.2999999523162842,0
1999-09-14,5.199999809265137,5.199999809265137,4.400000095367432,4.400000095367432,4.400000095367432,880
1999-09-15,1.100000023841858,1.100000023841858,1.100000023841858,1.100000023841858,1.100000023841858,0
1999-09-16,4.800000190734863,4.800000190734863,4.800000190734863,4.800000190734863,4.800000190734863,130
1999-09-17,1.2000000476837158,1.2000000476837158,1.2000000476837158,1.2000000476837158,1.2000000476837158,0
1999-09-20,1.2000000476837158,1.2000000476837158,1.2000000476837158,1.2000000476837158,1.2000000476837158,0
1999-09-21,1.2000000476837158,1.2000000476837158,1.2000000476837158,1.2000000476837158,1.2000000476837158,0
1999-09-22,1.2000000476837158,1.2000000476837158,1.2000000476837158,1.2000000476837158,1.2000000476837158,0
1999-09-23,4.400000095367432,4.400000095367432,4.400000095367432,4.400000095367432,4.400000095367432,600
1999-09-24,1.100000023841858,1.100000023841858,1.100000023841858,1.100000023841858,1.100000023841858,0
1999-09-27,4.800000190734863,4.800000190734863,4.800000190734863,4.800000190734863,4.800000190734863,100
1999-09-28,4.800000190734863,6.0,4.800000190734863,5.199999809265137,5.199999809265137,1350
1999-09-29,4.800000190734863,4.800000190734863,4.800000190734863,4.800000190734863,4.800000190734863,150
1999-09-30,4.800000190734863,5.599999904632568,4.800000190734863,5.599999904632568,5.599999904632568,3730
1999-10-01,1.399999976158142,1.399999976158142,1.399999976158142,1.399999976158142,1.399999976158142,0
1999-10-04,1.399999976158142,1.399999976158142,1.399999976158142,1.399999976158142,1.399999976158142,0
1999-10-05,1.399999976158142,1.399999976158142,1.399999976158142,1.399999976158142,1.399999976158142,0
1999-10-06,5.199999809265137,5.199999809265137,5.199999809265137,5.199999809265137,5.199999809265137,1000
1999-10-07,1.2999999523162842,1.2999999523162842,1.2999999523162842,1.2999999523162842,1.2999999523162842,0
1999-10-08,1.2999999523162842,1.2999999523162842,1.2999999523162842,1.2999999523162842,1.2999999523162842,0
1999-10-11,1.2999999523162842,1.2999999523162842,1.2999999523162842,1.2999999523162842,1.2999999523162842,0
1999-10-12,1.2999999523162842,1.2999999523162842,1.2999999523162842,1.2999999523162842,1.2999999523162842,0
1999-10-13,5.199999809265137,6.0,4.800000190734863,6.0,6.0,730
1999-10-14,1.5,1.5,1.5,1.5,1.5,0
1999-10-15,4.800000190734863,4.800000190734863,4.400000095367432,4.400000095367432,4.400000095367432,3530
1999-10-18,1.100000023841858,1.100000023841858,1.100000023841858,1.100000023841858,1.100000023841858,0
1999-10-19,1.100000023841858,1.100000023841858,1.100000023841858,1.100000023841858,1.100000023841858,0
1999-10-20,1.100000023841858,1.100000023841858,1.100000023841858,1.100000023841858,1.100000023841858,0
1999-10-21,5.199999809265137,5.199999809265137,4.800000190734863,4.800000190734863,4.800000190734863,1250
1999-10-22,1.2000000476837158,1.2000000476837158,1.2000000476837158,1.2000000476837158,1.2000000476837158,0
1999-10-25,1.2000000476837158,1.2000000476837158,1.2000000476837158,1.2000000476837158,1.2000000476837158,0
1999-10-26,1.2000000476837158,1.2000000476837158,1.2000000476837158,1.2000000476837158,1.2000000476837158,0
1999-10-27,1.2000000476837158,1.2000000476837158,1.2000000476837158,1.2000000476837158,1.2000000476837158,0
1999-10-28,1.2000000476837158,1.2000000476837158,1.2000000476837158,1.2000000476837158,1.2000000476837158,0
1999-10-29,1.2000000476837158,1.2000000476837158,1.2000000476837158,1.2000000476837158,1.2000000476837158,0
1999-11-01,5.199999809265137,5.199999809265137,4.0,4.400000095367432,4.400000095367432,1850
1999-11-02,4.0,4.0,4.0,4.0,4.0,130
1999-11-03,4.0,4.0,4.0,4.0,4.0,250
1999-11-04,1.0,1.0,1.0,1.0,1.0,0
1999-11-05,1.0,1.0,1.0,1.0,1.0,0
1999-11-08,1.0,1.0,1.0,1.0,1.0,0
1999-11-09,1.0,1.0,1.0,1.0,1.0,0
1999-11-10,1.0,1.0,1.0,1.0,1.0,0
1999-11-11,1.0,1.0,1.0,1.0,1.0,0
1999-11-12,3.5999999046325684,3.5999999046325684,3.5999999046325684,3.5999999046325684,3.5999999046325684,1500
1999-11-15,3.200000047683716,3.200000047683716,3.200000047683716,3.200000047683716,3.200000047683716,150
1999-11-16,3.200000047683716,3.200000047683716,3.200000047683716,3.200000047683716,3.200000047683716,50
1999-11-17,3.5999999046325684,4.0,3.5999999046325684,4.0,4.0,1720
1999-11-18,4.0,4.0,4.0,4.0,4.0,1400
1999-11-19,1.0,1.0,1.0,1.0,1.0,0
1999-11-22,4.0,4.0,4.0,4.0,4.0,650
1999-11-23,1.0,1.0,1.0,1.0,1.0,0
1999-11-24,4.0,4.0,4.0,4.0,4.0,100
1999-11-26,1.0,1.0,1.0,1.0,1.0,0
1999-11-29,3.200000047683716,3.200000047683716,3.200000047683716,3.200000047683716,3.200000047683716,250
1999-11-30,4.0,4.0,4.0,4.0,4.0,1830
1999-12-01,1.0,1.0,1.0,1.0,1.0,0
1999-12-02,3.5999999046325684,3.5999999046325684,3.5999999046325684,3.5999999046325684,3.5999999046325684,750
1999-12-03,3.5999999046325684,3.5999999046325684,3.5999999046325684,3.5999999046325684,3.5999999046325684,100
1999-12-06,3.5999999046325684,3.5999999046325684,3.5999999046325684,3.5999999046325684,3.5999999046325684,50
1999-12-07,3.5999999046325684,3.5999999046325684,3.200000047683716,3.200000047683716,3.200000047683716,2650
1999-12-08,3.200000047683716,3.200000047683716,3.200000047683716,3.200000047683716,3.200000047683716,1500
1999-12-09,0.800000011920929,0.800000011920929,0.800000011920929,0.800000011920929,0.800000011920929,0
1999-12-10,3.200000047683716,3.200000047683716,3.200000047683716,3.200000047683716,3.200000047683716,250
1999-12-13,3.5999999046325684,3.5999999046325684,3.200000047683716,3.200000047683716,3.200000047683716,2580
1999-12-14,4.0,4.0,4.0,4.0,4.0,950
1999-12-15,4.0,4.0,4.0,4.0,4.0,30
1999-12-16,1.0,1.0,1.0,1.0,1.0,0
1999-12-17,4.0,4.0,4.0,4.0,4.0,500
1999-12-20,4.0,4.800000190734863,4.0,4.800000190734863,4.800000190734863,1530
1999-12-21,1.2000000476837158,1.2000000476837158,1.2000000476837158,1.2000000476837158,1.2000000476837158,0
1999-12-22,4.800000190734863,4.800000190734863,3.5999999046325684,3.5999999046325684,3.5999999046325684,600
1999-12-23,3.5999999046325684,4.400000095367432,3.5999999046325684,4.0,4.0,3400
1999-12-27,1.0,1.0,1.0,1.0,1.0,0
1999-12-28,1.0,1.0,1.0,1.0,1.0,0
1999-12-29,1.0,1.0,1.0,1.0,1.0,0
1999-12-30,1.0,1.0,1.0,1.0,1.0,0
1999-12-31,1.0,1.0,1.0,1.0,1.0,0
2000-01-03,1.0,1.0,1.0,1.0,1.0,0
2000-01-04,4.0,4.0,4.0,4.0,4.0,500
2000-01-05,1.0,1.0,1.0,1.0,1.0,0
2000-01-06,1.0,1.0,1.0,1.0,1.0,0
2000-01-07,4.0,4.0,4.0,4.0,4.0,50
2000-01-10,4.800000190734863,5.199999809265137,4.800000190734863,4.800000190734863,4.800000190734863,1200
2000-01-11,1.2000000476837158,1.2000000476837158,1.2000000476837158,1.2000000476837158,1.2000000476837158,0
2000-01-12,4.0,4.0,4.0,4.0,4.0,150
2000-01-13,1.0,1.0,1.0,1.0,1.0,0
2000-01-14,1.0,1.0,1.0,1.0,1.0,0
2000-01-18,4.400000095367432,4.400000095367432,4.0,4.0,4.0,530
2000-01-19,1.0,1.0,1.0,1.0,1.0,0
2000-01-20,1.0,1.0,1.0,1.0,1.0,0
2000-01-21,1.0,1.0,1.0,1.0,1.0,0
2000-01-24,4.400000095367432,4.400000095367432,4.400000095367432,4.400000095367432,4.400000095367432,500
2000-01-25,1.100000023841858,1.100000023841858,1.100000023841858,1.100000023841858,1.100000023841858,0
2000-01-26,4.0,4.0,4.0,4.0,4.0,100
2000-01-27,1.0,1.0,1.0,1.0,1.0,0
2000-01-28,4.0,4.0,4.0,4.0,4.0,650
2000-01-31,4.0,4.0,4.0,4.0,4.0,600
2000-02-01,4.0,4.0,4.0,4.0,4.0,100
2000-02-02,1.0,1.0,1.0,1.0,1.0,0
2000-02-03,4.0,4.0,4.0,4.0,4.0,380
2000-02-04,4.800000190734863,4.800000190734863,4.800000190734863,4.800000190734863,4.800000190734863,150
2000-02-07,5.199999809265137,6.400000095367432,5.199999809265137,5.199999809265137,5.199999809265137,1250
2000-02-08,4.800000190734863,7.199999809265137,4.800000190734863,7.199999809265137,7.199999809265137,980
2000-02-09,6.400000095367432,6.400000095367432,6.400000095367432,6.400000095367432,6.400000095367432,30
2000-02-10,5.199999809265137,5.199999809265137,5.199999809265137,5.199999809265137,5.199999809265137,880
2000-02-11,5.599999904632568,5.599999904632568,5.199999809265137,5.199999809265137,5.199999809265137,1830
2000-02-14,5.199999809265137,5.199999809265137,5.199999809265137,5.199999809265137,5.199999809265137,200
2000-02-15,5.199999809265137,5.199999809265137,5.199999809265137,5.199999809265137,5.199999809265137,3330
2000-02-16,1.2999999523162842,1.2999999523162842,1.2999999523162842,1.2999999523162842,1.2999999523162842,0
2000-02-17,6.0,6.0,6.0,6.0,6.0,330
2000-02-18,1.5,1.5,1.5,1.5,1.5,0
2000-02-22,1.5,1.5,1.5,1.5,1.5,0
2000-02-23,5.599999904632568,5.599999904632568,5.599999904632568,5.599999904632568,5.599999904632568,250
2000-02-24,5.599999904632568,5.599999904632568,5.599999904632568,5.599999904632568,5.599999904632568,250
2000-02-25,6.0,6.0,6.0,6.0,6.0,200
2000-02-28,6.0,6.0,6.0,6.0,6.0,500
2000-02-29,1.5,1.5,1.5,1.5,1.5,0
2000-03-01,5.599999904632568,5.599999904632568,5.599999904632568,5.599999904632568,5.599999904632568,50
2000-03-02,6.0,6.800000190734863,5.199999809265137,5.199999809265137,5.199999809265137,580
2000-03-03,1.2999999523162842,1.2999999523162842,1.2999999523162842,1.2999999523162842,1.2999999523162842,0
2000-03-06,6.800000190734863,7.199999809265137,6.0,6.0,6.0,2580
2000-03-07,7.199999809265137,8.399999618530273,7.199999809265137,8.399999618530273,8.399999618530273,3050
2000-03-08,8.399999618530273,10.0,8.0,8.399999618530273,8.399999618530273,10300
2000-03-09,8.800000190734863,8.800000190734863,6.800000190734863,6.800000190734863,6.800000190734863,1830
2000-03-10,8.0,9.199999809265137,8.0,8.399999618530273,8.399999618530273,5800
2000-03-13,8.0,8.0,8.0,8.0,8.0,600
2000-03-14,7.599999904632568,8.0,7.599999904632568,8.0,8.0,780
2000-03-15,6.800000190734863,6.800000190734863,6.800000190734863,6.800000190734863,6.800000190734863,150
2000-03-16,6.800000190734863,6.800000190734863,6.400000095367432,6.800000190734863,6.800000190734863,2300
2000-03-17,1.7000000476837158,1.7000000476837158,1.7000000476837158,1.7000000476837158,1.7000000476837158,0
2000-03-20,6.800000190734863,6.800000190734863,6.0,6.0,6.0,880
2000-03-21,1.5,1.5,1.5,1.5,1.5,0
2000-03-22,6.400000095367432,6.800000190734863,6.400000095367432,6.800000190734863,6.800000190734863,2300
2000-03-23,6.400000095367432,7.199999809265137,6.0,7.199999809265137,7.199999809265137,2230
2000-03-24,6.400000095367432,6.400000095367432,6.400000095367432,6.400000095367432,6.400000095367432,600
2000-03-27,6.400000095367432,6.400000095367432,6.400000095367432,6.400000095367432,6.400000095367432,250
2000-03-28,6.400000095367432,6.400000095367432,6.0,6.0,6.0,780
2000-03-29,6.400000095367432,6.400000095367432,6.400000095367432,6.400000095367432,6.400000095367432,530
2000-03-30,6.400000095367432,6.400000095367432,6.0,6.0,6.0,3250
2000-03-31,1.5,1.5,1.5,1.5,1.5,0
2000-04-03,5.599999904632568,5.599999904632568,5.599999904632568,5.599999904632568,5.599999904632568,650
2000-04-04,5.199999809265137,5.199999809265137,4.400000095367432,4.800000190734863,4.800000190734863,1250
2000-04-05,5.599999904632568,5.599999904632568,5.199999809265137,5.199999809265137,5.199999809265137,150
2000-04-06,5.599999904632568,6.800000190734863,5.599999904632568,6.800000190734863,6.800000190734863,250
2000-04-07,1.7000000476837158,1.7000000476837158,1.7000000476837158,1.7000000476837158,1.7000000476837158,0
2000-04-10,1.7000000476837158,1.7000000476837158,1.7000000476837158,1.7000000476837158,1.7000000476837158,0
2000-04-11,6.400000095367432,6.400000095367432,6.400000095367432,6.400000095367432,6.400000095367432,250
2000-04-12,6.800000190734863,7.199999809265137,6.800000190734863,7.199999809265137,7.199999809265137,900
2000-04-13,7.199999809265137,7.199999809265137,7.199999809265137,7.199999809265137,7.199999809265137,230
2000-04-14,6.400000095367432,6.400000095367432,5.599999904632568,5.599999904632568,5.599999904632568,4030
2000-04-17,5.599999904632568,5.599999904632568,5.199999809265137,5.199999809265137,5.199999809265137,2000
2000-04-18,5.599999904632568,5.599999904632568,5.199999809265137,5.199999809265137,5.199999809265137,1150
2000-04-19,1.2999999523162842,1.2999999523162842,1.2999999523162842,1.2999999523162842,1.2999999523162842,0
2000-04-20,1.2999999523162842,1.2999999523162842,1.2999999523162842,1.2999999523162842,1.2999999523162842,0
2000-04-24,1.2999999523162842,1.2999999523162842,1.2999999523162842,1.2999999523162842,1.2999999523162842,0
2000-04-25,5.599999904632568,5.599999904632568,5.199999809265137,5.199999809265137,5.199999809265137,1500
2000-04-26,5.199999809265137,5.199999809265137,5.199999809265137,5.199999809265137,5.199999809265137,1000
2000-04-27,1.2999999523162842,1.2999999523162842,1.2999999523162842,1.2999999523162842,1.2999999523162842,0
2000-04-28,5.599999904632568,5.599999904632568,5.599999904632568,5.599999904632568,5.599999904632568,2480
2000-05-01,1.399999976158142,1.399999976158142,1.399999976158142,1.399999976158142,1.399999976158142,0
2000-05-02,1.399999976158142,1.399999976158142,1.399999976158142,1.399999976158142,1.399999976158142,0
2000-05-03,1.399999976158142,1.399999976158142,1.399999976158142,1.399999976158142,1.399999976158142,0
2000-05-04,6.0,6.400000095367432,6.0,6.400000095367432,6.400000095367432,1230
2000-05-05,1.600000023841858,1.600000023841858,1.600000023841858,1.600000023841858,1.600000023841858,0
2000-05-08,5.599999904632568,5.599999904632568,5.199999809265137,5.199999809265137,5.199999809265137,400
2000-05-09,5.599999904632568,5.599999904632568,5.199999809265137,5.199999809265137,5.199999809265137,380
2000-05-10,5.199999809265137,5.199999809265137,5.199999809265137,5.199999809265137,5.199999809265137,250
2000-05-11,1.2999999523162842,1.2999999523162842,1.2999999523162842,1.2999999523162842,1.2999999523162842,0
2000-05-12,1.2999999523162842,1.2999999523162842,1.2999999523162842,1.2999999523162842,1.2999999523162842,0
2000-05-15,5.599999904632568,6.0,5.599999904632568,5.599999904632568,5.599999904632568,1900
2000-05-16,1.399999976158142,1.399999976158142,1.399999976158142,1.399999976158142,1.399999976158142,0
2000-05-17,6.400000095367432,6.400000095367432,6.400000095367432,6.400000095367432,6.400000095367432,500
2000-05-18,5.599999904632568,5.599999904632568,5.599999904632568,5.599999904632568,5.599999904632568,1000
2000-05-19,1.399999976158142,1.399999976158142,1.399999976158142,1.399999976158142,1.399999976158142,0
2000-05-22,1.399999976158142,1.399999976158142,1.399999976158142,1.399999976158142,1.399999976158142,0
2000-05-23,1.399999976158142,1.399999976158142,1.399999976158142,1.399999976158142,1.399999976158142,0
2000-05-24,6.0,6.0,6.0,6.0,6.0,500
2000-05-25,5.599999904632568,5.599999904632568,5.199999809265137,5.199999809265137,5.199999809265137,500
2000-05-26,1.2999999523162842,1.2999999523162842,1.2999999523162842,1.2999999523162842,1.2999999523162842,0
2000-05-30,5.199999809265137,5.599999904632568,5.199999809265137,5.599999904632568,5.599999904632568,300
2000-05-31,5.199999809265137,5.199999809265137,5.199999809265137,5.199999809265137,5.199999809265137,1350
2000-06-01,5.599999904632568,5.599999904632568,5.199999809265137,5.199999809265137,5.199999809265137,1750
2000-06-02,4.800000190734863,4.800000190734863,4.800000190734863,4.800000190734863,4.800000190734863,2000
2000-06-05,4.800000190734863,4.800000190734863,4.800000190734863,4.800000190734863,4.800000190734863,750
2000-06-06,4.800000190734863,4.800000190734863,4.800000190734863,4.800000190734863,4.800000190734863,250
2000-06-07,5.599999904632568,6.400000095367432,5.599999904632568,6.400000095367432,6.400000095367432,600
2000-06-08,4.800000190734863,4.800000190734863,4.800000190734863,4.800000190734863,4.800000190734863,100
2000-06-09,6.400000095367432,6.400000095367432,6.400000095367432,6.400000095367432,6.400000095367432,250
2000-06-12,6.400000095367432,6.800000190734863,6.400000095367432,6.800000190734863,6.800000190734863,1680
2000-06-13,1.7000000476837158,1.7000000476837158,1.7000000476837158,1.7000000476837158,1.7000000476837158,0
2000-06-14,6.800000190734863,6.800000190734863,6.800000190734863,6.800000190734863,6.800000190734863,50
2000-06-15,6.0,6.0,5.599999904632568,5.599999904632568,5.599999904632568,650
2000-06-16,1.399999976158142,1.399999976158142,1.399999976158142,1.399999976158142,1.399999976158142,0
2000-06-19,1.399999976158142,1.399999976158142,1.399999976158142,1.399999976158142,1.399999976158142,0
2000-06-20,5.199999809265137,6.400000095367432,5.199999809265137,6.400000095367432,6.400000095367432,1150
2000-06-21,1.600000023841858,1.600000023841858,1.600000023841858,1.600000023841858,1.600000023841858,0
2000-06-22,5.199999809265137,5.199999809265137,5.199999809265137,5.199999809265137,5.199999809265137,50
2000-06-23,1.2999999523162842,1.2999999523162842,1.2999999523162842,1.2999999523162842,1.2999999523162842,0
2000-06-26,1.2999999523162842,1.2999999523162842,1.2999999523162842,1.2999999523162842,1.2999999523162842,0
2000-06-27,1.2999999523162842,1.2999999523162842,1.2999999523162842,1.2999999523162842,1.2999999523162842,0
2000-06-28,4.800000190734863,4.800000190734863,4.400000095367432,4.400000095367432,4.400000095367432,2500
2000-06-29,4.400000095367432,4.400000095367432,4.400000095367432,4.400000095367432,4.400000095367432,200
2000-06-30,1.100000023841858,1.100000023841858,1.100000023841858,1.100000023841858,1.100000023841858,0
2000-07-03,1.100000023841858,1.100000023841858,1.100000023841858,1.100000023841858,1.100000023841858,0
2000-07-05,1.100000023841858,1.100000023841858,1.100000023841858,1.100000023841858,1.100000023841858,0
2000-07-06,4.400000095367432,4.400000095367432,4.400000095367432,4.400000095367432,4.400000095367432,40
2000-07-07,1.100000023841858,1.100000023841858,1.100000023841858,1.100000023841858,1.100000023841858,0
2000-07-10,1.100000023841858,1.100000023841858,1.100000023841858,1.100000023841858,1.100000023841858,0
2000-07-11,4.400000095367432,4.400000095367432,4.400000095367432,4.400000095367432,4.400000095367432,550
2000-07-12,1.100000023841858,1.100000023841858,1.100000023841858,1.100000023841858,1.100000023841858,0
2000-07-13,1.100000023841858,1.100000023841858,1.100000023841858,1.100000023841858,1.100000023841858,0
2000-07-14,1.100000023841858,1.100000023841858,1.100000023841858,1.100000023841858,1.100000023841858,0
2000-07-17,4.400000095367432,4.400000095367432,4.400000095367432,4.400000095367432,4.400000095367432,650
2000-07-18,1.100000023841858,1.100000023841858,1.100000023841858,1.100000023841858,1.100000023841858,0
2000-07-19,4.0,4.0,4.0,4.0,4.0,50
2000-07-20,1.0,1.0,1.0,1.0,1.0,0
2000-07-21,4.0,4.0,4.0,4.0,4.0,250
2000-07-24,1.0,1.0,1.0,1.0,1.0,0
2000-07-25,1.0,1.0,1.0,1.0,1.0,0
2000-07-26,1.0,1.0,1.0,1.0,1.0,0
2000-07-27,1.0,1.0,1.0,1.0,1.0,0
2000-07-28,1.0,1.0,1.0,1.0,1.0,0
2000-07-31,4.400000095367432,4.400000095367432,4.400000095367432,4.400000095367432,4.400000095367432,100
2000-08-01,1.100000023841858,1.100000023841858,1.100000023841858,1.100000023841858,1.100000023841858,0
2000-08-02,1.100000023841858,1.100000023841858,1.100000023841858,1.100000023841858,1.100000023841858,0
2000-08-03,1.100000023841858,1.100000023841858,1.100000023841858,1.100000023841858,1.100000023841858,0
2000-08-04,4.0,4.0,4.0,4.0,4.0,80
2000-08-07,1.0,1.0,1.0,1.0,1.0,0
2000-08-08,1.0,1.0,1.0,1.0,1.0,0
2000-08-09,1.0,1.0,1.0,1.0,1.0,0
2000-08-10,5.199999809265137,5.199999809265137,5.199999809265137,5.199999809265137,5.199999809265137,100
2000-08-11,4.0,4.0,4.0,4.0,4.0,5630
2000-08-14,3.5999999046325684,4.400000095367432,3.5999999046325684,4.400000095367432,4.400000095367432,17800
2000-08-15,4.800000190734863,4.800000190734863,4.800000190734863,4.800000190734863,4.800000190734863,1500
2000-08-16,1.2000000476837158,1.2000000476837158,1.2000000476837158,1.2000000476837158,1.2000000476837158,0
2000-08-17,5.199999809265137,5.199999809265137,4.400000095367432,4.400000095367432,4.400000095367432,800
2000-08-18,5.599999904632568,6.0,5.599999904632568,6.0,6.0,500
2000-08-21,4.0,4.0,4.0,4.0,4.0,80
2000-08-22,1.0,1.0,1.0,1.0,1.0,0
2000-08-23,4.0,4.0,4.0,4.0,4.0,1000
2000-08-24,1.0,1.0,1.0,1.0,1.0,0
2000-08-25,1.0,1.0,1.0,1.0,1.0,0
2000-08-28,4.400000095367432,4.800000190734863,4.400000095367432,4.800000190734863,4.800000190734863,300
2000-08-29,4.400000095367432,4.400000095367432,4.400000095367432,4.400000095367432,4.400000095367432,330
2000-08-30,4.800000190734863,5.199999809265137,4.800000190734863,5.199999809265137,5.199999809265137,1000
2000-08-31,1.2999999523162842,1.2999999523162842,1.2999999523162842,1.2999999523162842,1.2999999523162842,0
2000-09-01,1.2999999523162842,1.2999999523162842,1.2999999523162842,1.2999999523162842,1.2999999523162842,0
2000-09-05,1.2999999523162842,1.2999999523162842,1.2999999523162842,1.2999999523162842,1.2999999523162842,0
2000-09-06,4.0,4.0,4.0,4.0,4.0,130
2000-09-07,4.0,4.400000095367432,4.0,4.400000095367432,4.400000095367432,2620
2000-09-08,4.400000095367432,5.199999809265137,4.400000095367432,5.199999809265137,5.199999809265137,1000
2000-09-11,1.2999999523162842,1.2999999523162842,1.2999999523162842,1.2999999523162842,1.2999999523162842,0
2000-09-12,4.800000190734863,5.199999809265137,4.0,4.0,4.0,1450
2000-09-13,4.0,4.0,4.0,4.0,4.0,450
2000-09-14,4.0,4.0,4.0,4.0,4.0,500
2000-09-15,1.0,1.0,1.0,1.0,1.0,0
2000-09-18,4.0,4.0,4.0,4.0,4.0,300
2000-09-19,1.0,1.0,1.0,1.0,1.0,0
2000-09-20,4.0,4.0,4.0,4.0,4.0,200
2000-09-21,3.5999999046325684,3.5999999046325684,3.5999999046325684,3.5999999046325684,3.5999999046325684,230
2000-09-22,3.5999999046325684,3.5999999046325684,3.5999999046325684,3.5999999046325684,3.5999999046325684,1000
2000-09-25,0.8999999761581421,0.8999999761581421,0.8999999761581421,0.8999999761581421,0.8999999761581421,0
2000-09-26,3.5999999046325684,3.5999999046325684,3.5999999046325684,3.5999999046325684,3.5999999046325684,3600
2000-09-27,0.8999999761581421,0.8999999761581421,0.8999999761581421,0.8999999761581421,0.8999999761581421,0
2000-09-28,0.8999999761581421,0.8999999761581421,0.8999999761581421,0.8999999761581421,0.8999999761581421,0
2000-09-29,3.5999999046325684,3.5999999046325684,3.5999999046325684,3.5999999046325684,3.5999999046325684,250
2000-10-02,0.8999999761581421,0.8999999761581421,0.8999999761581421,0.8999999761581421,0.8999999761581421,0
2000-10-03,3.5999999046325684,3.5999999046325684,3.5999999046325684,3.5999999046325684,3.5999999046325684,950
2000-10-04,0.8999999761581421,0.8999999761581421,0.8999999761581421,0.8999999761581421,0.8999999761581421,0
2000-10-05,4.800000190734863,4.800000190734863,4.800000190734863,4.800000190734863,4.800000190734863,250
2000-10-06,4.800000190734863,4.800000190734863,4.800000190734863,4.800000190734863,4.800000190734863,250
2000-10-09,1.2000000476837158,1.2000000476837158,1.2000000476837158,1.2000000476837158,1.2000000476837158,0
2000-10-10,6.800000190734863,6.800000190734863,6.800000190734863,6.800000190734863,6.800000190734863,250
2000-10-11,4.800000190734863,6.400000095367432,4.800000190734863,6.400000095367432,6.400000095367432,450
2000-10-12,4.0,4.0,4.0,4.0,4.0,250
2000-10-13,4.0,4.0,3.5999999046325684,3.5999999046325684,3.5999999046325684,2500
2000-10-16,4.0,4.0,4.0,4.0,4.0,500
2000-10-17,4.0,4.0,2.799999952316284,2.799999952316284,2.799999952316284,9750
2000-10-18,3.200000047683716,3.200000047683716,2.799999952316284,2.799999952316284,2.799999952316284,7650
2000-10-19,0.699999988079071,0.699999988079071,0.699999988079071,0.699999988079071,0.699999988079071,0
2000-10-20,3.5999999046325684,3.5999999046325684,3.5999999046325684,3.5999999046325684,3.5999999046325684,250
2000-10-23,0.8999999761581421,0.8999999761581421,0.8999999761581421,0.8999999761581421,0.8999999761581421,0
2000-10-24,0.8999999761581421,0.8999999761581421,0.8999999761581421,0.8999999761581421,0.8999999761581421,0
2000-10-25,0.8999999761581421,0.8999999761581421,0.8999999761581421,0.8999999761581421,0.8999999761581421,0
2000-10-26,2.799999952316284,2.799999952316284,2.799999952316284,2.799999952316284,2.799999952316284,350
2000-10-27,2.799999952316284,2.799999952316284,2.799999952316284,2.799999952316284,2.799999952316284,750
2000-10-30,2.799999952316284,2.799999952316284,2.799999952316284,2.799999952316284,2.799999952316284,800
2000-10-31,2.400000095367432,2.400000095367432,2.400000095367432,2.400000095367432,2.400000095367432,50
2000-11-01,2.400000095367432,2.400000095367432,2.400000095367432,2.400000095367432,2.400000095367432,250
2000-11-02,2.400000095367432,2.400000095367432,2.400000095367432,2.400000095367432,2.400000095367432,1000
2000-11-03,0.6000000238418579,0.6000000238418579,0.6000000238418579,0.6000000238418579,0.6000000238418579,0
2000-11-06,0.6000000238418579,0.6000000238418579,0.6000000238418579,0.6000000238418579,0.6000000238418579,0
2000-11-07,3.200000047683716,3.5999999046325684,3.200000047683716,3.5999999046325684,3.5999999046325684,450
2000-11-08,2.799999952316284,2.799999952316284,2.799999952316284,2.799999952316284,2.799999952316284,1880
2000-11-09,0.699999988079071,0.699999988079071,0.699999988079071,0.699999988079071,0.699999988079071,0
2000-11-10,0.699999988079071,0.699999988079071,0.699999988079071,0.699999988079071,0.699999988079071,0
2000-11-13,2.799999952316284,2.799999952316284,2.799999952316284,2.799999952316284,2.799999952316284,150
2000-11-14,2.400000095367432,2.400000095367432,2.400000095367432,2.400000095367432,2.400000095367432,50
2000-11-15,0.6000000238418579,0.6000000238418579,0.6000000238418579,0.6000000238418579,0.6000000238418579,0
2000-11-16,2.799999952316284,2.799999952316284,2.799999952316284,2.799999952316284,2.799999952316284,250
2000-11-17,0.699999988079071,0.699999988079071,0.699999988079071,0.699999988079071,0.699999988079071,0
2000-11-20,0.699999988079071,0.699999988079071,0.699999988079071,0.699999988079071,0.699999988079071,0
2000-11-21,0.699999988079071,0.699999988079071,0.699999988079071,0.699999988079071,0.699999988079071,0
2000-11-22,0.699999988079071,0.699999988079071,0.699999988079071,0.699999988079071,0.699999988079071,0
2000-11-24,0.699999988079071,0.699999988079071,0.699999988079071,0.699999988079071,0.699999988079071,0
2000-11-27,2.400000095367432,2.400000095367432,2.400000095367432,2.400000095367432,2.400000095367432,500
2000-11-28,2.799999952316284,2.799999952316284,2.799999952316284,2.799999952316284,2.799999952316284,500
2000-11-29,0.699999988079071,0.699999988079071,0.699999988079071,0.699999988079071,0.699999988079071,0
2000-11-30,0.699999988079071,0.699999988079071,0.699999988079071,0.699999988079071,0.699999988079071,0
2000-12-01,2.400000095367432,2.400000095367432,2.400000095367432,2.400000095367432,2.400000095367432,500
2000-12-04,2.400000095367432,2.400000095367432,2.400000095367432,2.400000095367432,2.400000095367432,2880
2000-12-05,2.400000095367432,2.799999952316284,2.400000095367432,2.799999952316284,2.799999952316284,800
2000-12-06,0.699999988079071,0.699999988079071,0.699999988079071,0.699999988079071,0.699999988079071,0
2000-12-07,0.699999988079071,0.699999988079071,0.699999988079071,0.699999988079071,0.699999988079071,0
2000-12-08,0.699999988079071,0.699999988079071,0.699999988079071,0.699999988079071,0.699999988079071,0
2000-12-11,2.400000095367432,2.400000095367432,2.400000095367432,2.400000095367432,2.400000095367432,1000
2000-12-12,2.400000095367432,2.400000095367432,2.400000095367432,2.400000095367432,2.400000095367432,810
2000-12-13,2.400000095367432,2.400000095367432,2.400000095367432,2.400000095367432,2.400000095367432,4500
2000-12-14,2.400000095367432,2.400000095367432,2.0,2.0,2.0,13400
2000-12-15,2.0,2.400000095367432,2.0,2.0,2.0,2130
2000-12-18,2.0,2.799999952316284,2.0,2.799999952316284,2.799999952316284,1890
2000-12-19,2.799999952316284,2.799999952316284,2.799999952316284,2.799999952316284,2.799999952316284,2750
2000-12-20,2.0,2.0,2.0,2.0,2.0,1000
2000-12-21,2.0,2.0,2.0,2.0,2.0,1300
2000-12-22,2.400000095367432,2.400000095367432,2.400000095367432,2.400000095367432,2.400000095367432,330
2000-12-26,0.6000000238418579,0.6000000238418579,0.6000000238418579,0.6000000238418579,0.6000000238418579,0
2000-12-27,0.6000000238418579,0.6000000238418579,0.6000000238418579,0.6000000238418579,0.6000000238418579,0
2000-12-28,0.6000000238418579,0.6000000238418579,0.6000000238418579,0.6000000238418579,0.6000000238418579,0
2000-12-29,0.6000000238418579,0.6000000238418579,0.6000000238418579,0.6000000238418579,0.6000000238418579,0
2001-01-02,2.799999952316284,3.200000047683716,2.799999952316284,3.200000047683716,3.200000047683716,500
2001-01-03,0.800000011920929,0.800000011920929,0.800000011920929,0.800000011920929,0.800000011920929,0
2001-01-04,1.2000000476837158,3.200000047683716,1.2000000476837158,3.200000047683716,3.200000047683716,30
2001-01-05,0.800000011920929,0.800000011920929,0.800000011920929,0.800000011920929,0.800000011920929,0
2001-01-08,0.800000011920929,0.800000011920929,0.800000011920929,0.800000011920929,0.800000011920929,0
2001-01-09,0.800000011920929,0.800000011920929,0.800000011920929,0.800000011920929,0.800000011920929,0
2001-01-10,0.800000011920929,0.800000011920929,0.800000011920929,0.800000011920929,0.800000011920929,0
2001-01-11,0.800000011920929,0.800000011920929,0.800000011920929,0.800000011920929,0.800000011920929,0
2001-01-12,2.0,2.0,2.0,2.0,2.0,50
2001-01-16,2.0,2.0,2.0,2.0,2.0,50
2001-01-17,0.5,0.5,0.5,0.5,0.5,0
2001-01-18,0.5,0.5,0.5,0.5,0.5,0
2001-01-19,0.5,0.5,0.5,0.5,0.5,0
2001-01-22,2.799999952316284,2.799999952316284,2.799999952316284,2.799999952316284,2.799999952316284,2400
2001-01-23,2.799999952316284,2.799999952316284,2.799999952316284,2.799999952316284,2.799999952316284,130
2001-01-24,0.699999988079071,0.699999988079071,0.699999988079071,0.699999988079071,0.699999988079071,0
2001-01-25,0.699999988079071,0.699999988079071,0.699999988079071,0.699999988079071,0.699999988079071,0
2001-01-26,0.699999988079071,0.699999988079071,0.699999988079071,0.699999988079071,0.699999988079071,0
2001-01-29,0.699999988079071,0.699999988079071,0.699999988079071,0.699999988079071,0.699999988079071,0
2001-01-30,0.699999988079071,0.699999988079071,0.699999988079071,0.699999988079071,0.699999988079071,0
2001-01-31,0.699999988079071,0.699999988079071,0.699999988079071,0.699999988079071,0.699999988079071,0
2001-02-01,3.200000047683716,3.200000047683716,2.400000095367432,2.400000095367432,2.400000095367432,450
2001-02-02,1.600000023841858,2.400000095367432,1.600000023841858,2.400000095367432,2.400000095367432,40
2001-02-05,0.6000000238418579,0.6000000238418579,0.6000000238418579,0.6000000238418579,0.6000000238418579,0
2001-02-06,2.400000095367432,2.400000095367432,2.400000095367432,2.400000095367432,2.400000095367432,100
2001-02-07,0.6000000238418579,0.6000000238418579,0.6000000238418579,0.6000000238418579,0.6000000238418579,0
2001-02-08,0.6000000238418579,0.6000000238418579,0.6000000238418579,0.6000000238418579,0.6000000238418579,0
2001-02-09,0.6000000238418579,0.6000000238418579,0.6000000238418579,0.6000000238418579,0.6000000238418579,0
2001-02-12,0.6000000238418579,0.6000000238418579,0.6000000238418579,0.6000000238418579,0.6000000238418579,0
2001-02-13,3.200000047683716,3.200000047683716,3.200000047683716,3.200000047683716,3.200000047683716,650
2001-02-14,0.800000011920929,0.800000011920929,0.800000011920929,0.800000011920929,0.800000011920929,0
2001-02-15,2.799999952316284,2.799999952316284,2.799999952316284,2.799999952316284,2.799999952316284,250
2001-02-16,0.699999988079071,0.699999988079071,0.699999988079071,0.699999988079071,0.699999988079071,0
2001-02-20,4.0,4.0,3.200000047683716,3.5999999046325684,3.5999999046325684,3180
2001-02-21,3.5999999046325684,3.5999999046325684,2.799999952316284,3.200000047683716,3.200000047683716,4800
2001-02-22,2.799999952316284,2.799999952316284,2.799999952316284,2.799999952316284,2.799999952316284,250
2001-02-23,3.200000047683716,3.200000047683716,2.799999952316284,2.799999952316284,2.799999952316284,2050
2001-02-26,0.699999988079071,0.699999988079071,0.699999988079071,0.699999988079071,0.699999988079071,0
2001-02-27,2.799999952316284,2.799999952316284,2.799999952316284,2.799999952316284,2.799999952316284,100
2001-02-28,0.699999988079071,0.699999988079071,0.699999988079071,0.699999988079071,0.699999988079071,0
2001-03-01,2.799999952316284,2.799999952316284,2.799999952316284,2.799999952316284,2.799999952316284,100
2001-03-02,0.699999988079071,0.699999988079071,0.699999988079071,0.699999988079071,0.699999988079071,0
2001-03-05,0.699999988079071,0.699999988079071,0.699999988079071,0.699999988079071,0.699999988079071,0
2001-03-06,0.699999988079071,0.699999988079071,0.699999988079071,0.699999988079071,0.699999988079071,0
2001-03-07,0.699999988079071,0.699999988079071,0.699999988079071,0.699999988079071,0.699999988079071,0
2001-03-08,2.799999952316284,2.799999952316284,2.799999952316284,2.799999952316284,2.799999952316284,350
2001-03-09,0.699999988079071,0.699999988079071,0.699999988079071,0.699999988079071,0.699999988079071,0
2001-03-12,2.799999952316284,2.799999952316284,2.799999952316284,2.799999952316284,2.799999952316284,150
2001-03-13,0.699999988079071,0.699999988079071,0.699999988079071,0.699999988079071,0.699999988079071,0
2001-03-14,0.699999988079071,0.699999988079071,0.699999988079071,0.699999988079071,0.699999988079071,0
2001-03-15,4.400000095367432,4.400000095367432,2.799999952316284,2.799999952316284,2.799999952316284,10
2001-03-16,0.699999988079071,0.699999988079071,0.699999988079071,0.699999988079071,0.699999988079071,0
2001-03-19,0.699999988079071,0.699999988079071,0.699999988079071,0.699999988079071,0.699999988079071,0
2001-03-20,3.200000047683716,3.5999999046325684,3.200000047683716,3.5999999046325684,3.5999999046325684,850
2001-03-21,0.8999999761581421,0.8999999761581421,0.8999999761581421,0.8999999761581421,0.8999999761581421,0
2001-03-22,3.200000047683716,3.200000047683716,3.200000047683716,3.200000047683716,3.200000047683716,1000
2001-03-23,0.800000011920929,0.800000011920929,0.800000011920929,0.800000011920929,0.800000011920929,0
2001-03-26,0.800000011920929,0.800000011920929,0.800000011920929,0.800000011920929,0.800000011920929,0
2001-03-27,0.800000011920929,0.800000011920929,0.800000011920929,0.800000011920929,0.800000011920929,0
2001-03-28,0.800000011920929,0.800000011920929,0.800000011920929,0.800000011920929,0.800000011920929,0
2001-03-29,3.200000047683716,3.200000047683716,3.200000047683716,3.200000047683716,3.200000047683716,1600
2001-03-30,0.800000011920929,0.800000011920929,0.800000011920929,0.800000011920929,0.800000011920929,0
2001-04-02,0.800000011920929,0.800000011920929,0.800000011920929,0.800000011920929,0.800000011920929,0
2001-04-03,3.200000047683716,3.200000047683716,3.200000047683716,3.200000047683716,3.200000047683716,1500
2001-04-04,0.800000011920929,0.800000011920929,0.800000011920929,0.800000011920929,0.800000011920929,0
2001-04-05,4.0,4.0,2.799999952316284,3.5999999046325684,3.5999999046325684,39500
2001-04-06,3.5999999046325684,3.5999999046325684,3.5999999046325684,3.5999999046325684,3.5999999046325684,1500
2001-04-09,0.8999999761581421,0.8999999761581421,0.8999999761581421,0.8999999761581421,0.8999999761581421,0
2001-04-10,0.8999999761581421,0.8999999761581421,0.8999999761581421,0.8999999761581421,0.8999999761581421,0
2001-04-11,2.799999952316284,2.799999952316284,2.799999952316284,2.799999952316284,2.799999952316284,750
2001-04-12,3.200000047683716,3.5999999046325684,3.200000047683716,3.5999999046325684,3.5999999046325684,2000
2001-04-16,3.5999999046325684,3.5999999046325684,3.5999999046325684,3.5999999046325684,3.5999999046325684,5000
2001-04-17,4.0,4.0,4.0,4.0,4.0,1500
2001-04-18,3.200000047683716,3.200000047683716,3.200000047683716,3.200000047683716,3.200000047683716,1700
2001-04-19,0.800000011920929,0.800000011920929,0.800000011920929,0.800000011920929,0.800000011920929,0
2001-04-20,3.200000047683716,3.200000047683716,3.200000047683716,3.200000047683716,3.200000047683716,500
2001-04-23,0.800000011920929,0.800000011920929,0.800000011920929,0.800000011920929,0.800000011920929,0
2001-04-24,0.800000011920929,0.800000011920929,0.800000011920929,0.800000011920929,0.800000011920929,0
2001-04-25,0.800000011920929,0.800000011920929,0.800000011920929,0.800000011920929,0.800000011920929,0
2001-04-26,3.200000047683716,3.200000047683716,3.200000047683716,3.200000047683716,3.200000047683716,1500
2001-04-27,0.800000011920929,0.800000011920929,0.800000011920929,0.800000011920929,0.800000011920929,0
2001-04-30,0.800000011920929,0.800000011920929,0.800000011920929,0.800000011920929,0.800000011920929,0
2001-05-01,2.400000095367432,3.200000047683716,2.400000095367432,3.200000047683716,3.200000047683716,30
2001-05-02,0.800000011920929,0.800000011920929,0.800000011920929,0.800000011920929,0.800000011920929,0
2001-05-03,0.800000011920929,0.800000011920929,0.800000011920929,0.800000011920929,0.800000011920929,0
2001-05-04,0.800000011920929,0.800000011920929,0.800000011920929,0.800000011920929,0.800000011920929,0
2001-05-07,0.800000011920929,0.800000011920929,0.800000011920929,0.800000011920929,0.800000011920929,0
2001-05-08,0.800000011920929,0.800000011920929,0.800000011920929,0.800000011920929,0.800000011920929,0
2001-05-09,0.800000011920929,0.800000011920929,0.800000011920929,0.800000011920929,0.800000011920929,0
2001-05-10,0.800000011920929,0.800000011920929,0.800000011920929,0.800000011920929,0.800000011920929,0
2001-05-11,3.200000047683716,3.200000047683716,2.799999952316284,2.799999952316284,2.799999952316284,150
2001-05-14,0.699999988079071,0.699999988079071,0.699999988079071,0.699999988079071,0.699999988079071,0
2001-05-15,0.699999988079071,0.699999988079071,0.699999988079071,0.699999988079071,0.699999988079071,0
2001-05-16,0.699999988079071,0.699999988079071,0.699999988079071,0.699999988079071,0.699999988079071,0
2001-05-17,0.699999988079071,0.699999988079071,0.699999988079071,0.699999988079071,0.699999988079071,0
2001-05-18,0.699999988079071,0.699999988079071,0.699999988079071,0.699999988079071,0.699999988079071,0
2001-05-21,0.699999988079071,0.699999988079071,0.699999988079071,0.699999988079071,0.699999988079071,0
2001-05-22,3.200000047683716,3.200000047683716,3.200000047683716,3.200000047683716,3.200000047683716,500
2001-05-23,3.200000047683716,3.5999999046325684,3.200000047683716,3.5999999046325684,3.5999999046325684,2800
2001-05-24,3.200000047683716,3.200000047683716,3.200000047683716,3.200000047683716,3.200000047683716,450
2001-05-25,2.799999952316284,2.799999952316284,2.799999952316284,2.799999952316284,2.799999952316284,50
2001-05-29,0.699999988079071,0.699999988079071,0.699999988079071,0.699999988079071,0.699999988079071,0
2001-05-30,3.200000047683716,3.200000047683716,3.200000047683716,3.200000047683716,3.200000047683716,530
2001-05-31,3.200000047683716,3.200000047683716,3.200000047683716,3.200000047683716,3.200000047683716,500
2001-06-01,3.200000047683716,3.5999999046325684,3.200000047683716,3.200000047683716,3.200000047683716,1200
2001-06-04,0.800000011920929,0.800000011920929,0.800000011920929,0.800000011920929,0.800000011920929,0
2001-06-05,3.200000047683716,3.200000047683716,3.200000047683716,3.200000047683716,3.200000047683716,600
2001-06-06,3.200000047683716,3.200000047683716,3.200000047683716,3.200000047683716,3.200000047683716,500
2001-06-07,3.200000047683716,3.200000047683716,3.200000047683716,3.200000047683716,3.200000047683716,150
2001-06-08,0.800000011920929,0.800000011920929,0.800000011920929,0.800000011920929,0.800000011920929,0
2001-06-11,3.200000047683716,3.200000047683716,3.200000047683716,3.200000047683716,3.200000047683716,600
2001-06-12,0.800000011920929,0.800000011920929,0.800000011920929,0.800000011920929,0.800000011920929,0
2001-06-13,3.200000047683716,3.200000047683716,3.200000047683716,3.200000047683716,3.200000047683716,2750
2001-06-14,0.800000011920929,0.800000011920929,0.800000011920929,0.800000011920929,0.800000011920929,0
2001-06-15,0.800000011920929,0.800000011920929,0.800000011920929,0.800000011920929,0.800000011920929,0
2001-06-18,0.800000011920929,0.800000011920929,0.800000011920929,0.800000011920929,0.800000011920929,0
2001-06-19,2.799999952316284,2.799999952316284,2.799999952316284,2.799999952316284,2.799999952316284,1450
2001-06-20,0.699999988079071,0.699999988079071,0.699999988079071,0.699999988079071,0.699999988079071,0
2001-06-21,0.699999988079071,0.699999988079071,0.699999988079071,0.699999988079071,0.699999988079071,0
2001-06-22,0.699999988079071,0.699999988079071,0.699999988079071,0.699999988079071,0.699999988079071,0
2001-06-25,0.699999988079071,0.699999988079071,0.699999988079071,0.699999988079071,0.699999988079071,0
2001-06-26,0.699999988079071,0.699999988079071,0.699999988079071,0.699999988079071,0.699999988079071,0
2001-06-27,3.5999999046325684,3.5999999046325684,3.5999999046325684,3.5999999046325684,3.5999999046325684,800
2001-06-28,0.8999999761581421,0.8999999761581421,0.8999999761581421,0.8999999761581421,0.8999999761581421,0
2001-06-29,0.8999999761581421,0.8999999761581421,0.8999999761581421,0.8999999761581421,0.8999999761581421,0
2001-07-02,0.8999999761581421,0.8999999761581421,0.8999999761581421,0.8999999761581421,0.8999999761581421,0
2001-07-03,0.8999999761581421,0.8999999761581421,0.8999999761581421,0.8999999761581421,0.8999999761581421,0
2001-07-05,3.200000047683716,3.200000047683716,3.200000047683716,3.200000047683716,3.200000047683716,350
2001-07-06,3.200000047683716,3.200000047683716,2.799999952316284,2.799999952316284,2.799999952316284,500
2001-07-09,0.699999988079071,0.699999988079071,0.699999988079071,0.699999988079071,0.699999988079071,0
2001-07-10,0.699999988079071,0.699999988079071,0.699999988079071,0.699999988079071,0.699999988079071,0
2001-07-11,3.5999999046325684,3.5999999046325684,3.200000047683716,3.200000047683716,3.200000047683716,950
2001-07-12,0.800000011920929,0.800000011920929,0.800000011920929,0.800000011920929,0.800000011920929,0
2001-07-13,4.0,4.0,4.0,4.0,4.0,250
2001-07-16,4.0,4.0,4.0,4.0,4.0,100
2001-07-17,4.0,4.0,4.0,4.0,4.0,730
2001-07-18,1.0,1.0,1.0,1.0,1.0,0
2001-07-19,4.0,4.0,4.0,4.0,4.0,200
2001-07-20,1.0,1.0,1.0,1.0,1.0,0
2001-07-23,1.0,1.0,1.0,1.0,1.0,0
2001-07-24,4.0,4.0,3.5999999046325684,3.5999999046325684,3.5999999046325684,300
2001-07-25,0.8999999761581421,0.8999999761581421,0.8999999761581421,0.8999999761581421,0.8999999761581421,0
2001-07-26,0.8999999761581421,0.8999999761581421,0.8999999761581421,0.8999999761581421,0.8999999761581421,0
2001-07-27,0.8999999761581421,0.8999999761581421,0.8999999761581421,0.8999999761581421,0.8999999761581421,0
2001-07-30,0.8999999761581421,0.8999999761581421,0.8999999761581421,0.8999999761581421,0.8999999761581421,0
2001-07-31,3.5999999046325684,3.5999999046325684,3.200000047683716,3.200000047683716,3.200000047683716,1250
2001-08-01,0.800000011920929,0.800000011920929,0.800000011920929,0.800000011920929,0.800000011920929,0
2001-08-02,0.800000011920929,0.800000011920929,0.800000011920929,0.800000011920929,0.800000011920929,0
2001-08-03,0.800000011920929,0.800000011920929,0.800000011920929,0.800000011920929,0.800000011920929,0
2001-08-06,0.800000011920929,0.800000011920929,0.800000011920929,0.800000011920929,0.800000011920929,0
2001-08-07,0.800000011920929,0.800000011920929,0.800000011920929,0.800000011920929,0.800000011920929,0
2001-08-08,0.800000011920929,0.800000011920929,0.800000011920929,0.800000011920929,0.800000011920929,0
2001-08-09,3.200000047683716,3.200000047683716,3.200000047683716,3.200000047683716,3.200000047683716,1200
2001-08-10,0.800000011920929,0.800000011920929,0.800000011920929,0.800000011920929,0.800000011920929,0
2001-08-13,2.799999952316284,2.799999952316284,2.799999952316284,2.799999952316284,2.799999952316284,100
2001-08-14,2.799999952316284,2.799999952316284,2.799999952316284,2.799999952316284,2.799999952316284,580
2001-08-15,0.699999988079071,0.699999988079071,0.699999988079071,0.699999988079071,0.699999988079071,0
2001-08-16,0.699999988079071,0.699999988079071,0.699999988079071,0.699999988079071,0.699999988079071,0
2001-08-17,0.699999988079071,0.699999988079071,0.699999988079071,0.699999988079071,0.699999988079071,0
2001-08-20,0.699999988079071,0.699999988079071,0.699999988079071,0.699999988079071,0.699999988079071,0
2001-08-21,3.200000047683716,3.200000047683716,2.799999952316284,2.799999952316284,2.799999952316284,300
2001-08-22,2.799999952316284,2.799999952316284,2.799999952316284,2.799999952316284,2.799999952316284,150
2001-08-23,0.699999988079071,0.699999988079071,0.699999988079071,0.699999988079071,0.699999988079071,0
2001-08-24,0.699999988079071,0.699999988079071,0.699999988079071,0.699999988079071,0.699999988079071,0
2001-08-27,0.699999988079071,0.699999988079071,0.699999988079071,0.699999988079071,0.699999988079071,0
2001-08-28,2.799999952316284,2.799999952316284,2.799999952316284,2.799999952316284,2.799999952316284,500
2001-08-29,0.699999988079071,0.699999988079071,0.699999988079071,0.699999988079071,0.699999988079071,0
2001-08-30,0.699999988079071,0.699999988079071,0.699999988079071,0.699999988079071,0.699999988079071,0
2001-08-31,0.699999988079071,0.699999988079071,0.699999988079071,0.699999988079071,0.699999988079071,0
2001-09-04,0.699999988079071,0.699999988079071,0.699999988079071,0.699999988079071,0.699999988079071,0
2001-09-05,0.699999988079071,0.699999988079071,0.699999988079071,0.699999988079071,0.699999988079071,0
2001-09-06,0.699999988079071,0.699999988079071,0.699999988079071,0.699999988079071,0.699999988079071,0
2001-09-07,0.699999988079071,0.699999988079071,0.699999988079071,0.699999988079071,0.699999988079071,0
2001-09-10,0.699999988079071,0.699999988079071,0.699999988079071,0.699999988079071,0.699999988079071,0
2001-09-17,2.799999952316284,2.799999952316284,2.0,2.0,2.0,10630
2001-09-18,0.5,0.5,0.5,0.5,0.5,0
2001-09-19,2.0,2.0,2.0,2.0,2.0,100
2001-09-20,0.5,0.5,0.5,0.5,0.5,0
2001-09-21,0.5,0.5,0.5,0.5,0.5,0
2001-09-24,2.0,2.0,2.0,2.0,2.0,400
2001-09-25,0.5,0.5,0.5,0.5,0.5,0
2001-09-26,0.5,0.5,0.5,0.5,0.5,0
2001-09-27,0.5,0.5,0.5,0.5,0.5,0
2001-09-28,0.5,0.5,0.5,0.5,0.5,0
2001-10-01,2.0,2.0,2.0,2.0,2.0,1250
2001-10-02,0.5,0.5,0.5,0.5,0.5,0
2001-10-03,0.5,0.5,0.5,0.5,0.5,0
2001-10-04,0.5,0.5,0.5,0.5,0.5,0
2001-10-05,0.5,0.5,0.5,0.5,0.5,0
2001-10-08,0.5,0.5,0.5,0.5,0.5,0
2001-10-09,0.5,0.5,0.5,0.5,0.5,0
2001-10-10,0.5,0.5,0.5,0.5,0.5,0
2001-10-11,0.5,0.5,0.5,0.5,0.5,0
2001-10-12,0.5,0.5,0.5,0.5,0.5,0
2001-10-15,0.5,0.5,0.5,0.5,0.5,0
2001-10-16,0.5,0.5,0.5,0.5,0.5,0
2001-10-17,0.5,0.5,0.5,0.5,0.5,0
2001-10-18,0.5,0.5,0.5,0.5,0.5,0
2001-10-19,1.600000023841858,1.600000023841858,1.600000023841858,1.600000023841858,1.600000023841858,750
2001-10-22,2.0,2.0,1.600000023841858,2.0,2.0,3800
2001-10-23,2.0,2.400000095367432,2.0,2.400000095367432,2.400000095367432,400
2001-10-24,0.6000000238418579,0.6000000238418579,0.6000000238418579,0.6000000238418579,0.6000000238418579,0
2001-10-25,0.6000000238418579,0.6000000238418579,0.6000000238418579,0.6000000238418579,0.6000000238418579,0
2001-10-26,2.0,2.0,1.600000023841858,1.600000023841858,1.600000023841858,700
2001-10-29,2.0,2.0,1.600000023841858,1.600000023841858,1.600000023841858,500
2001-10-30,2.0,2.0,2.0,2.0,2.0,50
2001-10-31,2.0,2.0,2.0,2.0,2.0,130
2001-11-01,0.5,0.5,0.5,0.5,0.5,0
2001-11-02,1.2000000476837158,2.0,1.2000000476837158,2.0,2.0,30
2001-11-05,0.5,0.5,0.5,0.5,0.5,0
2001-11-06,0.5,0.5,0.5,0.5,0.5,0
2001-11-07,0.5,0.5,0.5,0.5,0.5,0
2001-11-08,0.5,0.5,0.5,0.5,0.5,0
2001-11-09,0.5,0.5,0.5,0.5,0.5,0
2001-11-12,1.600000023841858,1.600000023841858,1.600000023841858,1.600000023841858,1.600000023841858,250
2001-11-13,0.4000000059604645,0.4000000059604645,0.4000000059604645,0.4000000059604645,0.4000000059604645,0
2001-11-14,0.4000000059604645,0.4000000059604645,0.4000000059604645,0.4000000059604645,0.4000000059604645,0
2001-11-15,0.4000000059604645,0.4000000059604645,0.4000000059604645,0.4000000059604645,0.4000000059604645,0
2001-11-16,0.4000000059604645,0.4000000059604645,0.4000000059604645,0.4000000059604645,0.4000000059604645,0
2001-11-19,0.4000000059604645,0.4000000059604645,0.4000000059604645,0.4000000059604645,0.4000000059604645,0
2001-11-20,0.4000000059604645,0.4000000059604645,0.4000000059604645,0.4000000059604645,0.4000000059604645,0
2001-11-21,2.0,2.0,2.0,2.0,2.0,500
2001-11-23,0.5,0.5,0.5,0.5,0.5,0
2001-11-26,1.600000023841858,1.600000023841858,1.600000023841858,1.600000023841858,1.600000023841858,500
2001-11-27,0.4000000059604645,0.4000000059604645,0.4000000059604645,0.4000000059604645,0.4000000059604645,0
2001-11-28,0.4000000059604645,0.4000000059604645,0.4000000059604645,0.4000000059604645,0.4000000059604645,0
2001-11-29,0.4000000059604645,0.4000000059604645,0.4000000059604645,0.4000000059604645,0.4000000059604645,0
2001-11-30,2.0,2.0,2.0,2.0,2.0,350
2001-12-03,0.5,0.5,0.5,0.5,0.5,0
2001-12-04,1.600000023841858,1.600000023841858,1.600000023841858,1.600000023841858,1.600000023841858,250
2001-12-05,0.4000000059604645,0.4000000059604645,0.4000000059604645,0.4000000059604645,0.4000000059604645,0
2001-12-06,0.4000000059604645,0.4000000059604645,0.4000000059604645,0.4000000059604645,0.4000000059604645,0
2001-12-07,0.4000000059604645,0.4000000059604645,0.4000000059604645,0.4000000059604645,0.4000000059604645,0
2001-12-10,0.4000000059604645,0.4000000059604645,0.4000000059604645,0.4000000059604645,0.4000000059604645,0
2001-12-11,0.4000000059604645,0.4000000059604645,0.4000000059604645,0.4000000059604645,0.4000000059604645,0
2001-12-12,0.4000000059604645,0.4000000059604645,0.4000000059604645,0.4000000059604645,0.4000000059604645,0
2001-12-13,0.4000000059604645,0.4000000059604645,0.4000000059604645,0.4000000059604645,0.4000000059604645,0
2001-12-14,0.4000000059604645,0.4000000059604645,0.4000000059604645,0.4000000059604645,0.4000000059604645,0
2001-12-17,1.600000023841858,1.600000023841858,1.600000023841858,1.600000023841858,1.600000023841858,100
2001-12-18,0.4000000059604645,0.4000000059604645,0.4000000059604645,0.4000000059604645,0.4000000059604645,0
2001-12-19,0.4000000059604645,0.4000000059604645,0.4000000059604645,0.4000000059604645,0.4000000059604645,0
2001-12-20,0.4000000059604645,0.4000000059604645,0.4000000059604645,0.4000000059604645,0.4000000059604645,0
2001-12-21,0.4000000059604645,0.4000000059604645,0.4000000059604645,0.4000000059604645,0.4000000059604645,0
2001-12-24,2.0,2.0,2.0,2.0,2.0,1250
2001-12-26,0.5,0.5,0.5,0.5,0.5,0
2001-12-27,0.5,0.5,0.5,0.5,0.5,0
2001-12-28,2.0,2.0,2.0,2.0,2.0,2500
2001-12-31,2.0,2.0,2.0,2.0,2.0,500
2002-01-02,0.5,0.5,0.5,0.5,0.5,0
2002-01-03,0.5,0.5,0.5,0.5,0.5,0
2002-01-04,2.0,2.0,2.0,2.0,2.0,500
2002-01-07,0.5,0.5,0.5,0.5,0.5,0
2002-01-08,0.5,0.5,0.5,0.5,0.5,0
2002-01-09,0.5,0.5,0.5,0.5,0.5,0
2002-01-10,2.799999952316284,3.200000047683716,2.799999952316284,2.799999952316284,2.799999952316284,6250
2002-01-11,2.799999952316284,3.5999999046325684,2.799999952316284,3.200000047683716,3.200000047683716,51300
2002-01-14,3.200000047683716,3.200000047683716,3.200000047683716,3.200000047683716,3.200000047683716,500
2002-01-15,2.799999952316284,3.200000047683716,2.799999952316284,2.799999952316284,2.799999952316284,850
2002-01-16,2.799999952316284,2.799999952316284,2.799999952316284,2.799999952316284,2.799999952316284,50
2002-01-17,3.200000047683716,3.200000047683716,3.200000047683716,3.200000047683716,3.200000047683716,350
2002-01-18,0.800000011920929,0.800000011920929,0.800000011920929,0.800000011920929,0.800000011920929,0
2002-01-22,3.200000047683716,3.200000047683716,3.200000047683716,3.200000047683716,3.200000047683716,250
2002-01-23,0.800000011920929,0.800000011920929,0.800000011920929,0.800000011920929,0.800000011920929,0
2002-01-24,3.200000047683716,3.200000047683716,3.200000047683716,3.200000047683716,3.200000047683716,850
2002-01-25,0.800000011920929,0.800000011920929,0.800000011920929,0.800000011920929,0.800000011920929,0
2002-01-28,4.0,4.0,3.200000047683716,4.0,4.0,2250
2002-01-29,4.0,4.0,4.0,4.0,4.0,1000
2002-01-30,4.0,4.0,4.0,4.0,4.0,1000
2002-01-31,4.0,4.0,4.0,4.0,4.0,1700
2002-02-01,1.0,1.0,1.0,1.0,1.0,0
2002-02-04,4.0,4.0,4.0,4.0,4.0,1000
2002-02-05,3.5999999046325684,3.5999999046325684,3.5999999046325684,3.5999999046325684,3.5999999046325684,500
2002-02-06,4.400000095367432,4.400000095367432,4.400000095367432,4.400000095367432,4.400000095367432,900
2002-02-07,4.400000095367432,4.400000095367432,4.400000095367432,4.400000095367432,4.400000095367432,650
2002-02-08,1.100000023841858,1.100000023841858,1.100000023841858,1.100000023841858,1.100000023841858,0
2002-02-11,4.400000095367432,4.400000095367432,4.400000095367432,4.400000095367432,4.400000095367432,600
2002-02-12,1.100000023841858,1.100000023841858,1.100000023841858,1.100000023841858,1.100000023841858,0
2002-02-13,4.0,4.0,4.0,4.0,4.0,1000
2002-02-14,3.5999999046325684,3.5999999046325684,3.200000047683716,3.200000047683716,3.200000047683716,3400
2002-02-15,0.800000011920929,0.800000011920929,0.800000011920929,0.800000011920929,0.800000011920929,0
2002-02-19,0.800000011920929,0.800000011920929,0.800000011920929,0.800000011920929,0.800000011920929,0
2002-02-20,3.200000047683716,3.200000047683716,3.200000047683716,3.200000047683716,3.200000047683716,750
2002-02-21,2.799999952316284,2.799999952316284,2.799999952316284,2.799999952316284,2.799999952316284,7240
2002-02-22,0.699999988079071,0.699999988079071,0.699999988079071,0.699999988079071,0.699999988079071,0
2002-02-25,3.200000047683716,3.200000047683716,3.200000047683716,3.200000047683716,3.200000047683716,750
2002-02-26,0.800000011920929,0.800000011920929,0.800000011920929,0.800000011920929,0.800000011920929,0
2002-02-27,3.200000047683716,3.200000047683716,3.200000047683716,3.200000047683716,3.200000047683716,1650
2002-02-28,0.800000011920929,0.800000011920929,0.800000011920929,0.800000011920929,0.800000011920929,0
2002-03-01,0.800000011920929,0.800000011920929,0.800000011920929,0.800000011920929,0.800000011920929,0
2002-03-04,0.800000011920929,0.800000011920929,0.800000011920929,0.800000011920929,0.800000011920929,0
2002-03-05,0.800000011920929,0.800000011920929,0.800000011920929,0.800000011920929,0.800000011920929,0
2002-03-06,2.799999952316284,2.799999952316284,2.799999952316284,2.799999952316284,2.799999952316284,50
2002-03-07,3.5999999046325684,4.0,3.5999999046325684,4.0,4.0,8200
2002-03-08,4.0,4.0,4.0,4.0,4.0,500
2002-03-11,1.0,1.0,1.0,1.0,1.0,0
2002-03-12,4.0,4.0,4.0,4.0,4.0,1300
2002-03-13,3.200000047683716,3.200000047683716,3.200000047683716,3.200000047683716,3.200000047683716,500
2002-03-14,0.800000011920929,0.800000011920929,0.800000011920929,0.800000011920929,0.800000011920929,0
2002-03-15,4.0,4.400000095367432,4.0,4.400000095367432,4.400000095367432,1400
2002-03-18,1.100000023841858,1.100000023841858,1.100000023841858,1.100000023841858,1.100000023841858,0
2002-03-19,4.0,4.0,4.0,4.0,4.0,230
2002-03-20,4.0,4.0,4.0,4.0,4.0,1530
2002-03-21,1.0,1.0,1.0,1.0,1.0,0
2002-03-22,3.200000047683716,3.200000047683716,3.200000047683716,3.200000047683716,3.200000047683716,1500
2002-03-25,0.800000011920929,0.800000011920929,0.800000011920929,0.800000011920929,0.800000011920929,0
2002-03-26,3.200000047683716,3.200000047683716,3.200000047683716,3.200000047683716,3.200000047683716,450
2002-03-27,2.799999952316284,2.799999952316284,2.799999952316284,2.799999952316284,2.799999952316284,180
2002-03-28,4.800000190734863,4.800000190734863,4.800000190734863,4.800000190734863,4.800000190734863,30
2002-04-01,1.2000000476837158,1.2000000476837158,1.2000000476837158,1.2000000476837158,1.2000000476837158,0
2002-04-02,3.200000047683716,3.200000047683716,3.200000047683716,3.200000047683716,3.200000047683716,450
2002-04-03,0.800000011920929,0.800000011920929,0.800000011920929,0.800000011920929,0.800000011920929,0
2002-04-04,3.200000047683716,3.200000047683716,3.200000047683716,3.200000047683716,3.200000047683716,1250
2002-04-05,0.800000011920929,0.800000011920929,0.800000011920929,0.800000011920929,0.800000011920929,0
2002-04-08,0.800000011920929,0.800000011920929,0.800000011920929,0.800000011920929,0.800000011920929,0
2002-04-09,0.800000011920929,0.800000011920929,0.800000011920929,0.800000011920929,0.800000011920929,0
2002-04-10,0.800000011920929,0.800000011920929,0.800000011920929,0.800000011920929,0.800000011920929,0
2002-04-11,2.400000095367432,2.400000095367432,2.400000095367432,2.400000095367432,2.400000095367432,30
2002-04-12,3.200000047683716,3.200000047683716,3.200000047683716,3.200000047683716,3.200000047683716,50
2002-04-15,0.800000011920929,0.800000011920929,0.800000011920929,0.800000011920929,0.800000011920929,0
2002-04-16,3.200000047683716,3.200000047683716,2.799999952316284,2.799999952316284,2.799999952316284,4700
2002-04-17,0.699999988079071,0.699999988079071,0.699999988079071,0.699999988079071,0.699999988079071,0
2002-04-18,0.699999988079071,0.699999988079071,0.699999988079071,0.699999988079071,0.699999988079071,0
2002-04-19,3.200000047683716,3.200000047683716,3.200000047683716,3.200000047683716,3.200000047683716,600
2002-04-22,2.799999952316284,2.799999952316284,2.799999952316284,2.799999952316284,2.799999952316284,50
2002-04-23,0.699999988079071,0.699999988079071,0.699999988079071,0.699999988079071,0.699999988079071,0
2002-04-24,0.699999988079071,0.699999988079071,0.699999988079071,0.699999988079071,0.699999988079071,0
2002-04-25,2.799999952316284,2.799999952316284,2.799999952316284,2.799999952316284,2.799999952316284,1750
2002-04-26,3.5999999046325684,4.0,3.5999999046325684,4.0,4.0,1500
2002-04-29,1.0,1.0,1.0,1.0,1.0,0
2002-04-30,1.0,1.0,1.0,1.0,1.0,0
2002-05-01,1.0,1.0,1.0,1.0,1.0,0
2002-05-02,1.0,1.0,1.0,1.0,1.0,0
2002-05-03,3.5999999046325684,3.5999999046325684,3.5999999046325684,3.5999999046325684,3.5999999046325684,750
2002-05-06,0.8999999761581421,0.8999999761581421,0.8999999761581421,0.8999999761581421,0.8999999761581421,0
2002-05-07,4.0,4.0,3.200000047683716,3.200000047683716,3.200000047683716,1550
2002-05-08,0.800000011920929,0.800000011920929,0.800000011920929,0.800000011920929,0.800000011920929,0
2002-05-09,3.5999999046325684,3.5999999046325684,3.5999999046325684,3.5999999046325684,3.5999999046325684,1000
2002-05-10,0.8999999761581421,0.8999999761581421,0.8999999761581421,0.8999999761581421,0.8999999761581421,0
2002-05-13,0.8999999761581421,0.8999999761581421,0.8999999761581421,0.8999999761581421,0.8999999761581421,0
2002-05-14,0.8999999761581421,0.8999999761581421,0.8999999761581421,0.8999999761581421,0.8999999761581421,0
2002-05-15,0.8999999761581421,0.8999999761581421,0.8999999761581421,0.8999999761581421,0.8999999761581421,0
2002-05-16,0.8999999761581421,0.8999999761581421,0.8999999761581421,0.8999999761581421,0.8999999761581421,0
2002-05-17,0.8999999761581421,0.8999999761581421,0.8999999761581421,0.8999999761581421,0.8999999761581421,0
2002-05-20,0.8999999761581421,0.8999999761581421,0.8999999761581421,0.8999999761581421,0.8999999761581421,0
2002-05-21,0.8999999761581421,0.8999999761581421,0.8999999761581421,0.8999999761581421,0.8999999761581421,0
2002-05-22,0.8999999761581421,0.8999999761581421,0.8999999761581421,0.8999999761581421,0.8999999761581421,0
2002-05-23,4.0,4.0,4.0,4.0,4.0,1950
2002-05-24,1.0,1.0,1.0,1.0,1.0,0
2002-05-28,4.800000190734863,5.199999809265137,4.800000190734863,5.199999809265137,5.199999809265137,800
2002-05-29,1.2999999523162842,1.2999999523162842,1.2999999523162842,1.2999999523162842,1.2999999523162842,0
2002-05-30,1.2999999523162842,1.2999999523162842,1.2999999523162842,1.2999999523162842,1.2999999523162842,0
2002-05-31,4.0,5.199999809265137,4.0,5.199999809265137,5.199999809265137,2250
2002-06-03,1.2999999523162842,1.2999999523162842,1.2999999523162842,1.2999999523162842,1.2999999523162842,0
2002-06-04,4.400000095367432,6.0,4.400000095367432,6.0,6.0,2500
2002-06-05,1.5,1.5,1.5,1.5,1.5,0
2002-06-06,1.5,1.5,1.5,1.5,1.5,0
2002-06-07,1.5,1.5,1.5,1.5,1.5,0
2002-06-10,4.400000095367432,4.400000095367432,4.0,4.0,4.0,1900
2002-06-11,1.0,1.0,1.0,1.0,1.0,0
2002-06-12,1.0,1.0,1.0,1.0,1.0,0
2002-06-13,1.0,1.0,1.0,1.0,1.0,0
2002-06-14,1.0,1.0,1.0,1.0,1.0,0
2002-06-17,1.0,1.0,1.0,1.0,1.0,0
2002-06-18,1.0,1.0,1.0,1.0,1.0,0
2002-06-19,0.699999988079071,0.699999988079071,0.699999988079071,0.699999988079071,0.699999988079071,0
2002-06-20,0.699999988079071,0.699999988079071,0.699999988079071,0.699999988079071,0.699999988079071,0
2002-06-21,0.699999988079071,0.699999988079071,0.699999988079071,0.699999988079071,0.699999988079071,0
2002-06-24,0.699999988079071,0.699999988079071,0.699999988079071,0.699999988079071,0.699999988079071,0
2002-06-25,0.699999988079071,0.699999988079071,0.699999988079071,0.699999988079071,0.699999988079071,0
2002-06-26,3.5999999046325684,3.5999999046325684,3.5999999046325684,3.5999999046325684,3.5999999046325684,250
2002-06-27,0.8999999761581421,0.8999999761581421,0.8999999761581421,0.8999999761581421,0.8999999761581421,0
2002-06-28,3.5999999046325684,3.5999999046325684,3.5999999046325684,3.5999999046325684,3.5999999046325684,190
2002-07-01,0.8999999761581421,0.8999999761581421,0.8999999761581421,0.8999999761581421,0.8999999761581421,0
2002-07-02,3.5999999046325684,3.5999999046325684,3.5999999046325684,3.5999999046325684,3.5999999046325684,450
2002-07-03,3.5999999046325684,3.5999999046325684,3.5999999046325684,3.5999999046325684,3.5999999046325684,380
2002-07-05,0.800000011920929,0.800000011920929,0.800000011920929,0.800000011920929,0.800000011920929,0
2002-07-08,0.800000011920929,0.800000011920929,0.800000011920929,0.800000011920929,0.800000011920929,0
2002-07-09,0.800000011920929,0.800000011920929,0.800000011920929,0.800000011920929,0.800000011920929,0
2002-07-10,3.200000047683716,3.200000047683716,3.200000047683716,3.200000047683716,3.200000047683716,300
2002-07-11,0.800000011920929,0.800000011920929,0.800000011920929,0.800000011920929,0.800000011920929,0
2002-07-12,0.800000011920929,0.800000011920929,0.800000011920929,0.800000011920929,0.800000011920929,0
2002-07-15,0.800000011920929,0.800000011920929,0.800000011920929,0.800000011920929,0.800000011920929,0
2002-07-16,0.800000011920929,0.800000011920929,0.800000011920929,0.800000011920929,0.800000011920929,0
2002-07-17,2.799999952316284,2.799999952316284,2.799999952316284,2.799999952316284,2.799999952316284,130
2002-07-18,2.799999952316284,2.799999952316284,2.799999952316284,2.799999952316284,2.799999952316284,250
2002-07-19,0.699999988079071,0.699999988079071,0.699999988079071,0.699999988079071,0.699999988079071,0
2002-07-22,0.699999988079071,0.699999988079071,0.699999988079071,0.699999988079071,0.699999988079071,0
2002-07-23,2.799999952316284,2.799999952316284,2.799999952316284,2.799999952316284,2.799999952316284,100
2002-07-24,0.699999988079071,0.699999988079071,0.699999988079071,0.699999988079071,0.699999988079071,0
2002-07-25,0.699999988079071,0.699999988079071,0.699999988079071,0.699999988079071,0.699999988079071,0
2002-07-26,0.699999988079071,0.699999988079071,0.699999988079071,0.699999988079071,0.699999988079071,0
2002-07-29,2.799999952316284,2.799999952316284,2.799999952316284,2.799999952316284,2.799999952316284,150
2002-07-30,2.799999952316284,2.799999952316284,2.799999952316284,2.799999952316284,2.799999952316284,50
2002-07-31,0.699999988079071,0.699999988079071,0.699999988079071,0.699999988079071,0.699999988079071,0
2002-08-01,0.699999988079071,0.699999988079071,0.699999988079071,0.699999988079071,0.699999988079071,0
2002-08-02,0.699999988079071,0.699999988079071,0.699999988079071,0.699999988079071,0.699999988079071,0
2002-08-05,0.699999988079071,0.699999988079071,0.699999988079071,0.699999988079071,0.699999988079071,0
2002-08-06,0.699999988079071,0.699999988079071,0.699999988079071,0.699999988079071,0.699999988079071,0
2002-08-07,2.799999952316284,2.799999952316284,2.799999952316284,2.799999952316284,2.799999952316284,70
2002-08-08,0.699999988079071,0.699999988079071,0.699999988079071,0.699999988079071,0.699999988079071,0
2002-08-09,0.699999988079071,0.699999988079071,0.699999988079071,0.699999988079071,0.699999988079071,0
2002-08-12,0.699999988079071,0.699999988079071,0.699999988079071,0.699999988079071,0.699999988079071,0
2002-08-13,2.799999952316284,2.799999952316284,2.799999952316284,2.799999952316284,2.799999952316284,450
2002-08-14,2.799999952316284,2.799999952316284,2.799999952316284,2.799999952316284,2.799999952316284,480
2002-08-15,0.699999988079071,0.699999988079071,0.699999988079071,0.699999988079071,0.699999988079071,0
2002-08-16,0.699999988079071,0.699999988079071,0.699999988079071,0.699999988079071,0.699999988079071,0
2002-08-19,0.699999988079071,0.699999988079071,0.699999988079071,0.699999988079071,0.699999988079071,0
2002-08-20,0.699999988079071,0.699999988079071,0.699999988079071,0.699999988079071,0.699999988079071,0
2002-08-21,0.699999988079071,0.699999988079071,0.699999988079071,0.699999988079071,0.699999988079071,0
2002-08-22,2.799999952316284,2.799999952316284,2.799999952316284,2.799999952316284,2.799999952316284,50
2002-08-23,0.699999988079071,0.699999988079071,0.699999988079071,0.699999988079071,0.699999988079071,0
2002-08-26,0.699999988079071,0.699999988079071,0.699999988079071,0.699999988079071,0.699999988079071,0
2002-08-27,0.699999988079071,0.699999988079071,0.699999988079071,0.699999988079071,0.699999988079071,0
2002-08-28,0.699999988079071,0.699999988079071,0.699999988079071,0.699999988079071,0.699999988079071,0
2002-08-29,0.699999988079071,0.699999988079071,0.699999988079071,0.699999988079071,0.699999988079071,0
2002-08-30,0.699999988079071,0.699999988079071,0.699999988079071,0.699999988079071,0.699999988079071,0
2002-09-03,0.699999988079071,0.699999988079071,0.699999988079071,0.699999988079071,0.699999988079071,0
2002-09-04,0.699999988079071,0.699999988079071,0.699999988079071,0.699999988079071,0.699999988079071,0
2002-09-05,0.699999988079071,0.699999988079071,0.699999988079071,0.699999988079071,0.699999988079071,0
2002-09-06,2.799999952316284,2.799999952316284,2.799999952316284,2.799999952316284,2.799999952316284,3600
2002-09-09,0.699999988079071,0.699999988079071,0.699999988079071,0.699999988079071,0.699999988079071,0
2002-09-10,0.699999988079071,0.699999988079071,0.699999988079071,0.699999988079071,0.699999988079071,0
2002-09-11,0.699999988079071,0.699999988079071,0.699999988079071,0.699999988079071,0.699999988079071,0
2002-09-12,0.699999988079071,0.699999988079071,0.699999988079071,0.699999988079071,0.699999988079071,0
2002-09-13,0.699999988079071,0.699999988079071,0.699999988079071,0.699999988079071,0.699999988079071,0
2002-09-16,3.200000047683716,3.200000047683716,3.200000047683716,3.200000047683716,3.200000047683716,1000
2002-09-17,2.400000095367432,2.400000095367432,2.400000095367432,2.400000095367432,2.400000095367432,1000
2002-09-18,0.6000000238418579,0.6000000238418579,0.6000000238418579,0.6000000238418579,0.6000000238418579,0
2002-09-19,0.6000000238418579,0.6000000238418579,0.6000000238418579,0.6000000238418579,0.6000000238418579,0
2002-09-20,0.6000000238418579,0.6000000238418579,0.6000000238418579,0.6000000238418579,0.6000000238418579,0
2002-09-23,2.799999952316284,2.799999952316284,2.799999952316284,2.799999952316284,2.799999952316284,250
2002-09-24,0.699999988079071,0.699999988079071,0.699999988079071,0.699999988079071,0.699999988079071,0
2002-09-25,2.0,2.0,2.0,2.0,2.0,30
2002-09-26,2.799999952316284,2.799999952316284,2.799999952316284,2.799999952316284,2.799999952316284,4500
2002-09-27,0.699999988079071,0.699999988079071,0.699999988079071,0.699999988079071,0.699999988079071,0
2002-09-30,0.699999988079071,0.699999988079071,0.699999988079071,0.699999988079071,0.699999988079071,0
2002-10-01,0.699999988079071,0.699999988079071,0.699999988079071,0.699999988079071,0.699999988079071,0
2002-10-02,0.699999988079071,0.699999988079071,0.699999988079071,0.699999988079071,0.699999988079071,0
2002-10-03,0.699999988079071,0.699999988079071,0.699999988079071,0.699999988079071,0.699999988079071,0
2002-10-04,0.699999988079071,0.699999988079071,0.699999988079071,0.699999988079071,0.699999988079071,0
2002-10-07,0.699999988079071,0.699999988079071,0.699999988079071,0.699999988079071,0.699999988079071,0
2002-10-08,2.0,2.0,2.0,2.0,2.0,500
2002-10-09,0.5,0.5,0.5,0.5,0.5,0
2002-10-10,2.400000095367432,2.400000095367432,2.400000095367432,2.400000095367432,2.400000095367432,200
2002-10-11,1.2000000476837158,1.2000000476837158,1.2000000476837158,1.2000000476837158,1.2000000476837158,40
2002-10-14,0.3000000119209289,0.3000000119209289,0.3000000119209289,0.3000000119209289,0.3000000119209289,0
2002-10-15,2.0,2.0,2.0,2.0,2.0,50
2002-10-16,0.5,0.5,0.5,0.5,0.5,0
2002-10-17,0.5,0.5,0.5,0.5,0.5,0
2002-10-18,0.5,0.5,0.5,0.5,0.5,0
2002-10-21,2.0,2.0,1.600000023841858,1.600000023841858,1.600000023841858,4200
2002-10-22,2.0,2.400000095367432,2.0,2.400000095367432,2.400000095367432,4530
2002-10-23,0.6000000238418579,0.6000000238418579,0.6000000238418579,0.6000000238418579,0.6000000238418579,0
2002-10-24,2.799999952316284,2.799999952316284,2.400000095367432,2.400000095367432,2.400000095367432,3750
2002-10-25,2.0,2.0,2.0,2.0,2.0,500
2002-10-28,0.5,0.5,0.5,0.5,0.5,0
2002-10-29,2.0,2.0,2.0,2.0,2.0,1150
2002-10-30,0.5,0.5,0.5,0.5,0.5,0
2002-10-31,2.0,2.0,2.0,2.0,2.0,130
2002-11-01,0.5,0.5,0.5,0.5,0.5,0
2002-11-04,2.799999952316284,2.799999952316284,2.400000095367432,2.400000095367432,2.400000095367432,2300
2002-11-05,0.6000000238418579,0.6000000238418579,0.6000000238418579,0.6000000238418579,0.6000000238418579,0
2002-11-06,2.400000095367432,2.400000095367432,2.400000095367432,2.400000095367432,2.400000095367432,430
2002-11-07,0.6000000238418579,0.6000000238418579,0.6000000238418579,0.6000000238418579,0.6000000238418579,0
2002-11-08,2.400000095367432,2.400000095367432,2.0,2.0,2.0,1250
2002-11-11,2.799999952316284,2.799999952316284,2.799999952316284,2.799999952316284,2.799999952316284,1800
2002-11-12,0.699999988079071,0.699999988079071,0.699999988079071,0.699999988079071,0.699999988079071,0
2002-11-13,0.699999988079071,0.699999988079071,0.699999988079071,0.699999988079071,0.699999988079071,0
2002-11-14,0.699999988079071,0.699999988079071,0.699999988079071,0.699999988079071,0.699999988079071,0
2002-11-15,2.0,2.0,2.0,2.0,2.0,50
2002-11-18,0.5,0.5,0.5,0.5,0.5,0
2002-11-19,0.5,0.5,0.5,0.5,0.5,0
2002-11-20,0.5,0.5,0.5,0.5,0.5,0
2002-11-21,2.0,2.0,2.0,2.0,2.0,120
2002-11-22,0.5,0.5,0.5,0.5,0.5,0
2002-11-25,0.5,0.5,0.5,0.5,0.5,0
2002-11-26,0.5,0.5,0.5,0.5,0.5,0
2002-11-27,0.5,0.5,0.5,0.5,0.5,0
2002-11-29,0.5,0.5,0.5,0.5,0.5,0
2002-12-02,0.5,0.5,0.5,0.5,0.5,0
2002-12-03,0.5,0.5,0.5,0.5,0.5,0
2002-12-04,0.5,0.5,0.5,0.5,0.5,0
2002-12-05,1.600000023841858,1.600000023841858,1.600000023841858,1.600000023841858,1.600000023841858,20
2002-12-06,2.400000095367432,2.400000095367432,2.0,2.0,2.0,1000
2002-12-09,0.5,0.5,0.5,0.5,0.5,0
2002-12-10,0.5,0.5,0.5,0.5,0.5,0
2002-12-11,2.400000095367432,2.400000095367432,2.400000095367432,2.400000095367432,2.400000095367432,500
2002-12-12,2.0,2.400000095367432,2.0,2.400000095367432,2.400000095367432,1500
2002-12-13,2.400000095367432,2.400000095367432,2.400000095367432,2.400000095367432,2.400000095367432,1500
2002-12-16,2.0,2.0,2.0,2.0,2.0,500
2002-12-17,2.799999952316284,2.799999952316284,2.400000095367432,2.799999952316284,2.799999952316284,26400
2002-12-18,0.699999988079071,0.699999988079071,0.699999988079071,0.699999988079071,0.699999988079071,0
2002-12-19,0.699999988079071,0.699999988079071,0.699999988079071,0.699999988079071,0.699999988079071,0
2002-12-20,2.0,2.0,2.0,2.0,2.0,1000
2002-12-23,0.5,0.5,0.5,0.5,0.5,0
2002-12-24,0.5,0.5,0.5,0.5,0.5,0
2002-12-26,0.5,0.5,0.5,0.5,0.5,0
2002-12-27,0.5,0.5,0.5,0.5,0.5,0
2002-12-30,2.0,2.0,2.0,2.0,2.0,480
2002-12-31,2.799999952316284,3.200000047683716,2.799999952316284,3.200000047683716,3.200000047683716,600
2003-01-02,0.800000011920929,0.800000011920929,0.800000011920929,0.800000011920929,0.800000011920929,0
2003-01-03,0.800000011920929,0.800000011920929,0.800000011920929,0.800000011920929,0.800000011920929,0
2003-01-06,0.800000011920929,0.800000011920929,0.800000011920929,0.800000011920929,0.800000011920929,0
2003-01-07,0.800000011920929,0.800000011920929,0.800000011920929,0.800000011920929,0.800000011920929,0
2003-01-08,0.800000011920929,0.800000011920929,0.800000011920929,0.800000011920929,0.800000011920929,0
2003-01-09,2.400000095367432,2.400000095367432,2.400000095367432,2.400000095367432,2.400000095367432,50
2003-01-10,0.6000000238418579,0.6000000238418579,0.6000000238418579,0.6000000238418579,0.6000000238418579,0
2003-01-13,2.400000095367432,2.400000095367432,2.400000095367432,2.400000095367432,2.400000095367432,60
2003-01-14,2.400000095367432,2.400000095367432,2.400000095367432,2.400000095367432,2.400000095367432,100
2003-01-15,2.799999952316284,2.799999952316284,2.799999952316284,2.799999952316284,2.799999952316284,1750
2003-01-16,2.799999952316284,2.799999952316284,2.799999952316284,2.799999952316284,2.799999952316284,1500
2003-01-17,0.699999988079071,0.699999988079071,0.699999988079071,0.699999988079071,0.699999988079071,0
2003-01-21,0.699999988079071,0.699999988079071,0.699999988079071,0.699999988079071,0.699999988079071,0
2003-01-22,0.699999988079071,0.699999988079071,0.699999988079071,0.699999988079071,0.699999988079071,0
2003-01-23,0.699999988079071,0.699999988079071,0.699999988079071,0.699999988079071,0.699999988079071,0
2003-01-24,0.699999988079071,0.699999988079071,0.699999988079071,0.699999988079071,0.699999988079071,0
2003-01-27,0.699999988079071,0.699999988079071,0.699999988079071,0.699999988079071,0.699999988079071,0
2003-01-28,0.699999988079071,0.699999988079071,0.699999988079071,0.699999988079071,0.699999988079071,0
2003-01-29,2.400000095367432,2.400000095367432,2.400000095367432,2.400000095367432,2.400000095367432,620
2003-01-30,2.799999952316284,2.799999952316284,2.799999952316284,2.799999952316284,2.799999952316284,510
2003-01-31,2.400000095367432,2.799999952316284,2.400000095367432,2.799999952316284,2.799999952316284,2300
2003-02-03,0.699999988079071,0.699999988079071,0.699999988079071,0.699999988079071,0.699999988079071,0
2003-02-04,0.699999988079071,0.699999988079071,0.699999988079071,0.699999988079071,0.699999988079071,0
2003-02-05,0.699999988079071,0.699999988079071,0.699999988079071,0.699999988079071,0.699999988079071,0
2003-02-06,0.699999988079071,0.699999988079071,0.699999988079071,0.699999988079071,0.699999988079071,0
2003-02-07,0.699999988079071,0.699999988079071,0.699999988079071,0.699999988079071,0.699999988079071,0
2003-02-10,2.799999952316284,2.799999952316284,2.799999952316284,2.799999952316284,2.799999952316284,500
2003-02-11,2.799999952316284,2.799999952316284,2.400000095367432,2.400000095367432,2.400000095367432,250
2003-02-12,2.400000095367432,2.799999952316284,2.400000095367432,2.799999952316284,2.799999952316284,2900
2003-02-13,2.799999952316284,2.799999952316284,2.799999952316284,2.799999952316284,2.799999952316284,1600
2003-02-14,0.699999988079071,0.699999988079071,0.699999988079071,0.699999988079071,0.699999988079071,0
2003-02-18,0.699999988079071,0.699999988079071,0.699999988079071,0.699999988079071,0.699999988079071,0
2003-02-19,0.699999988079071,0.699999988079071,0.699999988079071,0.699999988079071,0.699999988079071,0
2003-02-20,0.699999988079071,0.699999988079071,0.699999988079071,0.699999988079071,0.699999988079071,0
2003-02-21,0.699999988079071,0.699999988079071,0.699999988079071,0.699999988079071,0.699999988079071,0
2003-02-24,0.699999988079071,0.699999988079071,0.699999988079071,0.699999988079071,0.699999988079071,0
2003-02-25,0.699999988079071,0.699999988079071,0.699999988079071,0.699999988079071,0.699999988079071,0
2003-02-26,0.699999988079071,0.699999988079071,0.699999988079071,0.699999988079071,0.699999988079071,0
2003-02-27,0.699999988079071,0.699999988079071,0.699999988079071,0.699999988079071,0.699999988079071,0
2003-02-28,2.400000095367432,2.400000095367432,2.400000095367432,2.400000095367432,2.400000095367432,50
2003-03-03,2.400000095367432,2.400000095367432,2.400000095367432,2.400000095367432,2.400000095367432,7500
2003-03-04,0.6000000238418579,0.6000000238418579,0.6000000238418579,0.6000000238418579,0.6000000238418579,0
2003-03-05,0.6000000238418579,0.6000000238418579,0.6000000238418579,0.6000000238418579,0.6000000238418579,0
2003-03-06,2.400000095367432,2.400000095367432,2.400000095367432,2.400000095367432,2.400000095367432,5000
2003-03-07,2.799999952316284,3.200000047683716,2.799999952316284,2.799999952316284,2.799999952316284,2210
2003-03-10,2.799999952316284,2.799999952316284,2.799999952316284,2.799999952316284,2.799999952316284,500
2003-03-11,0.699999988079071,0.699999988079071,0.699999988079071,0.699999988079071,0.699999988079071,0
2003-03-12,0.699999988079071,0.699999988079071,0.699999988079071,0.699999988079071,0.699999988079071,0
2003-03-13,2.799999952316284,2.799999952316284,2.799999952316284,2.799999952316284,2.799999952316284,750
2003-03-14,2.400000095367432,2.400000095367432,2.400000095367432,2.400000095367432,2.400000095367432,500
2003-03-17,3.200000047683716,3.200000047683716,2.799999952316284,2.799999952316284,2.799999952316284,830
2003-03-18,3.200000047683716,3.5999999046325684,3.200000047683716,3.5999999046325684,3.5999999046325684,1750
2003-03-19,3.200000047683716,3.200000047683716,3.200000047683716,3.200000047683716,3.200000047683716,750
2003-03-20,0.800000011920929,0.800000011920929,0.800000011920929,0.800000011920929,0.800000011920929,0
2003-03-21,0.800000011920929,0.800000011920929,0.800000011920929,0.800000011920929,0.800000011920929,0
2003-03-24,0.800000011920929,0.800000011920929,0.800000011920929,0.800000011920929,0.800000011920929,0
2003-03-25,2.799999952316284,2.799999952316284,2.799999952316284,2.799999952316284,2.799999952316284,250
2003-03-26,2.799999952316284,2.799999952316284,2.400000095367432,2.400000095367432,2.400000095367432,1030
2003-03-27,0.6000000238418579,0.6000000238418579,0.6000000238418579,0.6000000238418579,0.6000000238418579,0
2003-03-28,0.6000000238418579,0.6000000238418579,0.6000000238418579,0.6000000238418579,0.6000000238418579,0
2003-03-31,0.6000000238418579,0.6000000238418579,0.6000000238418579,0.6000000238418579,0.6000000238418579,0
2003-04-01,2.400000095367432,2.400000095367432,2.400000095367432,2.400000095367432,2.400000095367432,250
2003-04-02,0.6000000238418579,0.6000000238418579,0.6000000238418579,0.6000000238418579,0.6000000238418579,0
2003-04-03,0.6000000238418579,0.6000000238418579,0.6000000238418579,0.6000000238418579,0.6000000238418579,0
2003-04-04,0.6000000238418579,0.6000000238418579,0.6000000238418579,0.6000000238418579,0.6000000238418579,0
2003-04-07,0.6000000238418579,0.6000000238418579,0.6000000238418579,0.6000000238418579,0.6000000238418579,0
2003-04-08,0.6000000238418579,0.6000000238418579,0.6000000238418579,0.6000000238418579,0.6000000238418579,0
2003-04-09,0.6000000238418579,0.6000000238418579,0.6000000238418579,0.6000000238418579,0.6000000238418579,0
2003-04-10,0.6000000238418579,0.6000000238418579,0.6000000238418579,0.6000000238418579,0.6000000238418579,0
2003-04-11,0.6000000238418579,0.6000000238418579,0.6000000238418579,0.6000000238418579,0.6000000238418579,0
2003-04-14,0.6000000238418579,0.6000000238418579,0.6000000238418579,0.6000000238418579,0.6000000238418579,0
2003-04-15,0.6000000238418579,0.6000000238418579,0.6000000238418579,0.6000000238418579,0.6000000238418579,0
2003-04-16,2.400000095367432,2.400000095367432,2.400000095367432,2.400000095367432,2.400000095367432,130
2003-04-17,0.6000000238418579,0.6000000238418579,0.6000000238418579,0.6000000238418579,0.6000000238418579,0
2003-04-21,0.6000000238418579,0.6000000238418579,0.6000000238418579,0.6000000238418579,0.6000000238418579,0
2003-04-22,2.400000095367432,2.400000095367432,2.400000095367432,2.400000095367432,2.400000095367432,350
2003-04-23,0.6000000238418579,0.6000000238418579,0.6000000238418579,0.6000000238418579,0.6000000238418579,0
2003-04-24,2.799999952316284,2.799999952316284,2.799999952316284,2.799999952316284,2.799999952316284,1100
2003-04-25,0.699999988079071,0.699999988079071,0.699999988079071,0.699999988079071,0.699999988079071,0
2003-04-28,2.400000095367432,2.400000095367432,2.400000095367432,2.400000095367432,2.400000095367432,310
2003-04-29,0.6000000238418579,0.6000000238418579,0.6000000238418579,0.6000000238418579,0.6000000238418579,0
2003-04-30,0.6000000238418579,0.6000000238418579,0.6000000238418579,0.6000000238418579,0.6000000238418579,0
2003-05-01,2.0,2.0,2.0,2.0,2.0,250
2003-05-02,0.5,0.5,0.5,0.5,0.5,0
2003-05-05,0.5,0.5,0.5,0.5,0.5,0
2003-05-06,0.5,0.5,0.5,0.5,0.5,0
2003-05-07,0.5,0.5,0.5,0.5,0.5,0
2003-05-08,3.200000047683716,3.200000047683716,3.200000047683716,3.200000047683716,3.200000047683716,1000
2003-05-09,0.800000011920929,0.800000011920929,0.800000011920929,0.800000011920929,0.800000011920929,0
2003-05-12,0.800000011920929,0.800000011920929,0.800000011920929,0.800000011920929,0.800000011920929,0
2003-05-13,2.0,2.0,2.0,2.0,2.0,2500
2003-05-14,0.5,0.5,0.5,0.5,0.5,0
2003-05-15,0.5,0.5,0.5,0.5,0.5,0
2003-05-16,0.5,0.5,0.5,0.5,0.5,0
2003-05-19,0.5,0.5,0.5,0.5,0.5,0
2003-05-20,2.0,2.0,2.0,2.0,2.0,100
2003-05-21,2.799999952316284,2.799999952316284,2.400000095367432,2.400000095367432,2.400000095367432,2250
2003-05-22,0.6000000238418579,0.6000000238418579,0.6000000238418579,0.6000000238418579,0.6000000238418579,0
2003-05-23,0.6000000238418579,0.6000000238418579,0.6000000238418579,0.6000000238418579,0.6000000238418579,0
2003-05-27,0.6000000238418579,0.6000000238418579,0.6000000238418579,0.6000000238418579,0.6000000238418579,0
2003-05-28,2.400000095367432,2.400000095367432,2.400000095367432,2.400000095367432,2.400000095367432,50
2003-05-29,0.6000000238418579,0.6000000238418579,0.6000000238418579,0.6000000238418579,0.6000000238418579,0
2003-05-30,2.400000095367432,2.400000095367432,2.400000095367432,2.400000095367432,2.400000095367432,950
2003-06-02,0.6000000238418579,0.6000000238418579,0.6000000238418579,0.6000000238418579,0.6000000238418579,0
2003-06-03,0.6000000238418579,0.6000000238418579,0.6000000238418579,0.6000000238418579,0.6000000238418579,0
2003-06-04,0.6000000238418579,0.6000000238418579,0.6000000238418579,0.6000000238418579,0.6000000238418579,0
2003-06-05,2.200000047683716,2.200000047683716,2.200000047683716,2.200000047683716,2.200000047683716,750
2003-06-06,2.400000095367432,3.200000047683716,2.400000095367432,3.200000047683716,3.200000047683716,1100
2003-06-09,0.800000011920929,0.800000011920929,0.800000011920929,0.800000011920929,0.800000011920929,0
2003-06-10,2.200000047683716,2.200000047683716,2.200000047683716,2.200000047683716,2.200000047683716,250
2003-06-11,2.200000047683716,2.200000047683716,2.200000047683716,2.200000047683716,2.200000047683716,250
2003-06-12,0.550000011920929,0.550000011920929,0.550000011920929,0.550000011920929,0.550000011920929,0
2003-06-13,3.200000047683716,3.200000047683716,3.200000047683716,3.200000047683716,3.200000047683716,3500
2003-06-16,2.400000095367432,2.400000095367432,2.200000047683716,2.200000047683716,2.200000047683716,3200
2003-06-17,2.400000095367432,2.400000095367432,2.400000095367432,2.400000095367432,2.400000095367432,100
2003-06-18,0.6000000238418579,0.6000000238418579,0.6000000238418579,0.6000000238418579,0.6000000238418579,0
2003-06-19,2.799999952316284,2.799999952316284,2.799999952316284,2.799999952316284,2.799999952316284,1250
2003-06-20,0.699999988079071,0.699999988079071,0.699999988079071,0.699999988079071,0.699999988079071,0
2003-06-23,0.699999988079071,0.699999988079071,0.699999988079071,0.699999988079071,0.699999988079071,0
2003-06-24,0.699999988079071,0.699999988079071,0.699999988079071,0.699999988079071,0.699999988079071,0
2003-06-25,0.699999988079071,0.699999988079071,0.699999988079071,0.699999988079071,0.699999988079071,0
2003-06-26,0.699999988079071,0.699999988079071,0.699999988079071,0.699999988079071,0.699999988079071,0
2003-06-27,2.400000095367432,2.400000095367432,2.400000095367432,2.400000095367432,2.400000095367432,480
2003-06-30,0.6000000238418579,0.6000000238418579,0.6000000238418579,0.6000000238418579,0.6000000238418579,0
2003-07-01,0.6000000238418579,0.6000000238418579,0.6000000238418579,0.6000000238418579,0.6000000238418579,0
2003-07-02,2.400000095367432,2.400000095367432,2.400000095367432,2.400000095367432,2.400000095367432,100
2003-07-03,0.6000000238418579,0.6000000238418579,0.6000000238418579,0.6000000238418579,0.6000000238418579,0
2003-07-07,2.400000095367432,2.400000095367432,2.400000095367432,2.400000095367432,2.400000095367432,50
2003-07-08,0.6000000238418579,0.6000000238418579,0.6000000238418579,0.6000000238418579,0.6000000238418579,0
2003-07-09,0.6000000238418579,0.6000000238418579,0.6000000238418579,0.6000000238418579,0.6000000238418579,0
2003-07-10,0.6000000238418579,0.6000000238418579,0.6000000238418579,0.6000000238418579,0.6000000238418579,0
2003-07-11,0.6000000238418579,0.6000000238418579,0.6000000238418579,0.6000000238418579,0.6000000238418579,0
2003-07-14,0.6000000238418579,0.6000000238418579,0.6000000238418579,0.6000000238418579,0.6000000238418579,0
2003-07-15,2.400000095367432,2.400000095367432,2.0,2.0,2.0,2500
2003-07-16,0.5,0.5,0.5,0.5,0.5,0
2003-07-17,0.5,0.5,0.5,0.5,0.5,0
2003-07-18,0.5,0.5,0.5,0.5,0.5,0
2003-07-21,2.0,2.0,2.0,2.0,2.0,500
2003-07-22,2.0,2.0,2.0,2.0,2.0,2250
2003-07-23,0.5,0.5,0.5,0.5,0.5,0
2003-07-24,2.0,2.0,2.0,2.0,2.0,230
2003-07-25,2.799999952316284,2.799999952316284,2.799999952316284,2.799999952316284,2.799999952316284,200
2003-07-28,0.699999988079071,0.699999988079071,0.699999988079071,0.699999988079071,0.699999988079071,0
2003-07-29,0.699999988079071,0.699999988079071,0.699999988079071,0.699999988079071,0.699999988079071,0
2003-07-30,0.699999988079071,0.699999988079071,0.699999988079071,0.699999988079071,0.699999988079071,0
2003-07-31,2.400000095367432,2.400000095367432,2.400000095367432,2.400000095367432,2.400000095367432,1600
2003-08-01,0.6000000238418579,0.6000000238418579,0.6000000238418579,0.6000000238418579,0.6000000238418579,0
2003-08-04,0.6000000238418579,0.6000000238418579,0.6000000238418579,0.6000000238418579,0.6000000238418579,0
2003-08-05,2.0,3.0,2.0,3.0,3.0,400
2003-08-06,0.75,0.75,0.75,0.75,0.75,0
2003-08-07,0.75,0.75,0.75,0.75,0.75,0
2003-08-08,3.200000047683716,3.200000047683716,3.200000047683716,3.200000047683716,3.200000047683716,1030
2003-08-11,0.800000011920929,0.800000011920929,0.800000011920929,0.800000011920929,0.800000011920929,0
2003-08-12,0.800000011920929,0.800000011920929,0.800000011920929,0.800000011920929,0.800000011920929,0
2003-08-13,2.799999952316284,3.200000047683716,2.799999952316284,2.799999952316284,2.799999952316284,950
2003-08-14,0.699999988079071,0.699999988079071,0.699999988079071,0.699999988079071,0.699999988079071,0
2003-08-15,0.699999988079071,0.699999988079071,0.699999988079071,0.699999988079071,0.699999988079071,0
2003-08-18,0.699999988079071,0.699999988079071,0.699999988079071,0.699999988079071,0.699999988079071,0
2003-08-19,0.699999988079071,0.699999988079071,0.699999988079071,0.699999988079071,0.699999988079071,0
2003-08-20,0.699999988079071,0.699999988079071,0.699999988079071,0.699999988079071,0.699999988079071,0
2003-08-21,0.699999988079071,0.699999988079071,0.699999988079071,0.699999988079071,0.699999988079071,0
2003-08-22,0.699999988079071,0.699999988079071,0.699999988079071,0.699999988079071,0.699999988079071,0
2003-08-25,0.699999988079071,0.699999988079071,0.699999988079071,0.699999988079071,0.699999988079071,0
2003-08-26,0.699999988079071,0.699999988079071,0.699999988079071,0.699999988079071,0.699999988079071,0
2003-08-27,2.400000095367432,2.400000095367432,2.400000095367432,2.400000095367432,2.400000095367432,100
2003-08-28,0.6000000238418579,0.6000000238418579,0.6000000238418579,0.6000000238418579,0.6000000238418579,0
2003-08-29,0.6000000238418579,0.6000000238418579,0.6000000238418579,0.6000000238418579,0.6000000238418579,0
2003-09-02,0.6000000238418579,0.6000000238418579,0.6000000238418579,0.6000000238418579,0.6000000238418579,0
2003-09-03,2.400000095367432,2.400000095367432,2.400000095367432,2.400000095367432,2.400000095367432,900
2003-09-04,2.400000095367432,2.400000095367432,2.400000095367432,2.400000095367432,2.400000095367432,650
2003-09-05,0.6000000238418579,0.6000000238418579,0.6000000238418579,0.6000000238418579,0.6000000238418579,0
2003-09-08,0.6000000238418579,0.6000000238418579,0.6000000238418579,0.6000000238418579,0.6000000238418579,0
2003-09-09,2.400000095367432,2.400000095367432,2.400000095367432,2.400000095367432,2.400000095367432,600
2003-09-10,0.6000000238418579,0.6000000238418579,0.6000000238418579,0.6000000238418579,0.6000000238418579,0
2003-09-11,0.6000000238418579,0.6000000238418579,0.6000000238418579,0.6000000238418579,0.6000000238418579,0
2003-09-12,2.400000095367432,2.400000095367432,2.400000095367432,2.400000095367432,2.400000095367432,250
2003-09-15,0.6000000238418579,0.6000000238418579,0.6000000238418579,0.6000000238418579,0.6000000238418579,0
2003-09-16,2.400000095367432,2.400000095367432,2.200000047683716,2.400000095367432,2.400000095367432,15650
2003-09-17,2.400000095367432,2.400000095367432,2.400000095367432,2.400000095367432,2.400000095367432,2750
2003-09-18,2.200000047683716,2.400000095367432,2.200000047683716,2.400000095367432,2.400000095367432,1300
2003-09-19,2.200000047683716,2.200000047683716,2.0,2.0,2.0,5450
2003-09-22,0.5,0.5,0.5,0.5,0.5,0
2003-09-23,2.0,2.0,2.0,2.0,2.0,6500
2003-09-24,2.0,2.0,2.0,2.0,2.0,8730
2003-09-25,2.0,2.0,2.0,2.0,2.0,50
2003-09-26,2.0,2.0,2.0,2.0,2.0,250
2003-09-29,0.5,0.5,0.5,0.5,0.5,0
2003-09-30,2.5999999046325684,2.5999999046325684,2.0,2.0,2.0,7950
2003-10-01,2.0,2.400000095367432,2.0,2.0,2.0,4030
2003-10-02,2.400000095367432,2.400000095367432,2.0,2.0,2.0,1850
2003-10-03,0.5,0.5,0.5,0.5,0.5,0
2003-10-06,0.5,0.5,0.5,0.5,0.5,0
2003-10-07,2.400000095367432,2.400000095367432,2.400000095367432,2.400000095367432,2.400000095367432,1650
2003-10-08,2.200000047683716,2.400000095367432,2.200000047683716,2.400000095367432,2.400000095367432,2600
2003-10-09,0.6000000238418579,0.6000000238418579,0.6000000238418579,0.6000000238418579,0.6000000238418579,0
2003-10-10,0.6000000238418579,0.6000000238418579,0.6000000238418579,0.6000000238418579,0.6000000238418579,0
2003-10-13,0.6000000238418579,0.6000000238418579,0.6000000238418579,0.6000000238418579,0.6000000238418579,0
2003-10-14,2.400000095367432,2.400000095367432,2.400000095367432,2.400000095367432,2.400000095367432,2500
2003-10-15,2.0,2.0,2.0,2.0,2.0,250
2003-10-16,0.5,0.5,0.5,0.5,0.5,0
2003-10-17,2.0,2.0,2.0,2.0,2.0,130
2003-10-20,2.0,2.400000095367432,2.0,2.400000095367432,2.400000095367432,1050
2003-10-21,0.6000000238418579,0.6000000238418579,0.6000000238418579,0.6000000238418579,0.6000000238418579,0
2003-10-22,2.400000095367432,2.400000095367432,2.400000095367432,2.400000095367432,2.400000095367432,1000
2003-10-23,2.400000095367432,2.400000095367432,2.400000095367432,2.400000095367432,2.400000095367432,7500
2003-10-24,0.6000000238418579,0.6000000238418579,0.6000000238418579,0.6000000238418579,0.6000000238418579,0
2003-10-27,2.400000095367432,2.400000095367432,2.400000095367432,2.400000095367432,2.400000095367432,50
2003-10-28,2.400000095367432,2.400000095367432,2.400000095367432,2.400000095367432,2.400000095367432,1250
2003-10-29,0.6000000238418579,0.6000000238418579,0.6000000238418579,0.6000000238418579,0.6000000238418579,0
2003-10-30,2.799999952316284,3.400000095367432,2.799999952316284,2.799999952316284,2.799999952316284,5250
2003-10-31,2.5999999046325684,3.0,2.5999999046325684,3.0,3.0,3030
2003-11-03,0.75,0.75,0.75,0.75,0.75,0
2003-11-04,3.0,3.0,3.0,3.0,3.0,500
2003-11-05,3.0,3.200000047683716,2.799999952316284,3.200000047683716,3.200000047683716,3000
2003-11-06,0.800000011920929,0.800000011920929,0.800000011920929,0.800000011920929,0.800000011920929,0
2003-11-07,3.200000047683716,3.200000047683716,3.200000047683716,3.200000047683716,3.200000047683716,2700
2003-11-10,3.5999999046325684,3.5999999046325684,3.5999999046325684,3.5999999046325684,3.5999999046325684,200
2003-11-11,3.5999999046325684,3.5999999046325684,3.5999999046325684,3.5999999046325684,3.5999999046325684,1000
2003-11-12,2.799999952316284,3.5999999046325684,2.799999952316284,3.5999999046325684,3.5999999046325684,9900
2003-11-13,0.8999999761581421,0.8999999761581421,0.8999999761581421,0.8999999761581421,0.8999999761581421,0
2003-11-14,3.799999952316284,3.799999952316284,3.799999952316284,3.799999952316284,3.799999952316284,1250
2003-11-17,0.949999988079071,0.949999988079071,0.949999988079071,0.949999988079071,0.949999988079071,0
2003-11-18,0.949999988079071,0.949999988079071,0.949999988079071,0.949999988079071,0.949999988079071,0
2003-11-19,3.400000095367432,3.400000095367432,3.400000095367432,3.400000095367432,3.400000095367432,1200
2003-11-20,0.8500000238418579,0.8500000238418579,0.8500000238418579,0.8500000238418579,0.8500000238418579,0
2003-11-21,0.8500000238418579,0.8500000238418579,0.8500000238418579,0.8500000238418579,0.8500000238418579,0
2003-11-24,0.8500000238418579,0.8500000238418579,0.8500000238418579,0.8500000238418579,0.8500000238418579,0
2003-11-25,3.200000047683716,3.200000047683716,3.200000047683716,3.200000047683716,3.200000047683716,1250
2003-11-26,3.200000047683716,3.400000095367432,3.200000047683716,3.400000095367432,3.400000095367432,1400
2003-11-28,3.5999999046325684,5.199999809265137,3.5999999046325684,4.800000190734863,4.800000190734863,11380
2003-12-01,5.0,5.0,4.599999904632568,4.599999904632568,4.599999904632568,1750
2003-12-02,4.400000095367432,5.599999904632568,4.400000095367432,5.599999904632568,5.599999904632568,900
2003-12-03,4.800000190734863,4.800000190734863,4.400000095367432,4.400000095367432,4.400000095367432,3430
2003-12-04,4.800000190734863,5.199999809265137,4.800000190734863,5.199999809265137,5.199999809265137,14730
2003-12-05,4.800000190734863,5.199999809265137,4.800000190734863,5.199999809265137,5.199999809265137,4750
2003-12-08,4.400000095367432,4.400000095367432,4.400000095367432,4.400000095367432,4.400000095367432,100
2003-12-09,4.800000190734863,4.800000190734863,4.599999904632568,4.599999904632568,4.599999904632568,5230
2003-12-10,4.400000095367432,4.400000095367432,4.0,4.0,4.0,8700
2003-12-11,4.0,4.800000190734863,4.0,4.800000190734863,4.800000190734863,1150
2003-12-12,4.599999904632568,5.599999904632568,4.599999904632568,5.0,5.0,14940
2003-12-15,5.199999809265137,5.800000190734863,5.199999809265137,5.800000190734863,5.800000190734863,5780
2003-12-16,5.800000190734863,5.800000190734863,5.800000190734863,5.800000190734863,5.800000190734863,1000
2003-12-17,5.599999904632568,5.599999904632568,5.400000095367432,5.400000095367432,5.400000095367432,750
2003-12-18,5.599999904632568,6.0,5.599999904632568,5.599999904632568,5.599999904632568,3850
2003-12-19,6.0,6.800000190734863,6.0,6.199999809265137,6.199999809265137,14700
2003-12-22,7.199999809265137,7.199999809265137,6.199999809265137,6.800000190734863,6.800000190734863,7650
2003-12-23,6.800000190734863,6.800000190734863,6.800000190734863,6.800000190734863,6.800000190734863,3050
2003-12-24,7.0,7.0,7.0,7.0,7.0,180
2003-12-26,1.75,1.75,1.75,1.75,1.75,0
2003-12-29,6.599999904632568,7.0,6.599999904632568,7.0,7.0,5450
2003-12-30,7.199999809265137,7.199999809265137,7.0,7.0,7.0,2500
2003-12-31,7.0,7.599999904632568,7.0,7.599999904632568,7.599999904632568,1640
2004-01-02,7.0,7.0,7.0,7.0,7.0,200
2004-01-05,6.800000190734863,7.199999809265137,6.800000190734863,7.199999809265137,7.199999809265137,3500
2004-01-06,6.800000190734863,7.0,6.800000190734863,7.0,7.0,1780
2004-01-07,7.199999809265137,7.199999809265137,7.0,7.199999809265137,7.199999809265137,1930
2004-01-08,7.0,7.199999809265137,6.800000190734863,7.199999809265137,7.199999809265137,4730
2004-01-09,7.199999809265137,8.399999618530273,7.199999809265137,8.399999618530273,8.399999618530273,12150
2004-01-12,8.0,9.199999809265137,8.0,9.199999809265137,9.199999809265137,10550
2004-01-13,9.600000381469728,9.600000381469728,8.399999618530273,8.399999618530273,8.399999618530273,3250
2004-01-14,8.399999618530273,8.399999618530273,7.599999904632568,7.599999904632568,7.599999904632568,8290
2004-01-15,7.599999904632568,8.0,6.800000190734863,8.0,8.0,12650
2004-01-16,7.199999809265137,7.199999809265137,7.199999809265137,7.199999809265137,7.199999809265137,2500
2004-01-20,7.599999904632568,7.599999904632568,7.199999809265137,7.199999809265137,7.199999809265137,1830
2004-01-21,7.199999809265137,7.199999809265137,6.800000190734863,6.800000190734863,6.800000190734863,8930
2004-01-22,6.800000190734863,6.800000190734863,6.800000190734863,6.800000190734863,6.800000190734863,3630
2004-01-23,1.7000000476837158,1.7000000476837158,1.7000000476837158,1.7000000476837158,1.7000000476837158,0
2004-01-26,6.400000095367432,6.400000095367432,6.400000095367432,6.400000095367432,6.400000095367432,500
2004-01-27,6.400000095367432,6.800000190734863,6.400000095367432,6.400000095367432,6.400000095367432,4800
2004-01-28,6.400000095367432,6.400000095367432,6.400000095367432,6.400000095367432,6.400000095367432,350
2004-01-29,6.199999809265137,6.199999809265137,6.0,6.0,6.0,2400
2004-01-30,6.400000095367432,6.400000095367432,6.0,6.199999809265137,6.199999809265137,1350
2004-02-02,6.199999809265137,6.400000095367432,6.0,6.400000095367432,6.400000095367432,1330
2004-02-03,6.0,6.0,6.0,6.0,6.0,1850
2004-02-04,5.599999904632568,6.0,5.599999904632568,5.599999904632568,5.599999904632568,3230
2004-02-05,5.599999904632568,5.599999904632568,5.0,5.0,5.0,780
2004-02-06,5.199999809265137,6.0,5.199999809265137,6.0,6.0,750
2004-02-09,5.199999809265137,6.0,5.199999809265137,6.0,6.0,1130
2004-02-10,5.599999904632568,5.599999904632568,5.199999809265137,5.199999809265137,5.199999809265137,1230
2004-02-11,5.599999904632568,6.400000095367432,5.599999904632568,6.400000095367432,6.400000095367432,5000
2004-02-12,6.400000095367432,6.400000095367432,6.400000095367432,6.400000095367432,6.400000095367432,1000
2004-02-13,1.600000023841858,1.600000023841858,1.600000023841858,1.600000023841858,1.600000023841858,0
2004-02-17,1.5,1.5,1.5,1.5,1.5,0
2004-02-18,6.599999904632568,7.599999904632568,6.599999904632568,7.599999904632568,7.599999904632568,5100
2004-02-19,7.0,8.0,7.0,8.0,8.0,14650
2004-02-20,8.199999809265137,8.800000190734863,7.599999904632568,8.0,8.0,20980
2004-02-23,8.0,8.0,7.0,7.199999809265137,7.199999809265137,4380
2004-02-24,7.199999809265137,7.199999809265137,7.199999809265137,7.199999809265137,7.199999809265137,630
2004-02-25,6.800000190734863,7.800000190734863,6.400000095367432,7.800000190734863,7.800000190734863,3030
2004-02-26,7.599999904632568,7.599999904632568,6.800000190734863,6.800000190734863,6.800000190734863,1400
2004-02-27,6.800000190734863,6.800000190734863,6.599999904632568,6.599999904632568,6.599999904632568,1000
2004-03-01,6.400000095367432,6.400000095367432,6.400000095367432,6.400000095367432,6.400000095367432,450
2004-03-02,6.400000095367432,6.400000095367432,6.0,6.0,6.0,1500
2004-03-03,1.5,1.5,1.5,1.5,1.5,0
2004-03-04,6.400000095367432,6.400000095367432,5.800000190734863,5.800000190734863,5.800000190734863,2000
2004-03-05,1.4500000476837158,1.4500000476837158,1.4500000476837158,1.4500000476837158,1.4500000476837158,0
2004-03-08,6.0,6.0,6.0,6.0,6.0,1250
2004-03-09,6.0,6.0,5.599999904632568,6.0,6.0,3300
2004-03-10,6.0,6.0,6.0,6.0,6.0,180
2004-03-11,1.5,1.5,1.5,1.5,1.5,0
2004-03-12,1.5,1.5,1.5,1.5,1.5,0
2004-03-15,1.5,1.5,1.5,1.5,1.5,0
2004-03-16,1.5,1.5,1.5,1.5,1.5,0
2004-03-17,1.5,1.5,1.5,1.5,1.5,0
2004-03-18,6.0,6.0,6.0,6.0,6.0,1020
2004-03-19,1.5,1.5,1.5,1.5,1.5,0
2004-03-22,5.599999904632568,5.599999904632568,5.599999904632568,5.599999904632568,5.599999904632568,500
2004-03-23,1.399999976158142,1.399999976158142,1.399999976158142,1.399999976158142,1.399999976158142,0
2004-03-24,5.199999809265137,5.199999809265137,5.199999809265137,5.199999809265137,5.199999809265137,100
2004-03-25,5.199999809265137,5.199999809265137,5.199999809265137,5.199999809265137,5.199999809265137,1150
2004-03-26,1.2999999523162842,1.2999999523162842,1.2999999523162842,1.2999999523162842,1.2999999523162842,0
2004-03-29,5.800000190734863,6.0,5.800000190734863,6.0,6.0,150
2004-03-30,1.5,1.5,1.5,1.5,1.5,0
2004-03-31,1.5,1.5,1.5,1.5,1.5,0
2004-04-01,5.599999904632568,5.599999904632568,5.599999904632568,5.599999904632568,5.599999904632568,500
2004-04-02,1.399999976158142,1.399999976158142,1.399999976158142,1.399999976158142,1.399999976158142,0
2004-04-05,1.399999976158142,1.399999976158142,1.399999976158142,1.399999976158142,1.399999976158142,0
2004-04-06,5.199999809265137,5.199999809265137,5.0,5.0,5.0,1100
2004-04-07,5.599999904632568,5.599999904632568,5.599999904632568,5.599999904632568,5.599999904632568,650
2004-04-08,5.599999904632568,5.599999904632568,5.599999904632568,5.599999904632568,5.599999904632568,230
2004-04-12,5.400000095367432,5.400000095367432,5.400000095367432,5.400000095367432,5.400000095367432,40
2004-04-13,5.400000095367432,5.400000095367432,5.400000095367432,5.400000095367432,5.400000095367432,200
2004-04-14,1.350000023841858,1.350000023841858,1.350000023841858,1.350000023841858,1.350000023841858,0
2004-04-15,1.350000023841858,1.350000023841858,1.350000023841858,1.350000023841858,1.350000023841858,0
2004-04-16,5.199999809265137,5.199999809265137,5.0,5.0,5.0,1530
2004-04-19,5.0,5.0,5.0,5.0,5.0,900
2004-04-20,5.199999809265137,5.199999809265137,5.199999809265137,5.199999809265137,5.199999809265137,750
2004-04-21,4.800000190734863,4.800000190734863,4.800000190734863,4.800000190734863,4.800000190734863,930
2004-04-22,1.2000000476837158,1.2000000476837158,1.2000000476837158,1.2000000476837158,1.2000000476837158,0
2004-04-23,1.2000000476837158,1.2000000476837158,1.2000000476837158,1.2000000476837158,1.2000000476837158,0
2004-04-26,5.599999904632568,5.599999904632568,4.800000190734863,4.800000190734863,4.800000190734863,680
2004-04-27,4.800000190734863,4.800000190734863,4.800000190734863,4.800000190734863,4.800000190734863,500
2004-04-28,4.800000190734863,4.800000190734863,4.800000190734863,4.800000190734863,4.800000190734863,130
2004-04-29,1.2000000476837158,1.2000000476837158,1.2000000476837158,1.2000000476837158,1.2000000476837158,0
2004-04-30,5.199999809265137,5.199999809265137,5.199999809265137,5.199999809265137,5.199999809265137,1250
2004-05-03,1.2999999523162842,1.2999999523162842,1.2999999523162842,1.2999999523162842,1.2999999523162842,0
2004-05-04,1.2999999523162842,1.2999999523162842,1.2999999523162842,1.2999999523162842,1.2999999523162842,0
2004-05-05,4.800000190734863,4.800000190734863,4.800000190734863,4.800000190734863,4.800000190734863,130
2004-05-06,4.800000190734863,4.800000190734863,4.800000190734863,4.800000190734863,4.800000190734863,2500
2004-05-07,4.800000190734863,4.800000190734863,4.400000095367432,4.800000190734863,4.800000190734863,7000
2004-05-10,4.800000190734863,4.800000190734863,4.400000095367432,4.400000095367432,4.400000095367432,700
2004-05-11,4.400000095367432,4.800000190734863,4.400000095367432,4.800000190734863,4.800000190734863,850
2004-05-12,1.2000000476837158,1.2000000476837158,1.2000000476837158,1.2000000476837158,1.2000000476837158,0
2004-05-13,1.2000000476837158,1.2000000476837158,1.2000000476837158,1.2000000476837158,1.2000000476837158,0
2004-05-14,1.2000000476837158,1.2000000476837158,1.2000000476837158,1.2000000476837158,1.2000000476837158,0
2004-05-17,3.400000095367432,3.400000095367432,3.400000095367432,3.400000095367432,3.400000095367432,1600
2004-05-18,3.400000095367432,3.400000095367432,3.200000047683716,3.200000047683716,3.200000047683716,1250
2004-05-19,0.800000011920929,0.800000011920929,0.800000011920929,0.800000011920929,0.800000011920929,0
2004-05-20,3.400000095367432,3.400000095367432,3.400000095367432,3.400000095367432,3.400000095367432,450
2004-05-21,0.8500000238418579,0.8500000238418579,0.8500000238418579,0.8500000238418579,0.8500000238418579,0
2004-05-24,0.8500000238418579,0.8500000238418579,0.8500000238418579,0.8500000238418579,0.8500000238418579,0
2004-05-25,3.5999999046325684,3.5999999046325684,3.5999999046325684,3.5999999046325684,3.5999999046325684,300
2004-05-26,0.8999999761581421,0.8999999761581421,0.8999999761581421,0.8999999761581421,0.8999999761581421,0
2004-05-27,0.8999999761581421,0.8999999761581421,0.8999999761581421,0.8999999761581421,0.8999999761581421,0
2004-05-28,0.8999999761581421,0.8999999761581421,0.8999999761581421,0.8999999761581421,0.8999999761581421,0
2004-06-01,0.8999999761581421,0.8999999761581421,0.8999999761581421,0.8999999761581421,0.8999999761581421,0
2004-06-02,0.8999999761581421,0.8999999761581421,0.8999999761581421,0.8999999761581421,0.8999999761581421,0
2004-06-03,0.8999999761581421,0.8999999761581421,0.8999999761581421,0.8999999761581421,0.8999999761581421,0
2004-06-04,4.800000190734863,4.800000190734863,4.800000190734863,4.800000190734863,4.800000190734863,400
2004-06-07,4.199999809265137,4.199999809265137,4.199999809265137,4.199999809265137,4.199999809265137,500
2004-06-08,1.0499999523162842,1.0499999523162842,1.0499999523162842,1.0499999523162842,1.0499999523162842,0
2004-06-09,1.0499999523162842,1.0499999523162842,1.0499999523162842,1.0499999523162842,1.0499999523162842,0
2004-06-10,1.0499999523162842,1.0499999523162842,1.0499999523162842,1.0499999523162842,1.0499999523162842,0
2004-06-14,4.800000190734863,4.800000190734863,3.5999999046325684,3.5999999046325684,3.5999999046325684,2900
2004-06-15,0.8999999761581421,0.8999999761581421,0.8999999761581421,0.8999999761581421,0.8999999761581421,0
2004-06-16,3.5999999046325684,3.5999999046325684,3.5999999046325684,3.5999999046325684,3.5999999046325684,750
2004-06-17,3.5999999046325684,3.5999999046325684,3.5999999046325684,3.5999999046325684,3.5999999046325684,2000
2004-06-18,0.8999999761581421,0.8999999761581421,0.8999999761581421,0.8999999761581421,0.8999999761581421,0
2004-06-21,3.5999999046325684,3.5999999046325684,3.5999999046325684,3.5999999046325684,3.5999999046325684,50
2004-06-22,0.8999999761581421,0.8999999761581421,0.8999999761581421,0.8999999761581421,0.8999999761581421,0
2004-06-23,3.5999999046325684,4.0,3.5999999046325684,4.0,4.0,20350
2004-06-24,1.0,1.0,1.0,1.0,1.0,0
2004-06-25,1.0,1.0,1.0,1.0,1.0,0
2004-06-28,1.0,1.0,1.0,1.0,1.0,0
2004-06-29,1.0,1.0,1.0,1.0,1.0,0
2004-06-30,4.0,4.0,4.0,4.0,4.0,5000
2004-07-01,1.0,1.0,1.0,1.0,1.0,0
2004-07-02,4.0,4.0,4.0,4.0,4.0,350
2004-07-06,1.0,1.0,1.0,1.0,1.0,0
2004-07-07,1.0,1.0,1.0,1.0,1.0,0
2004-07-08,1.0,1.0,1.0,1.0,1.0,0
2004-07-09,1.0,1.0,1.0,1.0,1.0,0
2004-07-12,4.199999809265137,4.199999809265137,4.199999809265137,4.199999809265137,4.199999809265137,500
2004-07-13,4.599999904632568,4.599999904632568,4.599999904632568,4.599999904632568,4.599999904632568,500
2004-07-14,5.0,5.599999904632568,5.0,5.599999904632568,5.599999904632568,4320
2004-07-15,1.399999976158142,1.399999976158142,1.399999976158142,1.399999976158142,1.399999976158142,0
2004-07-16,5.0,5.0,5.0,5.0,5.0,2200
2004-07-19,4.599999904632568,4.599999904632568,4.599999904632568,4.599999904632568,4.599999904632568,150
2004-07-20,4.599999904632568,4.599999904632568,4.400000095367432,4.400000095367432,4.400000095367432,1830
2004-07-21,3.5999999046325684,3.5999999046325684,3.5999999046325684,3.5999999046325684,3.5999999046325684,250
2004-07-22,3.5999999046325684,4.400000095367432,3.5999999046325684,4.400000095367432,4.400000095367432,300
2004-07-23,3.5999999046325684,3.5999999046325684,3.5999999046325684,3.5999999046325684,3.5999999046325684,4730
2004-07-26,3.5999999046325684,3.5999999046325684,3.5999999046325684,3.5999999046325684,3.5999999046325684,1500
2004-07-27,3.5999999046325684,3.5999999046325684,3.5999999046325684,3.5999999046325684,3.5999999046325684,1000
2004-07-28,0.8999999761581421,0.8999999761581421,0.8999999761581421,0.8999999761581421,0.8999999761581421,0
2004-07-29,4.0,4.0,4.0,4.0,4.0,350
2004-07-30,1.0,1.0,1.0,1.0,1.0,0
2004-08-02,1.0,1.0,1.0,1.0,1.0,0
2004-08-03,3.799999952316284,3.799999952316284,3.799999952316284,3.799999952316284,3.799999952316284,400
2004-08-04,3.400000095367432,3.400000095367432,3.400000095367432,3.400000095367432,3.400000095367432,400
2004-08-05,3.5999999046325684,3.5999999046325684,3.5999999046325684,3.5999999046325684,3.5999999046325684,400
2004-08-06,0.8999999761581421,0.8999999761581421,0.8999999761581421,0.8999999761581421,0.8999999761581421,0
2004-08-09,2.799999952316284,3.400000095367432,2.799999952316284,3.400000095367432,3.400000095367432,560
2004-08-10,3.0,3.0,2.799999952316284,2.799999952316284,2.799999952316284,600
2004-08-11,0.699999988079071,0.699999988079071,0.699999988079071,0.699999988079071,0.699999988079071,0
2004-08-12,0.699999988079071,0.699999988079071,0.699999988079071,0.699999988079071,0.699999988079071,0
2004-08-13,0.699999988079071,0.699999988079071,0.699999988079071,0.699999988079071,0.699999988079071,0
2004-08-16,0.699999988079071,0.699999988079071,0.699999988079071,0.699999988079071,0.699999988079071,0
2004-08-17,0.699999988079071,0.699999988079071,0.699999988079071,0.699999988079071,0.699999988079071,0
2004-08-18,0.699999988079071,0.699999988079071,0.699999988079071,0.699999988079071,0.699999988079071,0
2004-08-19,3.5999999046325684,3.5999999046325684,3.5999999046325684,3.5999999046325684,3.5999999046325684,900
2004-08-20,0.8999999761581421,0.8999999761581421,0.8999999761581421,0.8999999761581421,0.8999999761581421,0
2004-08-23,0.8999999761581421,0.8999999761581421,0.8999999761581421,0.8999999761581421,0.8999999761581421,0
2004-08-24,0.8999999761581421,0.8999999761581421,0.8999999761581421,0.8999999761581421,0.8999999761581421,0
2004-08-25,0.8999999761581421,0.8999999761581421,0.8999999761581421,0.8999999761581421,0.8999999761581421,0
2004-08-26,0.8999999761581421,0.8999999761581421,0.8999999761581421,0.8999999761581421,0.8999999761581421,0
2004-08-27,0.8999999761581421,0.8999999761581421,0.8999999761581421,0.8999999761581421,0.8999999761581421,0
2004-08-30,3.0,3.0,2.5999999046325684,2.5999999046325684,2.5999999046325684,4700
2004-08-31,2.5999999046325684,2.5999999046325684,2.5999999046325684,2.5999999046325684,2.5999999046325684,100
2004-09-01,2.5999999046325684,2.799999952316284,2.5999999046325684,2.799999952316284,2.799999952316284,1500
2004-09-02,2.799999952316284,3.0,2.799999952316284,2.799999952316284,2.799999952316284,3880
2004-09-03,0.699999988079071,0.699999988079071,0.699999988079071,0.699999988079071,0.699999988079071,0
2004-09-07,2.799999952316284,2.799999952316284,2.400000095367432,2.400000095367432,2.400000095367432,8500
2004-09-08,2.5999999046325684,2.5999999046325684,2.5999999046325684,2.5999999046325684,2.5999999046325684,1250
2004-09-09,0.6499999761581421,0.6499999761581421,0.6499999761581421,0.6499999761581421,0.6499999761581421,0
2004-09-10,2.799999952316284,2.799999952316284,2.799999952316284,2.799999952316284,2.799999952316284,2000
2004-09-13,3.400000095367432,3.400000095367432,3.400000095367432,3.400000095367432,3.400000095367432,2800
2004-09-14,0.8500000238418579,0.8500000238418579,0.8500000238418579,0.8500000238418579,0.8500000238418579,0
2004-09-15,0.8500000238418579,0.8500000238418579,0.8500000238418579,0.8500000238418579,0.8500000238418579,0
2004-09-16,3.200000047683716,3.200000047683716,3.200000047683716,3.200000047683716,3.200000047683716,2360
2004-09-17,0.800000011920929,0.800000011920929,0.800000011920929,0.800000011920929,0.800000011920929,0
2004-09-20,2.799999952316284,2.799999952316284,2.799999952316284,2.799999952316284,2.799999952316284,500
2004-09-21,2.400000095367432,2.400000095367432,2.200000047683716,2.200000047683716,2.200000047683716,4500
2004-09-22,0.550000011920929,0.550000011920929,0.550000011920929,0.550000011920929,0.550000011920929,0
2004-09-23,2.200000047683716,2.200000047683716,2.200000047683716,2.200000047683716,2.200000047683716,180
2004-09-24,0.550000011920929,0.550000011920929,0.550000011920929,0.550000011920929,0.550000011920929,0
2004-09-27,2.400000095367432,3.200000047683716,2.400000095367432,3.200000047683716,3.200000047683716,150
2004-09-28,0.800000011920929,0.800000011920929,0.800000011920929,0.800000011920929,0.800000011920929,0
2004-09-29,2.799999952316284,2.799999952316284,2.400000095367432,2.400000095367432,2.400000095367432,250
2004-09-30,0.6000000238418579,0.6000000238418579,0.6000000238418579,0.6000000238418579,0.6000000238418579,0
2004-10-01,2.400000095367432,2.400000095367432,2.400000095367432,2.400000095367432,2.400000095367432,500
2004-10-04,0.6000000238418579,0.6000000238418579,0.6000000238418579,0.6000000238418579,0.6000000238418579,0
2004-10-05,0.6000000238418579,0.6000000238418579,0.6000000238418579,0.6000000238418579,0.6000000238418579,0
2004-10-06,0.6000000238418579,0.6000000238418579,0.6000000238418579,0.6000000238418579,0.6000000238418579,0
2004-10-07,0.6000000238418579,0.6000000238418579,0.6000000238418579,0.6000000238418579,0.6000000238418579,0
2004-10-08,2.799999952316284,2.799999952316284,2.799999952316284,2.799999952316284,2.799999952316284,5000
2004-10-11,0.699999988079071,0.699999988079071,0.699999988079071,0.699999988079071,0.699999988079071,0
2004-10-12,0.699999988079071,0.699999988079071,0.699999988079071,0.699999988079071,0.699999988079071,0
2004-10-13,0.699999988079071,0.699999988079071,0.699999988079071,0.699999988079071,0.699999988079071,0
2004-10-14,0.699999988079071,0.699999988079071,0.699999988079071,0.699999988079071,0.699999988079071,0
2004-10-15,0.699999988079071,0.699999988079071,0.699999988079071,0.699999988079071,0.699999988079071,0
2004-10-18,2.799999952316284,2.799999952316284,2.799999952316284,2.799999952316284,2.799999952316284,1500
2004-10-19,2.5999999046325684,2.5999999046325684,2.400000095367432,2.5999999046325684,2.5999999046325684,6380
2004-10-20,3.0,3.0,2.5999999046325684,2.5999999046325684,2.5999999046325684,3650
2004-10-21,2.799999952316284,2.799999952316284,2.799999952316284,2.799999952316284,2.799999952316284,1250
2004-10-22,0.699999988079071,0.699999988079071,0.699999988079071,0.699999988079071,0.699999988079071,0
2004-10-25,0.699999988079071,0.699999988079071,0.699999988079071,0.699999988079071,0.699999988079071,0
2004-10-26,3.200000047683716,3.200000047683716,3.200000047683716,3.200000047683716,3.200000047683716,500
2004-10-27,0.800000011920929,0.800000011920929,0.800000011920929,0.800000011920929,0.800000011920929,0
2004-10-28,2.799999952316284,3.0,2.799999952316284,3.0,3.0,5000
2004-10-29,0.75,0.75,0.75,0.75,0.75,0
2004-11-01,3.0,3.0,3.0,3.0,3.0,500
2004-11-02,3.200000047683716,3.200000047683716,3.0,3.0,3.0,1250
2004-11-03,0.75,0.75,0.75,0.75,0.75,0
2004-11-04,3.0,3.200000047683716,3.0,3.200000047683716,3.200000047683716,3030
2004-11-05,0.800000011920929,0.800000011920929,0.800000011920929,0.800000011920929,0.800000011920929,0
2004-11-08,0.800000011920929,0.800000011920929,0.800000011920929,0.800000011920929,0.800000011920929,0
2004-11-09,3.0,3.0,3.0,3.0,3.0,130
2004-11-10,0.75,0.75,0.75,0.75,0.75,0
2004-11-11,0.75,0.75,0.75,0.75,0.75,0
2004-11-12,0.75,0.75,0.75,0.75,0.75,0
2004-11-15,3.0,3.0,3.0,3.0,3.0,150
2004-11-16,0.75,0.75,0.75,0.75,0.75,0
2004-11-17,0.75,0.75,0.75,0.75,0.75,0
2004-11-18,0.75,0.75,0.75,0.75,0.75,0
2004-11-19,3.5999999046325684,4.0,3.5999999046325684,3.5999999046325684,3.5999999046325684,3530
2004-11-22,3.5999999046325684,3.5999999046325684,3.5999999046325684,3.5999999046325684,3.5999999046325684,350
2004-11-23,3.400000095367432,3.799999952316284,3.400000095367432,3.400000095367432,3.400000095367432,2850
2004-11-24,3.400000095367432,3.400000095367432,3.400000095367432,3.400000095367432,3.400000095367432,200
2004-11-26,0.8500000238418579,0.8500000238418579,0.8500000238418579,0.8500000238418579,0.8500000238418579,0
2004-11-29,0.8500000238418579,0.8500000238418579,0.8500000238418579,0.8500000238418579,0.8500000238418579,0
2004-11-30,3.400000095367432,3.400000095367432,3.200000047683716,3.400000095367432,3.400000095367432,5300
2004-12-01,3.200000047683716,3.200000047683716,3.200000047683716,3.200000047683716,3.200000047683716,450
2004-12-02,3.0,3.0,2.400000095367432,2.400000095367432,2.400000095367432,5000
2004-12-03,2.799999952316284,3.200000047683716,2.799999952316284,3.200000047683716,3.200000047683716,1800
2004-12-06,0.800000011920929,0.800000011920929,0.800000011920929,0.800000011920929,0.800000011920929,0
2004-12-07,2.5999999046325684,2.5999999046325684,2.5999999046325684,2.5999999046325684,2.5999999046325684,100
2004-12-08,2.5999999046325684,2.5999999046325684,2.5999999046325684,2.5999999046325684,2.5999999046325684,150
2004-12-09,2.5999999046325684,2.5999999046325684,2.5999999046325684,2.5999999046325684,2.5999999046325684,1000
2004-12-10,2.5999999046325684,2.5999999046325684,2.400000095367432,2.400000095367432,2.400000095367432,5290
2004-12-13,2.799999952316284,2.799999952316284,2.400000095367432,2.400000095367432,2.400000095367432,700
2004-12-14,2.799999952316284,2.799999952316284,2.799999952316284,2.799999952316284,2.799999952316284,900
2004-12-15,0.699999988079071,0.699999988079071,0.699999988079071,0.699999988079071,0.699999988079071,0
2004-12-16,2.5999999046325684,2.5999999046325684,2.5999999046325684,2.5999999046325684,2.5999999046325684,1000
2004-12-17,0.6499999761581421,0.6499999761581421,0.6499999761581421,0.6499999761581421,0.6499999761581421,0
2004-12-20,3.0,3.0,3.0,3.0,3.0,50
2004-12-21,0.75,0.75,0.75,0.75,0.75,0
2004-12-22,2.5999999046325684,3.0,2.5999999046325684,3.0,3.0,650
2004-12-23,2.5999999046325684,3.0,2.5999999046325684,3.0,3.0,550
2004-12-27,0.75,0.75,0.75,0.75,0.75,0
2004-12-28,0.75,0.75,0.75,0.75,0.75,0
2004-12-29,0.75,0.75,0.75,0.75,0.75,0
2004-12-30,0.75,0.75,0.75,0.75,0.75,0
2004-12-31,3.0,3.0,3.0,3.0,3.0,500
2005-01-03,0.75,0.75,0.75,0.75,0.75,0
2005-01-04,3.200000047683716,3.200000047683716,3.200000047683716,3.200000047683716,3.200000047683716,450
2005-01-05,0.800000011920929,0.800000011920929,0.800000011920929,0.800000011920929,0.800000011920929,0
2005-01-06,0.800000011920929,0.800000011920929,0.800000011920929,0.800000011920929,0.800000011920929,0
2005-01-07,3.200000047683716,3.400000095367432,3.200000047683716,3.200000047683716,3.200000047683716,11500
2005-01-10,0.800000011920929,0.800000011920929,0.800000011920929,0.800000011920929,0.800000011920929,0
2005-01-11,0.800000011920929,0.800000011920929,0.800000011920929,0.800000011920929,0.800000011920929,0
2005-01-12,3.200000047683716,3.5999999046325684,3.200000047683716,3.5999999046325684,3.5999999046325684,230
2005-01-13,3.5999999046325684,3.5999999046325684,3.200000047683716,3.200000047683716,3.200000047683716,700
2005-01-14,3.400000095367432,3.799999952316284,3.400000095367432,3.799999952316284,3.799999952316284,750
2005-01-18,0.949999988079071,0.949999988079071,0.949999988079071,0.949999988079071,0.949999988079071,0
2005-01-19,0.949999988079071,0.949999988079071,0.949999988079071,0.949999988079071,0.949999988079071,0
2005-01-20,0.949999988079071,0.949999988079071,0.949999988079071,0.949999988079071,0.949999988079071,0
2005-01-21,0.949999988079071,0.949999988079071,0.949999988079071,0.949999988079071,0.949999988079071,0
2005-01-24,3.400000095367432,3.400000095367432,3.400000095367432,3.400000095367432,3.400000095367432,50
2005-01-25,0.8500000238418579,0.8500000238418579,0.8500000238418579,0.8500000238418579,0.8500000238418579,0
2005-01-26,3.799999952316284,4.0,3.5999999046325684,4.0,4.0,3700
2005-01-27,3.5999999046325684,3.5999999046325684,3.5999999046325684,3.5999999046325684,3.5999999046325684,2500
2005-01-28,0.8999999761581421,0.8999999761581421,0.8999999761581421,0.8999999761581421,0.8999999761581421,0
2005-01-31,3.5999999046325684,3.5999999046325684,3.5999999046325684,3.5999999046325684,3.5999999046325684,850
2005-02-01,0.8999999761581421,0.8999999761581421,0.8999999761581421,0.8999999761581421,0.8999999761581421,0
2005-02-02,3.400000095367432,3.400000095367432,3.400000095367432,3.400000095367432,3.400000095367432,500
2005-02-03,0.8500000238418579,0.8500000238418579,0.8500000238418579,0.8500000238418579,0.8500000238418579,0
2005-02-04,0.8500000238418579,0.8500000238418579,0.8500000238418579,0.8500000238418579,0.8500000238418579,0
2005-02-07,0.8500000238418579,0.8500000238418579,0.8500000238418579,0.8500000238418579,0.8500000238418579,0
2005-02-08,0.8500000238418579,0.8500000238418579,0.8500000238418579,0.8500000238418579,0.8500000238418579,0
2005-02-09,3.5999999046325684,3.5999999046325684,3.5999999046325684,3.5999999046325684,3.5999999046325684,250
2005-02-10,0.8999999761581421,0.8999999761581421,0.8999999761581421,0.8999999761581421,0.8999999761581421,0
2005-02-11,0.8999999761581421,0.8999999761581421,0.8999999761581421,0.8999999761581421,0.8999999761581421,0
2005-02-14,3.200000047683716,3.200000047683716,3.200000047683716,3.200000047683716,3.200000047683716,2250
2005-02-15,3.200000047683716,3.200000047683716,3.200000047683716,3.200000047683716,3.200000047683716,50
2005-02-16,3.200000047683716,3.200000047683716,3.200000047683716,3.200000047683716,3.200000047683716,1500
2005-02-17,3.400000095367432,3.400000095367432,3.200000047683716,3.400000095367432,3.400000095367432,2200
2005-02-18,3.400000095367432,3.400000095367432,3.400000095367432,3.400000095367432,3.400000095367432,2250
2005-02-22,5.599999904632568,5.800000190734863,5.599999904632568,5.800000190734863,5.800000190734863,1500
2005-02-23,1.4500000476837158,1.4500000476837158,1.4500000476837158,1.4500000476837158,1.4500000476837158,0
2005-02-24,1.4500000476837158,1.4500000476837158,1.4500000476837158,1.4500000476837158,1.4500000476837158,0
2005-02-25,4.0,4.0,4.0,4.0,4.0,130
2005-02-28,4.400000095367432,4.400000095367432,4.400000095367432,4.400000095367432,4.400000095367432,1000
2005-03-01,4.400000095367432,4.400000095367432,4.400000095367432,4.400000095367432,4.400000095367432,1000
2005-03-02,4.400000095367432,4.400000095367432,4.400000095367432,4.400000095367432,4.400000095367432,300
2005-03-03,4.599999904632568,4.800000190734863,4.400000095367432,4.400000095367432,4.400000095367432,1250
2005-03-04,4.199999809265137,4.199999809265137,4.199999809265137,4.199999809265137,4.199999809265137,80
2005-03-07,1.0499999523162842,1.0499999523162842,1.0499999523162842,1.0499999523162842,1.0499999523162842,0
2005-03-08,4.400000095367432,4.400000095367432,4.400000095367432,4.400000095367432,4.400000095367432,1000
2005-03-09,1.100000023841858,1.100000023841858,1.100000023841858,1.100000023841858,1.100000023841858,0
2005-03-10,4.599999904632568,4.599999904632568,4.0,4.0,4.0,2550
2005-03-11,4.0,4.599999904632568,4.0,4.599999904632568,4.599999904632568,1280
2005-03-14,1.149999976158142,1.149999976158142,1.149999976158142,1.149999976158142,1.149999976158142,0
2005-03-15,1.149999976158142,1.149999976158142,1.149999976158142,1.149999976158142,1.149999976158142,0
2005-03-16,3.799999952316284,3.799999952316284,3.799999952316284,3.799999952316284,3.799999952316284,3770
2005-03-17,4.599999904632568,5.199999809265137,4.599999904632568,4.800000190734863,4.800000190734863,3150
2005-03-18,3.5999999046325684,5.0,3.5999999046325684,5.0,5.0,500
2005-03-21,1.25,1.25,1.25,1.25,1.25,0
2005-03-22,3.5999999046325684,3.5999999046325684,3.5999999046325684,3.5999999046325684,3.5999999046325684,100
2005-03-23,4.0,4.0,4.0,4.0,4.0,80
2005-03-24,1.0,1.0,1.0,1.0,1.0,0
2005-03-28,4.0,4.0,4.0,4.0,4.0,380
2005-03-29,3.799999952316284,3.799999952316284,3.799999952316284,3.799999952316284,3.799999952316284,1000
2005-03-30,3.5999999046325684,3.5999999046325684,3.5999999046325684,3.5999999046325684,3.5999999046325684,90
2005-03-31,3.799999952316284,3.799999952316284,3.5999999046325684,3.5999999046325684,3.5999999046325684,2000
2005-04-01,0.8999999761581421,0.8999999761581421,0.8999999761581421,0.8999999761581421,0.8999999761581421,0
2005-04-04,3.799999952316284,3.799999952316284,3.799999952316284,3.799999952316284,3.799999952316284,900
2005-04-05,0.949999988079071,0.949999988079071,0.949999988079071,0.949999988079071,0.949999988079071,0
2005-04-06,3.799999952316284,3.799999952316284,3.799999952316284,3.799999952316284,3.799999952316284,50
2005-04-07,3.799999952316284,3.799999952316284,3.799999952316284,3.799999952316284,3.799999952316284,1050
2005-04-08,3.5999999046325684,3.5999999046325684,3.5999999046325684,3.5999999046325684,3.5999999046325684,750
2005-04-11,3.400000095367432,3.400000095367432,3.400000095367432,3.400000095367432,3.400000095367432,1300
2005-04-12,3.5999999046325684,4.0,3.5999999046325684,3.5999999046325684,3.5999999046325684,6750
2005-04-13,3.5999999046325684,3.5999999046325684,3.400000095367432,3.400000095367432,3.400000095367432,2000
2005-04-14,3.5999999046325684,3.5999999046325684,3.5999999046325684,3.5999999046325684,3.5999999046325684,2400
2005-04-15,4.0,4.0,3.400000095367432,3.400000095367432,3.400000095367432,650
2005-04-18,0.8500000238418579,0.8500000238418579,0.8500000238418579,0.8500000238418579,0.8500000238418579,0
2005-04-19,2.799999952316284,3.200000047683716,2.799999952316284,3.200000047683716,3.200000047683716,12500
2005-04-20,0.800000011920929,0.800000011920929,0.800000011920929,0.800000011920929,0.800000011920929,0
2005-04-21,3.400000095367432,3.400000095367432,3.400000095367432,3.400000095367432,3.400000095367432,2500
2005-04-22,3.400000095367432,3.400000095367432,3.400000095367432,3.400000095367432,3.400000095367432,2500
2005-04-25,0.8500000238418579,0.8500000238418579,0.8500000238418579,0.8500000238418579,0.8500000238418579,0
2005-04-26,0.8500000238418579,0.8500000238418579,0.8500000238418579,0.8500000238418579,0.8500000238418579,0
2005-04-27,2.799999952316284,2.799999952316284,2.799999952316284,2.799999952316284,2.799999952316284,750
2005-04-28,0.699999988079071,0.699999988079071,0.699999988079071,0.699999988079071,0.699999988079071,0
2005-04-29,2.5999999046325684,2.5999999046325684,2.5999999046325684,2.5999999046325684,2.5999999046325684,50
2005-05-02,2.5999999046325684,2.5999999046325684,2.5999999046325684,2.5999999046325684,2.5999999046325684,1500
2005-05-03,0.6499999761581421,0.6499999761581421,0.6499999761581421,0.6499999761581421,0.6499999761581421,0
2005-05-04,0.6499999761581421,0.6499999761581421,0.6499999761581421,0.6499999761581421,0.6499999761581421,0
2005-05-05,0.6499999761581421,0.6499999761581421,0.6499999761581421,0.6499999761581421,0.6499999761581421,0
2005-05-06,0.6499999761581421,0.6499999761581421,0.6499999761581421,0.6499999761581421,0.6499999761581421,0
2005-05-09,2.799999952316284,2.799999952316284,2.799999952316284,2.799999952316284,2.799999952316284,130
2005-05-10,0.699999988079071,0.699999988079071,0.699999988079071,0.699999988079071,0.699999988079071,0
2005-05-11,2.799999952316284,2.799999952316284,2.799999952316284,2.799999952316284,2.799999952316284,50
2005-05-12,0.699999988079071,0.699999988079071,0.699999988079071,0.699999988079071,0.699999988079071,0
2005-05-13,2.799999952316284,2.799999952316284,2.799999952316284,2.799999952316284,2.799999952316284,650
2005-05-16,2.799999952316284,2.799999952316284,2.799999952316284,2.799999952316284,2.799999952316284,500
2005-05-17,0.699999988079071,0.699999988079071,0.699999988079071,0.699999988079071,0.699999988079071,0
2005-05-18,0.699999988079071,0.699999988079071,0.699999988079071,0.699999988079071,0.699999988079071,0
2005-05-19,0.699999988079071,0.699999988079071,0.699999988079071,0.699999988079071,0.699999988079071,0
2005-05-20,0.699999988079071,0.699999988079071,0.699999988079071,0.699999988079071,0.699999988079071,0
2005-05-23,0.699999988079071,0.699999988079071,0.699999988079071,0.699999988079071,0.699999988079071,0
2005-05-24,2.5999999046325684,2.5999999046325684,2.5999999046325684,2.5999999046325684,2.5999999046325684,1520
2005-05-25,0.6499999761581421,0.6499999761581421,0.6499999761581421,0.6499999761581421,0.6499999761581421,0
2005-05-26,0.6499999761581421,0.6499999761581421,0.6499999761581421,0.6499999761581421,0.6499999761581421,0
2005-05-27,0.6499999761581421,0.6499999761581421,0.6499999761581421,0.6499999761581421,0.6499999761581421,0
2005-05-31,0.75,0.75,0.75,0.75,0.75,0
2005-06-01,0.75,0.75,0.75,0.75,0.75,0
2005-06-02,0.75,0.75,0.75,0.75,0.75,0
2005-06-03,0.75,0.75,0.75,0.75,0.75,0
2005-06-06,0.75,0.75,0.75,0.75,0.75,0
2005-06-07,0.75,0.75,0.75,0.75,0.75,0
2005-06-08,0.75,0.75,0.75,0.75,0.75,0
2005-06-09,0.75,0.75,0.75,0.75,0.75,0
2005-06-10,0.75,0.75,0.75,0.75,0.75,0
2005-06-13,0.75,0.75,0.75,0.75,0.75,0
2005-06-14,2.400000095367432,2.400000095367432,2.400000095367432,2.400000095367432,2.400000095367432,550
2005-06-15,2.400000095367432,2.400000095367432,2.200000047683716,2.200000047683716,2.200000047683716,1030
2005-06-16,2.5999999046325684,2.799999952316284,2.5999999046325684,2.799999952316284,2.799999952316284,2500
2005-06-17,0.699999988079071,0.699999988079071,0.699999988079071,0.699999988079071,0.699999988079071,0
2005-06-20,0.699999988079071,0.699999988079071,0.699999988079071,0.699999988079071,0.699999988079071,0
2005-06-21,2.200000047683716,2.200000047683716,2.200000047683716,2.200000047683716,2.200000047683716,530
2005-06-22,0.550000011920929,0.550000011920929,0.550000011920929,0.550000011920929,0.550000011920929,0
2005-06-23,0.550000011920929,0.550000011920929,0.550000011920929,0.550000011920929,0.550000011920929,0
2005-06-24,0.550000011920929,0.550000011920929,0.550000011920929,0.550000011920929,0.550000011920929,0
2005-06-27,0.550000011920929,0.550000011920929,0.550000011920929,0.550000011920929,0.550000011920929,0
2005-06-28,2.200000047683716,2.200000047683716,2.200000047683716,2.200000047683716,2.200000047683716,250
2005-06-29,2.200000047683716,2.200000047683716,2.200000047683716,2.200000047683716,2.200000047683716,250
2005-06-30,0.550000011920929,0.550000011920929,0.550000011920929,0.550000011920929,0.550000011920929,0
2005-07-01,0.550000011920929,0.550000011920929,0.550000011920929,0.550000011920929,0.550000011920929,0
2005-07-05,0.550000011920929,0.550000011920929,0.550000011920929,0.550000011920929,0.550000011920929,0
2005-07-06,2.200000047683716,2.200000047683716,2.200000047683716,2.200000047683716,2.200000047683716,500
2005-07-07,2.400000095367432,2.400000095367432,2.200000047683716,2.200000047683716,2.200000047683716,1250
2005-07-08,0.550000011920929,0.550000011920929,0.550000011920929,0.550000011920929,0.550000011920929,0
2005-07-11,2.400000095367432,2.400000095367432,2.400000095367432,2.400000095367432,2.400000095367432,500
2005-07-12,0.6000000238418579,0.6000000238418579,0.6000000238418579,0.6000000238418579,0.6000000238418579,0
2005-07-13,0.6000000238418579,0.6000000238418579,0.6000000238418579,0.6000000238418579,0.6000000238418579,0
2005-07-14,2.400000095367432,2.400000095367432,2.400000095367432,2.400000095367432,2.400000095367432,2000
2005-07-15,2.200000047683716,2.200000047683716,2.200000047683716,2.200000047683716,2.200000047683716,50
2005-07-18,2.400000095367432,2.400000095367432,2.400000095367432,2.400000095367432,2.400000095367432,730
2005-07-19,0.6000000238418579,0.6000000238418579,0.6000000238418579,0.6000000238418579,0.6000000238418579,0
2005-07-20,0.6000000238418579,0.6000000238418579,0.6000000238418579,0.6000000238418579,0.6000000238418579,0
2005-07-21,0.6000000238418579,0.6000000238418579,0.6000000238418579,0.6000000238418579,0.6000000238418579,0
2005-07-22,4.0,4.0,2.400000095367432,2.400000095367432,2.400000095367432,400
2005-07-25,2.400000095367432,2.400000095367432,2.400000095367432,2.400000095367432,2.400000095367432,500
2005-07-26,0.6000000238418579,0.6000000238418579,0.6000000238418579,0.6000000238418579,0.6000000238418579,0
2005-07-27,0.6000000238418579,0.6000000238418579,0.6000000238418579,0.6000000238418579,0.6000000238418579,0
2005-07-28,0.6000000238418579,0.6000000238418579,0.6000000238418579,0.6000000238418579,0.6000000238418579,0
2005-07-29,2.400000095367432,2.400000095367432,2.400000095367432,2.400000095367432,2.400000095367432,180
2005-08-01,0.6000000238418579,0.6000000238418579,0.6000000238418579,0.6000000238418579,0.6000000238418579,0
2005-08-02,0.6000000238418579,0.6000000238418579,0.6000000238418579,0.6000000238418579,0.6000000238418579,0
2005-08-03,2.799999952316284,2.799999952316284,2.200000047683716,2.200000047683716,2.200000047683716,4000
2005-08-04,2.200000047683716,2.200000047683716,2.200000047683716,2.200000047683716,2.200000047683716,350
2005-08-05,2.200000047683716,2.200000047683716,2.200000047683716,2.200000047683716,2.200000047683716,250
2005-08-08,2.200000047683716,2.200000047683716,2.200000047683716,2.200000047683716,2.200000047683716,580
2005-08-09,2.200000047683716,2.200000047683716,2.200000047683716,2.200000047683716,2.200000047683716,100
2005-08-10,0.550000011920929,0.550000011920929,0.550000011920929,0.550000011920929,0.550000011920929,0
2005-08-11,0.550000011920929,0.550000011920929,0.550000011920929,0.550000011920929,0.550000011920929,0
2005-08-12,0.550000011920929,0.550000011920929,0.550000011920929,0.550000011920929,0.550000011920929,0
2005-08-15,0.550000011920929,0.550000011920929,0.550000011920929,0.550000011920929,0.550000011920929,0
2005-08-16,3.0,3.0,3.0,3.0,3.0,1000
2005-08-17,0.75,0.75,0.75,0.75,0.75,0
2005-08-18,0.75,0.75,0.75,0.75,0.75,0
2005-08-19,2.200000047683716,2.200000047683716,2.200000047683716,2.200000047683716,2.200000047683716,200
2005-08-22,3.0,3.0,3.0,3.0,3.0,5000
2005-08-23,0.75,0.75,0.75,0.75,0.75,0
2005-08-24,0.75,0.75,0.75,0.75,0.75,0
2005-08-25,0.75,0.75,0.75,0.75,0.75,0
2005-08-26,2.400000095367432,2.400000095367432,2.400000095367432,2.400000095367432,2.400000095367432,120
2005-08-29,0.6000000238418579,0.6000000238418579,0.6000000238418579,0.6000000238418579,0.6000000238418579,0
2005-08-30,0.6000000238418579,0.6000000238418579,0.6000000238418579,0.6000000238418579,0.6000000238418579,0
2005-08-31,0.6000000238418579,0.6000000238418579,0.6000000238418579,0.6000000238418579,0.6000000238418579,0
2005-09-01,0.6000000238418579,0.6000000238418579,0.6000000238418579,0.6000000238418579,0.6000000238418579,0
2005-09-02,0.6000000238418579,0.6000000238418579,0.6000000238418579,0.6000000238418579,0.6000000238418579,0
2005-09-06,3.400000095367432,3.400000095367432,2.200000047683716,2.799999952316284,2.799999952316284,4050
2005-09-07,0.699999988079071,0.699999988079071,0.699999988079071,0.699999988079071,0.699999988079071,0
2005-09-08,2.5999999046325684,2.5999999046325684,2.5999999046325684,2.5999999046325684,2.5999999046325684,500
2005-09-09,0.6499999761581421,0.6499999761581421,0.6499999761581421,0.6499999761581421,0.6499999761581421,0
2005-09-12,0.6499999761581421,0.6499999761581421,0.6499999761581421,0.6499999761581421,0.6499999761581421,0
2005-09-13,0.6499999761581421,0.6499999761581421,0.6499999761581421,0.6499999761581421,0.6499999761581421,0
2005-09-14,2.5999999046325684,2.5999999046325684,2.400000095367432,2.400000095367432,2.400000095367432,6250
2005-09-15,2.400000095367432,2.400000095367432,2.400000095367432,2.400000095367432,2.400000095367432,2250
2005-09-16,2.400000095367432,2.400000095367432,2.400000095367432,2.400000095367432,2.400000095367432,50
2005-09-19,0.6000000238418579,0.6000000238418579,0.6000000238418579,0.6000000238418579,0.6000000238418579,0
2005-09-20,2.400000095367432,2.400000095367432,2.400000095367432,2.400000095367432,2.400000095367432,970
2005-09-21,2.400000095367432,2.5999999046325684,2.200000047683716,2.5999999046325684,2.5999999046325684,2750
2005-09-22,2.5999999046325684,2.5999999046325684,2.400000095367432,2.5999999046325684,2.5999999046325684,5500
2005-09-23,0.6499999761581421,0.6499999761581421,0.6499999761581421,0.6499999761581421,0.6499999761581421,0
2005-09-26,0.6499999761581421,0.6499999761581421,0.6499999761581421,0.6499999761581421,0.6499999761581421,0
2005-09-27,2.5999999046325684,2.5999999046325684,2.5999999046325684,2.5999999046325684,2.5999999046325684,100
2005-09-28,0.6499999761581421,0.6499999761581421,0.6499999761581421,0.6499999761581421,0.6499999761581421,0
2005-09-29,0.6499999761581421,0.6499999761581421,0.6499999761581421,0.6499999761581421,0.6499999761581421,0
2005-09-30,0.6499999761581421,0.6499999761581421,0.6499999761581421,0.6499999761581421,0.6499999761581421,0
2005-10-03,0.6499999761581421,0.6499999761581421,0.6499999761581421,0.6499999761581421,0.6499999761581421,0
2005-10-04,0.6499999761581421,0.6499999761581421,0.6499999761581421,0.6499999761581421,0.6499999761581421,0
2005-10-05,0.6499999761581421,0.6499999761581421,0.6499999761581421,0.6499999761581421,0.6499999761581421,0
2005-10-06,0.6499999761581421,0.6499999761581421,0.6499999761581421,0.6499999761581421,0.6499999761581421,0
2005-10-07,0.6499999761581421,0.6499999761581421,0.6499999761581421,0.6499999761581421,0.6499999761581421,0
2005-10-10,0.6499999761581421,0.6499999761581421,0.6499999761581421,0.6499999761581421,0.6499999761581421,0
2005-10-11,0.6499999761581421,0.6499999761581421,0.6499999761581421,0.6499999761581421,0.6499999761581421,0
2005-10-12,0.6499999761581421,0.6499999761581421,0.6499999761581421,0.6499999761581421,0.6499999761581421,0
2005-10-13,0.6499999761581421,0.6499999761581421,0.6499999761581421,0.6499999761581421,0.6499999761581421,0
2005-10-14,2.5999999046325684,2.5999999046325684,2.5999999046325684,2.5999999046325684,2.5999999046325684,1000
2005-10-17,0.6499999761581421,0.6499999761581421,0.6499999761581421,0.6499999761581421,0.6499999761581421,0
2005-10-18,2.5999999046325684,2.5999999046325684,2.5999999046325684,2.5999999046325684,2.5999999046325684,340
2005-10-19,2.5999999046325684,2.5999999046325684,2.5999999046325684,2.5999999046325684,2.5999999046325684,1200
2005-10-20,2.400000095367432,2.400000095367432,2.400000095367432,2.400000095367432,2.400000095367432,1250
2005-10-21,2.5999999046325684,2.5999999046325684,2.5999999046325684,2.5999999046325684,2.5999999046325684,1250
2005-10-24,2.400000095367432,2.400000095367432,2.400000095367432,2.400000095367432,2.400000095367432,1200
2005-10-25,2.400000095367432,2.400000095367432,2.400000095367432,2.400000095367432,2.400000095367432,500
2005-10-26,0.6000000238418579,0.6000000238418579,0.6000000238418579,0.6000000238418579,0.6000000238418579,0
2005-10-27,0.6000000238418579,0.6000000238418579,0.6000000238418579,0.6000000238418579,0.6000000238418579,0
2005-10-28,2.400000095367432,2.400000095367432,2.200000047683716,2.200000047683716,2.200000047683716,280
2005-10-31,0.550000011920929,0.550000011920929,0.550000011920929,0.550000011920929,0.550000011920929,0
2005-11-01,0.550000011920929,0.550000011920929,0.550000011920929,0.550000011920929,0.550000011920929,0
2005-11-02,2.200000047683716,2.200000047683716,2.200000047683716,2.200000047683716,2.200000047683716,1250
2005-11-03,0.550000011920929,0.550000011920929,0.550000011920929,0.550000011920929,0.550000011920929,0
2005-11-04,0.550000011920929,0.550000011920929,0.550000011920929,0.550000011920929,0.550000011920929,0
2005-11-07,0.550000011920929,0.550000011920929,0.550000011920929,0.550000011920929,0.550000011920929,0
2005-11-08,2.200000047683716,2.200000047683716,2.200000047683716,2.200000047683716,2.200000047683716,500
2005-11-09,2.0,2.0,2.0,2.0,2.0,850
2005-11-10,2.200000047683716,2.200000047683716,2.200000047683716,2.200000047683716,2.200000047683716,750
2005-11-11,0.550000011920929,0.550000011920929,0.550000011920929,0.550000011920929,0.550000011920929,0
2005-11-14,2.200000047683716,2.200000047683716,2.0,2.0,2.0,11650
2005-11-15,2.0,2.0,2.0,2.0,2.0,7000
2005-11-16,2.0,2.799999952316284,1.7999999523162842,2.799999952316284,2.799999952316284,9050
2005-11-17,3.0,3.0,2.0,2.0,2.0,3430
2005-11-18,1.7999999523162842,1.7999999523162842,1.7999999523162842,1.7999999523162842,1.7999999523162842,50
2005-11-21,2.0,2.0,1.7999999523162842,1.7999999523162842,1.7999999523162842,11400
2005-11-22,2.0,2.0,1.7999999523162842,2.0,2.0,9500
2005-11-23,2.0,2.799999952316284,2.0,2.400000095367432,2.400000095367432,21500
2005-11-25,2.400000095367432,2.400000095367432,2.200000047683716,2.200000047683716,2.200000047683716,3600
2005-11-28,2.0,2.0,2.0,2.0,2.0,6250
2005-11-29,2.200000047683716,2.200000047683716,2.0,2.0,2.0,2450
2005-11-30,2.0,2.0,2.0,2.0,2.0,450
2005-12-01,2.0,2.0,1.7999999523162842,2.0,2.0,13500
2005-12-02,2.0,2.400000095367432,2.0,2.0,2.0,24000
2005-12-05,0.5,0.5,0.5,0.5,0.5,0
2005-12-06,2.0,2.200000047683716,2.0,2.200000047683716,2.200000047683716,9750
2005-12-07,2.400000095367432,2.400000095367432,2.400000095367432,2.400000095367432,2.400000095367432,5500
2005-12-08,2.400000095367432,2.400000095367432,2.200000047683716,2.200000047683716,2.200000047683716,4500
2005-12-09,2.400000095367432,3.0,2.400000095367432,3.0,3.0,3180
2005-12-12,2.799999952316284,2.799999952316284,2.799999952316284,2.799999952316284,2.799999952316284,1000
2005-12-13,0.699999988079071,0.699999988079071,0.699999988079071,0.699999988079071,0.699999988079071,0
2005-12-14,0.699999988079071,0.699999988079071,0.699999988079071,0.699999988079071,0.699999988079071,0
2005-12-15,2.5999999046325684,2.5999999046325684,2.5999999046325684,2.5999999046325684,2.5999999046325684,200
2005-12-16,2.5999999046325684,2.5999999046325684,2.5999999046325684,2.5999999046325684,2.5999999046325684,500
2005-12-19,2.200000047683716,2.200000047683716,2.200000047683716,2.200000047683716,2.200000047683716,2000
2005-12-20,2.200000047683716,2.200000047683716,2.200000047683716,2.200000047683716,2.200000047683716,500
2005-12-21,2.799999952316284,2.799999952316284,2.400000095367432,2.400000095367432,2.400000095367432,1350
2005-12-22,0.6000000238418579,0.6000000238418579,0.6000000238418579,0.6000000238418579,0.6000000238418579,0
2005-12-23,2.200000047683716,2.200000047683716,2.200000047683716,2.200000047683716,2.200000047683716,100
2005-12-27,0.550000011920929,0.550000011920929,0.550000011920929,0.550000011920929,0.550000011920929,0
2005-12-28,0.550000011920929,0.550000011920929,0.550000011920929,0.550000011920929,0.550000011920929,0
2005-12-29,0.550000011920929,0.550000011920929,0.550000011920929,0.550000011920929,0.550000011920929,0
2005-12-30,0.550000011920929,0.550000011920929,0.550000011920929,0.550000011920929,0.550000011920929,0
2006-01-03,0.550000011920929,0.550000011920929,0.550000011920929,0.550000011920929,0.550000011920929,0
2006-01-04,0.550000011920929,0.550000011920929,0.550000011920929,0.550000011920929,0.550000011920929,0
2006-01-05,0.550000011920929,0.550000011920929,0.550000011920929,0.550000011920929,0.550000011920929,0
2006-01-06,0.550000011920929,0.550000011920929,0.550000011920929,0.550000011920929,0.550000011920929,0
2006-01-09,2.400000095367432,3.200000047683716,2.400000095367432,3.200000047683716,3.200000047683716,2400
2006-01-10,0.800000011920929,0.800000011920929,0.800000011920929,0.800000011920929,0.800000011920929,0
2006-01-11,2.400000095367432,2.400000095367432,2.400000095367432,2.400000095367432,2.400000095367432,50
2006-01-12,0.6000000238418579,0.6000000238418579,0.6000000238418579,0.6000000238418579,0.6000000238418579,0
2006-01-13,0.6000000238418579,0.6000000238418579,0.6000000238418579,0.6000000238418579,0.6000000238418579,0
2006-01-17,2.799999952316284,3.0,2.799999952316284,3.0,3.0,1500
2006-01-18,0.75,0.75,0.75,0.75,0.75,0
2006-01-19,2.5999999046325684,2.5999999046325684,2.5999999046325684,2.5999999046325684,2.5999999046325684,50
2006-01-20,0.6499999761581421,0.6499999761581421,0.6499999761581421,0.6499999761581421,0.6499999761581421,0
2006-01-23,0.6499999761581421,0.6499999761581421,0.6499999761581421,0.6499999761581421,0.6499999761581421,0
2006-01-24,2.5999999046325684,2.5999999046325684,2.5999999046325684,2.5999999046325684,2.5999999046325684,500
2006-01-25,2.5999999046325684,2.5999999046325684,2.5999999046325684,2.5999999046325684,2.5999999046325684,700
2006-01-26,2.799999952316284,2.799999952316284,2.799999952316284,2.799999952316284,2.799999952316284,600
2006-01-27,0.699999988079071,0.699999988079071,0.699999988079071,0.699999988079071,0.699999988079071,0
2006-01-30,3.400000095367432,3.400000095367432,3.400000095367432,3.400000095367432,3.400000095367432,1250
2006-01-31,3.200000047683716,3.200000047683716,3.0,3.0,3.0,2880
2006-02-01,3.200000047683716,3.400000095367432,3.200000047683716,3.400000095367432,3.400000095367432,1150
2006-02-02,0.8500000238418579,0.8500000238418579,0.8500000238418579,0.8500000238418579,0.8500000238418579,0
2006-02-03,3.400000095367432,3.400000095367432,3.400000095367432,3.400000095367432,3.400000095367432,300
2006-02-06,0.8500000238418579,0.8500000238418579,0.8500000238418579,0.8500000238418579,0.8500000238418579,0
2006-02-07,0.8500000238418579,0.8500000238418579,0.8500000238418579,0.8500000238418579,0.8500000238418579,0
2006-02-08,3.400000095367432,3.799999952316284,3.400000095367432,3.5999999046325684,3.5999999046325684,5250
2006-02-09,3.200000047683716,3.200000047683716,3.200000047683716,3.200000047683716,3.200000047683716,830
2006-02-10,3.200000047683716,3.200000047683716,3.200000047683716,3.200000047683716,3.200000047683716,2700
2006-02-13,0.800000011920929,0.800000011920929,0.800000011920929,0.800000011920929,0.800000011920929,0
2006-02-14,3.0,3.0,3.0,3.0,3.0,1000
2006-02-15,3.0,3.0,3.0,3.0,3.0,1000
2006-02-16,3.0,3.0,3.0,3.0,3.0,1000
2006-02-17,0.75,0.75,0.75,0.75,0.75,0
2006-02-21,0.75,0.75,0.75,0.75,0.75,0
2006-02-22,2.5999999046325684,3.0,2.5999999046325684,3.0,3.0,1500
2006-02-23,0.75,0.75,0.75,0.75,0.75,0
2006-02-24,0.75,0.75,0.75,0.75,0.75,0
2006-02-27,0.75,0.75,0.75,0.75,0.75,0
2006-02-28,3.0,3.0,2.5999999046325684,2.5999999046325684,2.5999999046325684,1200
2006-03-01,0.6499999761581421,0.6499999761581421,0.6499999761581421,0.6499999761581421,0.6499999761581421,0
2006-03-02,2.5999999046325684,2.799999952316284,2.5999999046325684,2.799999952316284,2.799999952316284,6250
2006-03-03,2.799999952316284,2.799999952316284,2.799999952316284,2.799999952316284,2.799999952316284,2100
2006-03-06,2.5999999046325684,2.5999999046325684,2.5999999046325684,2.5999999046325684,2.5999999046325684,500
2006-03-07,2.799999952316284,2.799999952316284,2.799999952316284,2.799999952316284,2.799999952316284,2750
2006-03-08,2.5999999046325684,2.5999999046325684,2.5999999046325684,2.5999999046325684,2.5999999046325684,180
2006-03-09,0.6499999761581421,0.6499999761581421,0.6499999761581421,0.6499999761581421,0.6499999761581421,0
2006-03-10,0.6499999761581421,0.6499999761581421,0.6499999761581421,0.6499999761581421,0.6499999761581421,0
2006-03-13,2.400000095367432,2.400000095367432,2.0,2.400000095367432,2.400000095367432,10300
2006-03-14,2.400000095367432,2.400000095367432,2.0,2.400000095367432,2.400000095367432,6000
2006-03-15,2.400000095367432,2.400000095367432,2.400000095367432,2.400000095367432,2.400000095367432,2500
2006-03-16,2.400000095367432,2.400000095367432,2.400000095367432,2.400000095367432,2.400000095367432,1250
2006-03-17,0.6000000238418579,0.6000000238418579,0.6000000238418579,0.6000000238418579,0.6000000238418579,0
2006-03-20,2.5999999046325684,2.5999999046325684,2.400000095367432,2.400000095367432,2.400000095367432,14500
2006-03-21,2.400000095367432,2.400000095367432,2.200000047683716,2.200000047683716,2.200000047683716,450
2006-03-22,2.200000047683716,2.400000095367432,2.200000047683716,2.400000095367432,2.400000095367432,2050
2006-03-23,2.400000095367432,2.400000095367432,2.400000095367432,2.400000095367432,2.400000095367432,450
2006-03-24,2.400000095367432,2.400000095367432,2.400000095367432,2.400000095367432,2.400000095367432,630
2006-03-27,2.400000095367432,2.400000095367432,2.200000047683716,2.200000047683716,2.200000047683716,2000
2006-03-28,2.400000095367432,2.799999952316284,2.400000095367432,2.400000095367432,2.400000095367432,5850
2006-03-29,3.200000047683716,3.200000047683716,2.200000047683716,2.200000047683716,2.200000047683716,3250
2006-03-30,0.550000011920929,0.550000011920929,0.550000011920929,0.550000011920929,0.550000011920929,0
2006-03-31,0.550000011920929,0.550000011920929,0.550000011920929,0.550000011920929,0.550000011920929,0
2006-04-03,3.200000047683716,3.200000047683716,2.799999952316284,2.799999952316284,2.799999952316284,8000
2006-04-04,0.699999988079071,0.699999988079071,0.699999988079071,0.699999988079071,0.699999988079071,0
2006-04-05,3.799999952316284,3.799999952316284,3.200000047683716,3.200000047683716,3.200000047683716,7280
2006-04-06,3.200000047683716,3.200000047683716,3.200000047683716,3.200000047683716,3.200000047683716,400
2006-04-07,2.799999952316284,2.799999952316284,2.799999952316284,2.799999952316284,2.799999952316284,3000
2006-04-10,0.699999988079071,0.699999988079071,0.699999988079071,0.699999988079071,0.699999988079071,0
2006-04-11,0.699999988079071,0.699999988079071,0.699999988079071,0.699999988079071,0.699999988079071,0
2006-04-12,0.699999988079071,0.699999988079071,0.699999988079071,0.699999988079071,0.699999988079071,0
2006-04-13,0.699999988079071,0.699999988079071,0.699999988079071,0.699999988079071,0.699999988079071,0
2006-04-17,3.5999999046325684,3.5999999046325684,3.5999999046325684,3.5999999046325684,3.5999999046325684,100
2006-04-18,0.8999999761581421,0.8999999761581421,0.8999999761581421,0.8999999761581421,0.8999999761581421,0
2006-04-19,0.8999999761581421,0.8999999761581421,0.8999999761581421,0.8999999761581421,0.8999999761581421,0
2006-04-20,0.8999999761581421,0.8999999761581421,0.8999999761581421,0.8999999761581421,0.8999999761581421,0
2006-04-21,0.8999999761581421,0.8999999761581421,0.8999999761581421,0.8999999761581421,0.8999999761581421,0
2006-04-24,0.8999999761581421,0.8999999761581421,0.8999999761581421,0.8999999761581421,0.8999999761581421,0
2006-04-25,0.8999999761581421,0.8999999761581421,0.8999999761581421,0.8999999761581421,0.8999999761581421,0
2006-04-26,2.5999999046325684,3.5999999046325684,2.5999999046325684,3.200000047683716,3.200000047683716,9640
2006-04-27,0.800000011920929,0.800000011920929,0.800000011920929,0.800000011920929,0.800000011920929,0
2006-04-28,2.799999952316284,2.799999952316284,2.799999952316284,2.799999952316284,2.799999952316284,250
2006-05-01,0.699999988079071,0.699999988079071,0.699999988079071,0.699999988079071,0.699999988079071,0
2006-05-02,3.5999999046325684,5.599999904632568,3.5999999046325684,5.0,5.0,76880
2006-05-03,5.0,6.199999809265137,5.0,5.599999904632568,5.599999904632568,51280
2006-05-04,6.0,6.400000095367432,5.400000095367432,6.0,6.0,58100
2006-05-05,5.800000190734863,6.199999809265137,5.0,5.800000190734863,5.800000190734863,48680
2006-05-08,5.800000190734863,6.800000190734863,5.800000190734863,6.199999809265137,6.199999809265137,48180
2006-05-09,6.199999809265137,7.599999904632568,6.199999809265137,7.400000095367432,7.400000095367432,60880
2006-05-10,7.400000095367432,7.400000095367432,6.0,6.800000190734863,6.800000190734863,29050
2006-05-11,5.800000190734863,7.199999809265137,5.599999904632568,7.0,7.0,23260
2006-05-12,7.0,7.0,6.199999809265137,6.400000095367432,6.400000095367432,7325
2006-05-15,6.0,7.0,5.800000190734863,6.199999809265137,6.199999809265137,17775
2006-05-16,6.800000190734863,8.399999618530273,6.800000190734863,7.800000190734863,7.800000190734863,29632
2006-05-17,8.399999618530273,9.199999809265137,7.599999904632568,7.599999904632568,7.599999904632568,19325
2006-05-18,7.400000095367432,7.400000095367432,6.400000095367432,6.400000095367432,6.400000095367432,2150
2006-05-19,6.599999904632568,6.599999904632568,6.400000095367432,6.400000095367432,6.400000095367432,4350
2006-05-22,1.600000023841858,1.600000023841858,1.600000023841858,1.600000023841858,1.600000023841858,0
2006-05-23,1.600000023841858,1.600000023841858,1.600000023841858,1.600000023841858,1.600000023841858,0
2006-05-24,6.599999904632568,6.599999904632568,6.599999904632568,6.599999904632568,6.599999904632568,250
2006-05-25,7.599999904632568,7.599999904632568,7.199999809265137,7.400000095367432,7.400000095367432,19367
2006-05-26,7.599999904632568,8.0,7.199999809265137,8.0,8.0,4300
2006-05-30,7.199999809265137,7.199999809265137,6.400000095367432,6.599999904632568,6.599999904632568,19800
2006-05-31,7.199999809265137,7.199999809265137,7.199999809265137,7.199999809265137,7.199999809265137,25
2006-06-01,7.199999809265137,10.0,6.599999904632568,9.600000381469728,9.600000381469728,50750
2006-06-02,9.199999809265137,10.600000381469728,9.199999809265137,10.199999809265137,10.199999809265137,98280
2006-06-05,10.399999618530272,10.399999618530272,8.199999809265137,9.0,9.0,84525
2006-06-06,9.800000190734863,9.800000190734863,8.600000381469727,9.199999809265137,9.199999809265137,4875
2006-06-07,8.800000190734863,8.800000190734863,8.800000190734863,8.800000190734863,8.800000190734863,1250
2006-06-08,8.800000190734863,8.800000190734863,7.199999809265137,7.199999809265137,7.199999809265137,18350
2006-06-09,8.0,8.399999618530273,8.0,8.0,8.0,1500
2006-06-12,8.399999618530273,9.199999809265137,8.399999618530273,8.800000190734863,8.800000190734863,9675
2006-06-13,8.0,8.0,7.199999809265137,7.199999809265137,7.199999809265137,6125
2006-06-14,7.800000190734863,8.399999618530273,7.800000190734863,8.399999618530273,8.399999618530273,2775
2006-06-15,8.0,8.0,8.0,8.0,8.0,2200
2006-06-16,8.0,8.399999618530273,8.0,8.399999618530273,8.399999618530273,2375
2006-06-19,7.199999809265137,7.199999809265137,7.199999809265137,7.199999809265137,7.199999809265137,500
2006-06-20,1.7999999523162842,1.7999999523162842,1.7999999523162842,1.7999999523162842,1.7999999523162842,0
2006-06-21,8.399999618530273,8.399999618530273,8.399999618530273,8.399999618530273,8.399999618530273,250
2006-06-22,8.399999618530273,10.800000190734863,8.399999618530273,10.0,10.0,37750
2006-06-23,10.399999618530272,10.399999618530272,9.600000381469728,9.600000381469728,9.600000381469728,4500
2006-06-26,9.600000381469728,9.600000381469728,9.199999809265137,9.199999809265137,9.199999809265137,2475
2006-06-27,9.199999809265137,9.199999809265137,8.800000190734863,8.800000190734863,8.800000190734863,4225
2006-06-28,9.199999809265137,9.199999809265137,9.199999809265137,9.199999809265137,9.199999809265137,1650
2006-06-29,2.299999952316284,2.299999952316284,2.299999952316284,2.299999952316284,2.299999952316284,0
2006-06-30,9.0,10.199999809265137,8.399999618530273,10.0,10.0,22675
2006-07-05,8.800000190734863,13.199999809265137,8.800000190734863,12.0,12.0,29000
2006-07-06,12.0,12.0,10.600000381469728,10.800000190734863,10.800000190734863,2300
2006-07-07,11.600000381469728,11.800000190734863,11.199999809265137,11.600000381469728,11.600000381469728,3900
2006-07-10,11.600000381469728,11.600000381469728,11.600000381469728,11.600000381469728,11.600000381469728,1000
2006-07-11,11.199999809265137,11.199999809265137,11.199999809265137,11.199999809265137,11.199999809265137,1000
2006-07-12,10.800000190734863,10.800000190734863,10.800000190734863,10.800000190734863,10.800000190734863,1100
2006-07-13,11.199999809265137,11.600000381469728,11.199999809265137,11.199999809265137,11.199999809265137,1850
2006-07-14,10.800000190734863,11.199999809265137,10.0,10.0,10.0,4175
2006-07-17,10.399999618530272,10.399999618530272,10.399999618530272,10.399999618530272,10.399999618530272,500
2006-07-18,10.399999618530272,10.399999618530272,10.0,10.0,10.0,4375
2006-07-19,10.0,10.0,10.0,10.0,10.0,600
2006-07-20,9.600000381469728,9.600000381469728,9.600000381469728,9.600000381469728,9.600000381469728,1000
2006-07-21,9.600000381469728,9.600000381469728,9.600000381469728,9.600000381469728,9.600000381469728,725
2006-07-24,9.600000381469728,10.399999618530272,9.399999618530272,9.399999618530272,9.399999618530272,4025
2006-07-25,10.399999618530272,10.399999618530272,10.399999618530272,10.399999618530272,10.399999618530272,500
2006-07-26,9.600000381469728,9.600000381469728,9.399999618530272,9.399999618530272,9.399999618530272,1125
2006-07-27,10.0,10.0,10.0,10.0,10.0,1250
2006-07-28,10.399999618530272,10.399999618530272,10.399999618530272,10.399999618530272,10.399999618530272,1000
2006-07-31,10.0,10.399999618530272,10.0,10.399999618530272,10.399999618530272,1100
2006-08-01,10.0,10.0,9.800000190734863,9.800000190734863,9.800000190734863,2652
2006-08-02,10.0,10.0,10.0,10.0,10.0,1850
2006-08-04,5.199999809265137,5.199999809265137,5.199999809265137,5.199999809265137,5.199999809265137,1000
2006-08-07,5.199999809265137,5.199999809265137,5.199999809265137,5.199999809265137,5.199999809265137,0
2006-08-08,5.199999809265137,5.199999809265137,5.199999809265137,5.199999809265137,5.199999809265137,0
2006-08-09,5.199999809265137,5.199999809265137,5.199999809265137,5.199999809265137,5.199999809265137,0
2006-08-10,4.900000095367432,4.900000095367432,4.900000095367432,4.900000095367432,4.900000095367432,2510
2006-08-11,4.900000095367432,4.900000095367432,4.900000095367432,4.900000095367432,4.900000095367432,0
2006-08-14,4.900000095367432,4.900000095367432,4.900000095367432,4.900000095367432,4.900000095367432,0
2006-08-15,4.900000095367432,4.900000095367432,4.900000095367432,4.900000095367432,4.900000095367432,0
2006-08-16,4.800000190734863,4.800000190734863,4.800000190734863,4.800000190734863,4.800000190734863,1550
2006-08-17,4.199999809265137,4.199999809265137,4.199999809265137,4.199999809265137,4.199999809265137,1000
2006-08-18,4.199999809265137,4.199999809265137,4.199999809265137,4.199999809265137,4.199999809265137,0
2006-08-21,4.349999904632568,4.699999809265137,4.349999904632568,4.699999809265137,4.699999809265137,775
2006-08-22,4.800000190734863,4.800000190734863,4.400000095367432,4.599999904632568,4.599999904632568,800
2006-08-23,4.5,4.5,4.400000095367432,4.400000095367432,4.400000095367432,2650
2006-08-24,4.800000190734863,5.400000095367432,4.800000190734863,5.400000095367432,5.400000095367432,4300
2006-08-25,5.400000095367432,6.599999904632568,5.400000095367432,6.5,6.5,12600
2006-08-28,6.900000095367432,6.900000095367432,6.199999809265137,6.199999809265137,6.199999809265137,2250
2006-08-29,6.099999904632568,6.099999904632568,5.800000190734863,5.800000190734863,5.800000190734863,4200
2006-08-30,5.800000190734863,5.800000190734863,5.800000190734863,5.800000190734863,5.800000190734863,200
2006-08-31,5.800000190734863,6.599999904632568,5.800000190734863,6.599999904632568,6.599999904632568,10600
2006-09-01,6.800000190734863,7.5,6.800000190734863,7.5,7.5,13667
2006-09-05,7.099999904632568,7.099999904632568,6.699999809265137,6.699999809265137,6.699999809265137,1550
2006-09-06,6.5,6.5,6.199999809265137,6.199999809265137,6.199999809265137,2000
2006-09-11,6.0,6.0,5.599999904632568,5.599999904632568,5.599999904632568,1250
2006-09-12,5.599999904632568,5.599999904632568,5.599999904632568,5.599999904632568,5.599999904632568,35
2006-09-13,5.599999904632568,5.599999904632568,5.599999904632568,5.599999904632568,5.599999904632568,0
2006-09-14,5.599999904632568,5.599999904632568,5.599999904632568,5.599999904632568,5.599999904632568,0
2006-09-15,4.849999904632568,4.849999904632568,4.849999904632568,4.849999904632568,4.849999904632568,150
2006-09-18,4.900000095367432,4.900000095367432,4.5,4.599999904632568,4.599999904632568,5100
2006-09-19,4.599999904632568,4.599999904632568,4.300000190734863,4.300000190734863,4.300000190734863,4700
2006-09-20,4.400000095367432,4.400000095367432,4.400000095367432,4.400000095367432,4.400000095367432,1150
2006-09-21,4.400000095367432,4.400000095367432,4.400000095367432,4.400000095367432,4.400000095367432,0
2006-09-22,5.0,5.0,5.0,5.0,5.0,1520
2006-09-25,5.0,5.0,5.0,5.0,5.0,0
2006-09-26,4.900000095367432,4.900000095367432,4.900000095367432,4.900000095367432,4.900000095367432,1000
2006-09-27,5.0,5.0,5.0,5.0,5.0,800
2006-09-28,5.0,5.0,5.0,5.0,5.0,200
2006-09-29,5.0,5.0,5.0,5.0,5.0,0
2006-10-02,4.5,4.5,4.349999904632568,4.349999904632568,4.349999904632568,3450
2006-10-03,4.349999904632568,4.349999904632568,4.349999904632568,4.349999904632568,4.349999904632568,0
2006-10-04,4.5,4.5,3.75,4.300000190734863,4.300000190734863,4250
2006-10-05,4.300000190734863,4.300000190734863,4.300000190734863,4.300000190734863,4.300000190734863,750
2006-10-06,4.300000190734863,4.300000190734863,4.300000190734863,4.300000190734863,4.300000190734863,0
2006-10-09,4.300000190734863,4.300000190734863,4.300000190734863,4.300000190734863,4.300000190734863,0
2006-10-10,4.300000190734863,4.5,4.099999904632568,4.099999904632568,4.099999904632568,3100
2006-10-11,4.400000095367432,4.5,4.400000095367432,4.400000095367432,4.400000095367432,10000
2006-10-12,4.400000095367432,4.400000095367432,4.400000095367432,4.400000095367432,4.400000095367432,0
2006-10-13,4.5,5.699999809265137,4.5,5.699999809265137,5.699999809265137,7225
2006-10-16,5.699999809265137,5.699999809265137,5.699999809265137,5.699999809265137,5.699999809265137,0
2006-10-17,5.400000095367432,5.400000095367432,5.400000095367432,5.400000095367432,5.400000095367432,1200
2006-10-18,4.949999809265137,4.949999809265137,4.949999809265137,4.949999809265137,4.949999809265137,200
2006-10-19,4.800000190734863,4.800000190734863,4.75,4.75,4.75,300
2006-10-20,4.550000190734863,4.599999904632568,4.5,4.5,4.5,1350
2006-10-23,4.300000190734863,4.5,4.300000190734863,4.5,4.5,2200
2006-10-24,4.5,4.5,4.5,4.5,4.5,0
2006-10-25,4.5,4.5,4.5,4.5,4.5,0
2006-10-26,4.400000095367432,4.400000095367432,4.400000095367432,4.400000095367432,4.400000095367432,60
2006-10-27,4.400000095367432,4.400000095367432,4.300000190734863,4.300000190734863,4.300000190734863,2500
2006-10-30,4.300000190734863,4.300000190734863,4.300000190734863,4.300000190734863,4.300000190734863,975
2006-10-31,4.300000190734863,4.300000190734863,4.300000190734863,4.300000190734863,4.300000190734863,0
2006-11-01,4.5,4.5,4.5,4.5,4.5,500
2006-11-02,4.5,4.5,4.5,4.5,4.5,0
2006-11-03,4.5,4.5,4.5,4.5,4.5,3800
2006-11-06,4.5,4.5,4.5,4.5,4.5,0
2006-11-07,4.400000095367432,4.400000095367432,4.400000095367432,4.400000095367432,4.400000095367432,750
2006-11-08,4.400000095367432,4.400000095367432,4.400000095367432,4.400000095367432,4.400000095367432,75
2006-11-09,4.400000095367432,4.400000095367432,4.300000190734863,4.300000190734863,4.300000190734863,538
2006-11-10,4.300000190734863,4.300000190734863,4.300000190734863,4.300000190734863,4.300000190734863,900
2006-11-13,4.300000190734863,4.300000190734863,4.300000190734863,4.300000190734863,4.300000190734863,3000
2006-11-14,4.300000190734863,4.300000190734863,4.300000190734863,4.300000190734863,4.300000190734863,0
2006-11-15,4.300000190734863,4.300000190734863,4.300000190734863,4.300000190734863,4.300000190734863,0
2006-11-16,4.199999809265137,4.199999809265137,4.199999809265137,4.199999809265137,4.199999809265137,500
2006-11-17,4.5,4.5,4.5,4.5,4.5,2450
2006-11-20,4.099999904632568,4.199999809265137,4.099999904632568,4.199999809265137,4.199999809265137,1550
2006-11-21,4.199999809265137,4.199999809265137,4.199999809265137,4.199999809265137,4.199999809265137,0
2006-11-22,4.199999809265137,4.199999809265137,4.199999809265137,4.199999809265137,4.199999809265137,0
2006-11-24,4.400000095367432,4.400000095367432,4.400000095367432,4.400000095367432,4.400000095367432,0
2006-11-27,4.150000095367432,4.150000095367432,4.150000095367432,4.150000095367432,4.150000095367432,52
2006-11-28,4.150000095367432,4.150000095367432,4.099999904632568,4.099999904632568,4.099999904632568,1950
2006-11-29,4.0,4.0,4.0,4.0,4.0,300
2006-11-30,4.0,4.0,4.0,4.0,4.0,0
2006-12-01,4.0,4.0,4.0,4.0,4.0,0
2006-12-04,4.300000190734863,4.300000190734863,4.300000190734863,4.300000190734863,4.300000190734863,1000
2006-12-05,4.25,4.300000190734863,4.099999904632568,4.300000190734863,4.300000190734863,3575
2006-12-06,4.300000190734863,5.099999904632568,4.300000190734863,5.099999904632568,5.099999904632568,5700
2006-12-07,5.099999904632568,5.300000190734863,5.099999904632568,5.300000190734863,5.300000190734863,2150
2006-12-08,4.699999809265137,4.800000190734863,4.699999809265137,4.800000190734863,4.800000190734863,1100
2006-12-11,4.75,4.75,4.699999809265137,4.699999809265137,4.699999809265137,1000
2006-12-12,5.0,5.300000190734863,5.0,5.300000190734863,5.300000190734863,4000
2006-12-13,5.0,5.0,4.599999904632568,4.599999904632568,4.599999904632568,4950
2006-12-14,4.900000095367432,4.900000095367432,4.599999904632568,4.599999904632568,4.599999904632568,2300
2006-12-15,4.699999809265137,4.699999809265137,4.699999809265137,4.699999809265137,4.699999809265137,5000
2006-12-18,4.650000095367432,4.650000095367432,4.599999904632568,4.599999904632568,4.599999904632568,9500
2006-12-19,4.599999904632568,4.599999904632568,4.599999904632568,4.599999904632568,4.599999904632568,0
2006-12-20,4.599999904632568,4.599999904632568,4.599999904632568,4.599999904632568,4.599999904632568,0
2006-12-21,4.599999904632568,4.800000190734863,4.599999904632568,4.800000190734863,4.800000190734863,1500
2006-12-22,5.0,5.0,5.0,5.0,5.0,500
2006-12-26,5.0,5.0,5.0,5.0,5.0,0
2006-12-27,5.0,5.0,5.0,5.0,5.0,1250
2006-12-28,5.0,5.0,5.0,5.0,5.0,200
2006-12-29,5.5,5.900000095367432,5.5,5.900000095367432,5.900000095367432,1000
2007-01-03,5.5,5.900000095367432,5.5,5.699999809265137,5.699999809265137,9900
2007-01-04,5.699999809265137,5.699999809265137,5.0,5.0,5.0,4600
2007-01-05,5.5,5.5,5.300000190734863,5.300000190734863,5.300000190734863,6150
2007-01-08,5.300000190734863,5.300000190734863,5.300000190734863,5.300000190734863,5.300000190734863,0
2007-01-09,5.199999809265137,5.199999809265137,5.199999809265137,5.199999809265137,5.199999809265137,1250
2007-01-10,5.199999809265137,5.199999809265137,5.199999809265137,5.199999809265137,5.199999809265137,1000
2007-01-11,5.300000190734863,5.300000190734863,5.300000190734863,5.300000190734863,5.300000190734863,500
2007-01-12,5.300000190734863,5.300000190734863,5.300000190734863,5.300000190734863,5.300000190734863,200
2007-01-16,5.300000190734863,5.300000190734863,5.199999809265137,5.199999809265137,5.199999809265137,1300
2007-01-17,5.099999904632568,5.099999904632568,5.099999904632568,5.099999904632568,5.099999904632568,150
2007-01-18,5.099999904632568,5.099999904632568,5.099999904632568,5.099999904632568,5.099999904632568,450
2007-01-19,5.099999904632568,5.699999809265137,5.099999904632568,5.699999809265137,5.699999809265137,2900
2007-01-22,5.5,5.5,5.5,5.5,5.5,2250
2007-01-23,5.5,5.5,5.5,5.5,5.5,500
2007-01-24,5.5,5.5,5.5,5.5,5.5,1200
2007-01-25,5.300000190734863,5.300000190734863,5.300000190734863,5.300000190734863,5.300000190734863,100
2007-01-26,5.300000190734863,5.300000190734863,5.300000190734863,5.300000190734863,5.300000190734863,1050
2007-01-29,5.0,5.0,5.0,5.0,5.0,750
2007-01-30,5.199999809265137,5.199999809265137,5.199999809265137,5.199999809265137,5.199999809265137,600
2007-01-31,5.199999809265137,5.199999809265137,5.199999809265137,5.199999809265137,5.199999809265137,650
2007-02-01,5.199999809265137,5.199999809265137,5.199999809265137,5.199999809265137,5.199999809265137,1000
2007-02-02,5.199999809265137,5.300000190734863,5.199999809265137,5.300000190734863,5.300000190734863,1350
2007-02-05,5.300000190734863,5.599999904632568,5.300000190734863,5.599999904632568,5.599999904632568,2250
2007-02-06,5.300000190734863,5.300000190734863,5.300000190734863,5.300000190734863,5.300000190734863,500
2007-02-07,5.400000095367432,5.400000095367432,5.0,5.199999809265137,5.199999809265137,3725
2007-02-08,5.199999809265137,5.199999809265137,5.199999809265137,5.199999809265137,5.199999809265137,550
2007-02-09,5.400000095367432,5.699999809265137,5.300000190734863,5.699999809265137,5.699999809265137,2800
2007-02-12,5.5,5.5,5.5,5.5,5.5,207
2007-02-13,5.5,5.5,5.5,5.5,5.5,1000
2007-02-14,5.300000190734863,5.300000190734863,5.300000190734863,5.300000190734863,5.300000190734863,1050
2007-02-15,5.300000190734863,5.300000190734863,5.300000190734863,5.300000190734863,5.300000190734863,0
2007-02-16,5.300000190734863,5.300000190734863,5.099999904632568,5.099999904632568,5.099999904632568,1500
2007-02-20,5.099999904632568,5.099999904632568,4.75,4.75,4.75,450
2007-02-21,4.800000190734863,4.800000190734863,4.800000190734863,4.800000190734863,4.800000190734863,250
2007-02-22,4.800000190734863,4.800000190734863,4.800000190734863,4.800000190734863,4.800000190734863,0
2007-02-23,4.900000095367432,4.900000095367432,4.800000190734863,4.800000190734863,4.800000190734863,250
2007-02-26,4.900000095367432,4.900000095367432,4.800000190734863,4.800000190734863,4.800000190734863,281
2007-02-27,4.800000190734863,5.0,4.650000095367432,4.650000095367432,4.650000095367432,5500
2007-02-28,5.0,5.0,5.0,5.0,5.0,1800
2007-03-01,5.0,5.0,5.0,5.0,5.0,0
2007-03-02,5.0,5.0,5.0,5.0,5.0,0
2007-03-05,5.0,5.0,5.0,5.0,5.0,0
2007-03-06,5.0,5.0,5.0,5.0,5.0,0
2007-03-07,5.0,5.0,5.0,5.0,5.0,0
2007-03-08,5.0,5.900000095367432,5.0,5.900000095367432,5.900000095367432,6975
2007-03-09,5.199999809265137,5.199999809265137,4.849999904632568,4.849999904632568,4.849999904632568,1500
2007-03-12,4.849999904632568,4.849999904632568,4.849999904632568,4.849999904632568,4.849999904632568,0
2007-03-13,4.849999904632568,4.849999904632568,4.849999904632568,4.849999904632568,4.849999904632568,500
2007-03-14,4.849999904632568,4.849999904632568,4.849999904632568,4.849999904632568,4.849999904632568,0
2007-03-15,4.800000190734863,4.800000190734863,4.599999904632568,4.599999904632568,4.599999904632568,4500
2007-03-16,4.599999904632568,4.599999904632568,4.599999904632568,4.599999904632568,4.599999904632568,0
2007-03-19,4.599999904632568,4.599999904632568,4.599999904632568,4.599999904632568,4.599999904632568,400
2007-03-20,5.0,5.699999809265137,5.0,5.699999809265137,5.699999809265137,7600
2007-03-21,5.199999809265137,6.599999904632568,5.199999809265137,6.199999809265137,6.199999809265137,13950
2007-03-22,6.5,6.5,6.099999904632568,6.099999904632568,6.099999904632568,3214
2007-03-23,6.0,6.0,5.699999809265137,5.699999809265137,5.699999809265137,3500
2007-03-26,5.699999809265137,5.699999809265137,5.5,5.5,5.5,1900
2007-03-27,5.5,5.5,5.5,5.5,5.5,0
2007-03-28,5.400000095367432,5.400000095367432,5.300000190734863,5.300000190734863,5.300000190734863,750
2007-03-29,5.400000095367432,5.900000095367432,5.300000190734863,5.900000095367432,5.900000095367432,2300
2007-03-30,5.5,5.5,5.5,5.5,5.5,1500
2007-04-02,5.5,5.5,5.5,5.5,5.5,1500
2007-04-03,5.5,5.5,5.5,5.5,5.5,0
2007-04-04,5.5,5.5,5.5,5.5,5.5,0
2007-04-05,5.199999809265137,5.199999809265137,5.199999809265137,5.199999809265137,5.199999809265137,225
2007-04-09,5.199999809265137,5.199999809265137,5.199999809265137,5.199999809265137,5.199999809265137,0
2007-04-10,5.300000190734863,5.300000190734863,5.300000190734863,5.300000190734863,5.300000190734863,600
2007-04-11,5.300000190734863,5.300000190734863,5.300000190734863,5.300000190734863,5.300000190734863,25
2007-04-12,5.300000190734863,5.300000190734863,5.300000190734863,5.300000190734863,5.300000190734863,0
2007-04-13,5.099999904632568,5.099999904632568,5.099999904632568,5.099999904632568,5.099999904632568,4500
2007-04-16,5.199999809265137,5.800000190734863,5.199999809265137,5.800000190734863,5.800000190734863,1000
2007-04-17,5.800000190734863,5.900000095367432,5.199999809265137,5.199999809265137,5.199999809265137,1500
2007-04-18,5.199999809265137,5.199999809265137,5.199999809265137,5.199999809265137,5.199999809265137,500
2007-04-19,5.199999809265137,5.199999809265137,5.199999809265137,5.199999809265137,5.199999809265137,0
2007-04-20,5.199999809265137,5.199999809265137,5.199999809265137,5.199999809265137,5.199999809265137,0
2007-04-23,5.199999809265137,5.199999809265137,5.199999809265137,5.199999809265137,5.199999809265137,0
2007-04-24,5.199999809265137,5.199999809265137,5.099999904632568,5.099999904632568,5.099999904632568,450
2007-04-25,5.099999904632568,5.099999904632568,5.099999904632568,5.099999904632568,5.099999904632568,51
2007-04-26,5.099999904632568,5.199999809265137,5.099999904632568,5.199999809265137,5.199999809265137,3500
2007-04-27,5.5,5.5,5.5,5.5,5.5,2350
2007-04-30,5.5,5.5,5.5,5.5,5.5,0
2007-05-01,5.300000190734863,5.300000190734863,4.900000095367432,4.900000095367432,4.900000095367432,2125
2007-05-02,4.900000095367432,4.900000095367432,4.900000095367432,4.900000095367432,4.900000095367432,500
2007-05-03,5.0,5.0,5.0,5.0,5.0,1600
2007-05-04,5.0,5.0,5.0,5.0,5.0,4450
2007-05-07,5.0,5.0,5.0,5.0,5.0,0
2007-05-08,5.0,5.0,5.0,5.0,5.0,0
2007-05-09,5.599999904632568,5.599999904632568,5.599999904632568,5.599999904632568,5.599999904632568,1000
2007-05-10,5.300000190734863,5.300000190734863,5.300000190734863,5.300000190734863,5.300000190734863,1000
2007-05-11,5.300000190734863,5.300000190734863,5.300000190734863,5.300000190734863,5.300000190734863,0
2007-05-14,5.400000095367432,5.400000095367432,5.300000190734863,5.300000190734863,5.300000190734863,2025
2007-05-15,5.400000095367432,6.0,5.400000095367432,6.0,6.0,3200
2007-05-16,5.5,5.5,5.5,5.5,5.5,300
2007-05-17,6.0,6.5,5.800000190734863,5.900000095367432,5.900000095367432,8133
2007-05-18,6.0,6.199999809265137,5.900000095367432,6.0,6.0,10750
2007-05-21,6.0,6.0,6.0,6.0,6.0,0
2007-05-22,6.5,6.699999809265137,6.0,6.699999809265137,6.699999809265137,4250
2007-05-23,6.400000095367432,6.5,6.0,6.0,6.0,9550
2007-05-24,6.0,6.5,5.5,5.5,5.5,8500
2007-05-25,6.0,6.0,5.5,5.5,5.5,13350
2007-05-29,5.5,5.5,5.5,5.5,5.5,0
2007-05-30,5.199999809265137,5.199999809265137,5.099999904632568,5.099999904632568,5.099999904632568,1850
2007-05-31,5.400000095367432,5.5,5.099999904632568,5.099999904632568,5.099999904632568,4172
2007-06-01,5.0,5.0,5.0,5.0,5.0,100
2007-06-04,5.0,5.0,5.0,5.0,5.0,8200
2007-06-05,5.5,5.5,5.5,5.5,5.5,2000
2007-06-06,5.5,5.5,5.5,5.5,5.5,0
2007-06-07,5.099999904632568,5.099999904632568,5.099999904632568,5.099999904632568,5.099999904632568,750
2007-06-08,5.0,5.0,5.0,5.0,5.0,4950
2007-06-11,5.0,5.0,5.0,5.0,5.0,0
2007-06-12,5.0,5.0,5.0,5.0,5.0,2500
2007-06-13,5.0,5.0,5.0,5.0,5.0,3050
2007-06-14,5.0,5.0,5.0,5.0,5.0,700
2007-06-15,4.650000095367432,4.650000095367432,4.650000095367432,4.650000095367432,4.650000095367432,350
2007-06-18,4.699999809265137,5.599999904632568,4.699999809265137,5.599999904632568,5.599999904632568,3125
2007-06-19,5.699999809265137,5.900000095367432,5.5,5.5,5.5,27000
2007-06-20,5.699999809265137,5.699999809265137,5.699999809265137,5.699999809265137,5.699999809265137,1000
2007-06-21,5.699999809265137,5.699999809265137,5.699999809265137,5.699999809265137,5.699999809265137,0
2007-06-22,5.699999809265137,5.699999809265137,5.699999809265137,5.699999809265137,5.699999809265137,0
2007-06-25,5.400000095367432,5.400000095367432,5.300000190734863,5.300000190734863,5.300000190734863,4000
2007-06-26,5.300000190734863,5.300000190734863,5.199999809265137,5.199999809265137,5.199999809265137,200
2007-06-27,5.099999904632568,5.099999904632568,5.099999904632568,5.099999904632568,5.099999904632568,1500
2007-06-28,5.099999904632568,5.099999904632568,5.099999904632568,5.099999904632568,5.099999904632568,0
2007-06-29,5.0,5.0,5.0,5.0,5.0,300
2007-07-02,5.0,5.0,5.0,5.0,5.0,0
2007-07-03,5.0,5.0,5.0,5.0,5.0,0
2007-07-05,5.0,5.0,5.0,5.0,5.0,0
2007-07-06,5.400000095367432,7.199999809265137,5.400000095367432,6.900000095367432,6.900000095367432,15200
2007-07-09,6.900000095367432,6.900000095367432,6.900000095367432,6.900000095367432,6.900000095367432,1100
2007-07-10,6.699999809265137,6.900000095367432,6.5,6.5,6.5,7100
2007-07-11,6.5,6.5,6.5,6.5,6.5,0
2007-07-12,6.0,6.0,5.900000095367432,6.0,6.0,3250
2007-07-13,6.0,6.0,6.0,6.0,6.0,0
2007-07-16,5.800000190734863,6.0,5.800000190734863,6.0,6.0,650
2007-07-17,6.0,6.0,6.0,6.0,6.0,0
2007-07-18,6.0,6.0,6.0,6.0,6.0,0
2007-07-19,6.0,6.0,6.0,6.0,6.0,0
2007-07-20,5.5,5.5,5.5,5.5,5.5,250
2007-07-23,5.5,5.5,5.5,5.5,5.5,500
2007-07-24,5.5,5.5,5.5,5.5,5.5,0
2007-07-25,5.5,6.0,5.400000095367432,5.599999904632568,5.599999904632568,5150
2007-07-26,5.599999904632568,5.599999904632568,5.599999904632568,5.599999904632568,5.599999904632568,2000
2007-07-27,5.599999904632568,5.599999904632568,5.599999904632568,5.599999904632568,5.599999904632568,0
2007-07-30,5.599999904632568,5.599999904632568,5.599999904632568,5.599999904632568,5.599999904632568,0
2007-07-31,5.699999809265137,5.699999809265137,5.400000095367432,5.400000095367432,5.400000095367432,2100
2007-08-01,5.400000095367432,5.400000095367432,5.400000095367432,5.400000095367432,5.400000095367432,0
2007-08-02,5.400000095367432,5.400000095367432,5.400000095367432,5.400000095367432,5.400000095367432,0
2007-08-03,5.400000095367432,5.400000095367432,5.400000095367432,5.400000095367432,5.400000095367432,0
2007-08-06,5.400000095367432,5.400000095367432,5.400000095367432,5.400000095367432,5.400000095367432,0
2007-08-07,5.199999809265137,5.199999809265137,5.099999904632568,5.099999904632568,5.099999904632568,450
2007-08-08,4.949999809265137,4.949999809265137,4.949999809265137,4.949999809265137,4.949999809265137,50
2007-08-09,4.949999809265137,4.949999809265137,4.800000190734863,4.800000190734863,4.800000190734863,3600
2007-08-10,4.699999809265137,4.699999809265137,4.050000190734863,4.050000190734863,4.050000190734863,4000
2007-08-13,4.050000190734863,4.050000190734863,4.050000190734863,4.050000190734863,4.050000190734863,0
2007-08-14,4.199999809265137,4.199999809265137,4.150000095367432,4.150000095367432,4.150000095367432,400
2007-08-15,4.099999904632568,4.099999904632568,4.099999904632568,4.099999904632568,4.099999904632568,2000
2007-08-16,4.099999904632568,4.099999904632568,4.099999904632568,4.099999904632568,4.099999904632568,0
2007-08-17,3.900000095367432,4.0,3.5,3.5,3.5,8500
2007-08-20,3.5,3.5,3.5,3.5,3.5,0
2007-08-21,3.5,3.5,3.5,3.5,3.5,0
2007-08-22,3.799999952316284,3.799999952316284,3.799999952316284,3.799999952316284,3.799999952316284,1250
2007-08-23,3.799999952316284,3.799999952316284,3.799999952316284,3.799999952316284,3.799999952316284,0
2007-08-24,3.799999952316284,3.799999952316284,3.799999952316284,3.799999952316284,3.799999952316284,0
2007-08-27,3.799999952316284,3.799999952316284,3.799999952316284,3.799999952316284,3.799999952316284,0
2007-08-28,3.799999952316284,3.799999952316284,3.799999952316284,3.799999952316284,3.799999952316284,250
2007-08-29,3.799999952316284,3.799999952316284,3.5999999046325684,3.5999999046325684,3.5999999046325684,1000
2007-08-30,3.5999999046325684,3.5999999046325684,3.5999999046325684,3.5999999046325684,3.5999999046325684,0
2007-08-31,3.5999999046325684,3.5999999046325684,3.5999999046325684,3.5999999046325684,3.5999999046325684,0
2007-09-04,3.799999952316284,3.799999952316284,3.5,3.5,3.5,1500
2007-09-05,3.5,3.5,3.5,3.5,3.5,0
2007-09-06,3.5,3.5,3.5,3.5,3.5,0
2007-09-07,3.799999952316284,3.799999952316284,3.5,3.5,3.5,2300
2007-09-10,3.5,3.5,3.5,3.5,3.5,0
2007-09-11,3.5,3.5,3.5,3.5,3.5,0
2007-09-12,3.5,3.5,3.5,3.5,3.5,0
2007-09-13,3.799999952316284,3.799999952316284,3.799999952316284,3.799999952316284,3.799999952316284,1000
2007-09-14,4.0,4.0,4.0,4.0,4.0,500
2007-09-17,4.0,4.0,4.0,4.0,4.0,0
2007-09-18,4.0,4.0,4.0,4.0,4.0,0
2007-09-19,4.0,4.0,4.0,4.0,4.0,0
2007-09-20,4.199999809265137,4.199999809265137,4.0,4.0,4.0,3000
2007-09-21,4.0,4.0,4.0,4.0,4.0,0
2007-09-24,4.0,4.0,4.0,4.0,4.0,0
2007-09-25,4.0,4.0,4.0,4.0,4.0,0
2007-09-26,4.0,4.0,4.0,4.0,4.0,0
2007-09-27,4.199999809265137,4.199999809265137,4.199999809265137,4.199999809265137,4.199999809265137,1000
2007-09-28,4.0,4.0,4.0,4.0,4.0,2000
2007-10-01,4.5,4.5,4.5,4.5,4.5,500
2007-10-02,4.0,4.0,4.0,4.0,4.0,1000
2007-10-03,4.0,4.0,4.0,4.0,4.0,1100
2007-10-04,4.0,4.0,3.5,3.5,3.5,4400
2007-10-05,3.700000047683716,4.0,3.700000047683716,4.0,4.0,2000
2007-10-08,4.0,4.0,4.0,4.0,4.0,0
2007-10-09,4.0,4.0,4.0,4.0,4.0,7900
2007-10-10,4.0,4.0,4.0,4.0,4.0,0
2007-10-11,4.0,4.0,4.0,4.0,4.0,0
2007-10-12,4.0,4.0,4.0,4.0,4.0,0
2007-10-15,4.0,4.0,4.0,4.0,4.0,4000
2007-10-16,4.0,4.5,4.0,4.449999809265137,4.449999809265137,2600
2007-10-17,4.449999809265137,4.449999809265137,4.449999809265137,4.449999809265137,4.449999809265137,0
2007-10-18,4.449999809265137,4.449999809265137,4.449999809265137,4.449999809265137,4.449999809265137,0
2007-10-19,4.449999809265137,4.449999809265137,4.449999809265137,4.449999809265137,4.449999809265137,0
2007-10-22,4.199999809265137,4.5,4.199999809265137,4.5,4.5,500
2007-10-23,4.5,4.5,4.5,4.5,4.5,0
2007-10-24,4.5,4.5,4.5,4.5,4.5,0
2007-10-25,3.799999952316284,3.799999952316284,3.799999952316284,3.799999952316284,3.799999952316284,100
2007-10-26,3.799999952316284,3.799999952316284,3.799999952316284,3.799999952316284,3.799999952316284,0
2007-10-29,4.300000190734863,4.5,4.300000190734863,4.5,4.5,2150
2007-10-30,4.5,4.5,4.5,4.5,4.5,0
2007-10-31,3.799999952316284,3.799999952316284,3.75,3.75,3.75,2250
2007-11-01,4.349999904632568,4.5,4.349999904632568,4.400000095367432,4.400000095367432,5625
2007-11-02,4.400000095367432,4.400000095367432,4.400000095367432,4.400000095367432,4.400000095367432,0
2007-11-05,4.400000095367432,4.400000095367432,4.400000095367432,4.400000095367432,4.400000095367432,0
2007-11-06,4.400000095367432,4.400000095367432,4.400000095367432,4.400000095367432,4.400000095367432,0
2007-11-07,4.400000095367432,4.400000095367432,4.400000095367432,4.400000095367432,4.400000095367432,0
2007-11-08,3.75,3.75,3.75,3.75,3.75,2250
2007-11-09,3.75,3.75,3.75,3.75,3.75,0
2007-11-12,3.799999952316284,3.799999952316284,3.700000047683716,3.700000047683716,3.700000047683716,2000
2007-11-13,3.700000047683716,3.700000047683716,3.5,3.5,3.5,6900
2007-11-14,3.5,3.5,3.5,3.5,3.5,0
2007-11-15,3.5,3.5,3.5,3.5,3.5,0
2007-11-16,3.299999952316284,3.299999952316284,3.200000047683716,3.200000047683716,3.200000047683716,2000
2007-11-19,3.0999999046325684,3.0999999046325684,3.0999999046325684,3.0999999046325684,3.0999999046325684,500
2007-11-20,3.299999952316284,3.299999952316284,3.299999952316284,3.299999952316284,3.299999952316284,75
2007-11-21,3.299999952316284,3.299999952316284,3.299999952316284,3.299999952316284,3.299999952316284,0
2007-11-23,3.299999952316284,3.299999952316284,3.299999952316284,3.299999952316284,3.299999952316284,0
2007-11-26,3.200000047683716,3.5,3.200000047683716,3.5,3.5,4025
2007-11-27,3.5,3.5,3.5,3.5,3.5,0
2007-11-28,3.5,3.5,3.5,3.5,3.5,0
2007-11-29,3.5,3.5,3.5,3.5,3.5,0
2007-11-30,3.200000047683716,3.200000047683716,3.200000047683716,3.200000047683716,3.200000047683716,5700
2007-12-03,3.200000047683716,3.200000047683716,3.200000047683716,3.200000047683716,3.200000047683716,0
2007-12-04,3.200000047683716,3.200000047683716,3.0999999046325684,3.0999999046325684,3.0999999046325684,3000
2007-12-05,3.200000047683716,3.200000047683716,3.200000047683716,3.200000047683716,3.200000047683716,200
2007-12-06,3.200000047683716,3.200000047683716,3.200000047683716,3.200000047683716,3.200000047683716,800
2007-12-07,3.200000047683716,3.200000047683716,3.200000047683716,3.200000047683716,3.200000047683716,0
2007-12-10,3.0999999046325684,3.0999999046325684,3.0999999046325684,3.0999999046325684,3.0999999046325684,1200
2007-12-11,3.0999999046325684,3.0999999046325684,3.0999999046325684,3.0999999046325684,3.0999999046325684,175
2007-12-12,3.0999999046325684,3.0999999046325684,3.0999999046325684,3.0999999046325684,3.0999999046325684,0
2007-12-13,3.0999999046325684,3.0999999046325684,3.0999999046325684,3.0999999046325684,3.0999999046325684,1600
2007-12-14,3.150000095367432,3.150000095367432,3.0999999046325684,3.0999999046325684,3.0999999046325684,5025
2007-12-17,3.0999999046325684,3.0999999046325684,3.0999999046325684,3.0999999046325684,3.0999999046325684,2500
2007-12-18,3.0999999046325684,3.0999999046325684,3.0,3.0,3.0,12000
2007-12-19,2.900000095367432,2.900000095367432,2.900000095367432,2.900000095367432,2.900000095367432,50
2007-12-20,2.900000095367432,2.900000095367432,2.900000095367432,2.900000095367432,2.900000095367432,0
2007-12-21,43.02000045776367,43.02000045776367,43.02000045776367,43.02000045776367,43.02000045776367,180
2007-12-24,2.900000095367432,2.900000095367432,2.900000095367432,2.900000095367432,2.900000095367432,150
2007-12-26,2.900000095367432,2.900000095367432,2.900000095367432,2.900000095367432,2.900000095367432,0
2007-12-27,3.5999999046325684,3.799999952316284,3.400000095367432,3.799999952316284,3.799999952316284,4150
2007-12-28,3.799999952316284,3.799999952316284,3.799999952316284,3.799999952316284,3.799999952316284,8
2007-12-31,3.799999952316284,3.799999952316284,3.799999952316284,3.799999952316284,3.799999952316284,8
2008-01-02,4.150000095367432,4.150000095367432,4.150000095367432,4.150000095367432,4.150000095367432,1000
2008-01-03,4.150000095367432,4.150000095367432,4.150000095367432,4.150000095367432,4.150000095367432,0
2008-01-04,4.150000095367432,4.150000095367432,4.150000095367432,4.150000095367432,4.150000095367432,0
2008-01-07,4.150000095367432,4.150000095367432,4.150000095367432,4.150000095367432,4.150000095367432,0
2008-01-08,3.299999952316284,3.299999952316284,3.25,3.25,3.25,2500
2008-01-09,3.200000047683716,3.25,3.200000047683716,3.200000047683716,3.200000047683716,5000
2008-01-10,3.200000047683716,3.200000047683716,3.200000047683716,3.200000047683716,3.200000047683716,0
2008-01-11,3.200000047683716,3.200000047683716,3.200000047683716,3.200000047683716,3.200000047683716,0
2008-01-14,3.799999952316284,3.799999952316284,3.799999952316284,3.799999952316284,3.799999952316284,1000
2008-01-15,3.799999952316284,3.799999952316284,3.799999952316284,3.799999952316284,3.799999952316284,0
2008-01-16,3.799999952316284,3.799999952316284,3.799999952316284,3.799999952316284,3.799999952316284,0
2008-01-17,3.25,3.25,3.200000047683716,3.200000047683716,3.200000047683716,3000
2008-01-18,2.900000095367432,3.049999952316284,2.900000095367432,3.049999952316284,3.049999952316284,2000
2008-01-22,2.950000047683716,2.950000047683716,2.950000047683716,2.950000047683716,2.950000047683716,0
2008-01-23,2.950000047683716,2.950000047683716,2.950000047683716,2.950000047683716,2.950000047683716,0
2008-01-24,3.0999999046325684,3.0999999046325684,3.0999999046325684,3.0999999046325684,3.0999999046325684,5300
2008-01-25,3.0999999046325684,3.0999999046325684,3.0999999046325684,3.0999999046325684,3.0999999046325684,0
2008-01-28,3.0999999046325684,3.0999999046325684,3.0,3.0,3.0,900
2008-01-29,3.0,3.0,3.0,3.0,3.0,0
2008-01-30,3.0,3.0,3.0,3.0,3.0,0
2008-01-31,3.0,3.0,3.0,3.0,3.0,0
2008-02-01,3.0,3.0,3.0,3.0,3.0,0
2008-02-04,2.900000095367432,2.900000095367432,2.900000095367432,2.900000095367432,2.900000095367432,300
2008-02-05,2.900000095367432,2.900000095367432,2.900000095367432,2.900000095367432,2.900000095367432,250
2008-02-06,2.799999952316284,2.799999952316284,2.799999952316284,2.799999952316284,2.799999952316284,125
2008-02-07,2.799999952316284,2.799999952316284,2.799999952316284,2.799999952316284,2.799999952316284,0
2008-02-08,2.799999952316284,2.799999952316284,2.799999952316284,2.799999952316284,2.799999952316284,0
2008-02-11,2.799999952316284,2.799999952316284,2.799999952316284,2.799999952316284,2.799999952316284,0
2008-02-12,3.0999999046325684,3.0999999046325684,3.0,3.0,3.0,100
2008-02-13,2.900000095367432,2.900000095367432,2.900000095367432,2.900000095367432,2.900000095367432,1000
2008-02-14,2.900000095367432,2.900000095367432,2.900000095367432,2.900000095367432,2.900000095367432,0
2008-02-15,2.900000095367432,2.900000095367432,2.900000095367432,2.900000095367432,2.900000095367432,0
2008-02-19,2.900000095367432,2.900000095367432,2.900000095367432,2.900000095367432,2.900000095367432,0
2008-02-20,3.0,3.0,3.0,3.0,3.0,2500
2008-02-21,3.0,3.0,3.0,3.0,3.0,0
2008-02-22,2.900000095367432,2.900000095367432,2.900000095367432,2.900000095367432,2.900000095367432,800
2008-02-25,46.20000076293945,46.20000076293945,46.20000076293945,46.20000076293945,46.20000076293945,110
2008-02-26,4.0,4.0,4.0,4.0,4.0,2000
2008-02-27,53.0,53.0,53.0,53.0,53.0,10
2008-02-28,4.0,4.0,4.0,4.0,4.0,2000
2008-02-29,4.0,4.0,4.0,4.0,4.0,0
2008-03-03,3.700000047683716,3.700000047683716,3.700000047683716,3.700000047683716,3.700000047683716,200
2008-03-04,3.700000047683716,3.700000047683716,3.700000047683716,3.700000047683716,3.700000047683716,0
2008-03-05,3.700000047683716,3.700000047683716,3.700000047683716,3.700000047683716,3.700000047683716,0
2008-03-06,3.700000047683716,3.700000047683716,3.700000047683716,3.700000047683716,3.700000047683716,0
2008-03-07,3.799999952316284,3.900000095367432,3.799999952316284,3.900000095367432,3.900000095367432,2000
2008-03-10,3.900000095367432,3.900000095367432,3.900000095367432,3.900000095367432,3.900000095367432,0
2008-03-11,3.900000095367432,3.900000095367432,3.900000095367432,3.900000095367432,3.900000095367432,0
2008-03-12,3.900000095367432,3.900000095367432,3.5999999046325684,3.5999999046325684,3.5999999046325684,4175
2008-03-13,3.5999999046325684,3.700000047683716,3.0,3.0,3.0,6200
2008-03-14,3.5,3.5,3.200000047683716,3.200000047683716,3.200000047683716,8000
2008-03-17,3.200000047683716,3.200000047683716,3.200000047683716,3.200000047683716,3.200000047683716,75
2008-03-18,40.0,40.0,40.0,40.0,40.0,70
2008-03-19,3.200000047683716,3.200000047683716,3.200000047683716,3.200000047683716,3.200000047683716,225
2008-03-20,35.09000015258789,35.09000015258789,35.09000015258789,35.09000015258789,35.09000015258789,40
2008-03-24,3.3499999046325684,3.3499999046325684,3.3499999046325684,3.3499999046325684,3.3499999046325684,0
2008-03-25,3.400000095367432,3.400000095367432,3.400000095367432,3.400000095367432,3.400000095367432,0
2008-03-26,3.400000095367432,3.400000095367432,3.400000095367432,3.400000095367432,3.400000095367432,0
2008-03-27,3.3499999046325684,3.3499999046325684,3.3499999046325684,3.3499999046325684,3.3499999046325684,0
2008-03-28,3.400000095367432,3.400000095367432,3.400000095367432,3.400000095367432,3.400000095367432,850
2008-03-31,3.400000095367432,3.400000095367432,3.400000095367432,3.400000095367432,3.400000095367432,0
2008-04-01,3.3499999046325684,3.3499999046325684,3.299999952316284,3.299999952316284,3.299999952316284,6650
2008-04-02,3.299999952316284,3.299999952316284,3.299999952316284,3.299999952316284,3.299999952316284,0
2008-04-03,3.299999952316284,3.299999952316284,3.299999952316284,3.299999952316284,3.299999952316284,0
2008-04-04,3.200000047683716,3.200000047683716,3.200000047683716,3.200000047683716,3.200000047683716,1500
2008-04-07,3.200000047683716,3.200000047683716,3.200000047683716,3.200000047683716,3.200000047683716,0
2008-04-08,3.0,3.0,3.0,3.0,3.0,4500
2008-04-09,3.0,3.0,3.0,3.0,3.0,0
2008-04-10,3.0,3.0,3.0,3.0,3.0,0
2008-04-11,3.0999999046325684,3.0999999046325684,3.0,3.0,3.0,3000
2008-04-14,3.0,3.0,3.0,3.0,3.0,500
2008-04-15,3.0,3.0,3.0,3.0,3.0,1500
2008-04-16,3.049999952316284,3.400000095367432,3.049999952316284,3.400000095367432,3.400000095367432,3150
2008-04-17,3.400000095367432,3.400000095367432,3.400000095367432,3.400000095367432,3.400000095367432,0
2008-04-18,3.150000095367432,3.150000095367432,3.150000095367432,3.150000095367432,3.150000095367432,750
2008-04-21,3.150000095367432,3.150000095367432,3.150000095367432,3.150000095367432,3.150000095367432,0
2008-04-22,3.150000095367432,3.150000095367432,3.150000095367432,3.150000095367432,3.150000095367432,0
2008-04-23,3.150000095367432,3.150000095367432,3.150000095367432,3.150000095367432,3.150000095367432,500
2008-04-24,3.150000095367432,3.150000095367432,3.150000095367432,3.150000095367432,3.150000095367432,0
2008-04-25,46.040000915527344,46.040000915527344,46.040000915527344,46.040000915527344,46.040000915527344,50
2008-04-28,47.380001068115234,47.380001068115234,47.380001068115234,47.380001068115234,47.380001068115234,58
2008-04-29,3.0,3.0,3.0,3.0,3.0,0
2008-04-30,3.0,3.0,3.0,3.0,3.0,0
2008-05-01,3.0,3.0,3.0,3.0,3.0,0
2008-05-02,3.0,3.0,3.0,3.0,3.0,0
2008-05-05,3.0,3.0,3.0,3.0,3.0,0
2008-05-06,3.0,3.0,3.0,3.0,3.0,0
2008-05-07,2.8499999046325684,2.8499999046325684,2.8499999046325684,2.8499999046325684,2.8499999046325684,1000
2008-05-08,2.8499999046325684,2.8499999046325684,2.8499999046325684,2.8499999046325684,2.8499999046325684,0
2008-05-09,2.8499999046325684,2.8499999046325684,2.8499999046325684,2.8499999046325684,2.8499999046325684,0
2008-05-12,2.8499999046325684,2.8499999046325684,2.8499999046325684,2.8499999046325684,2.8499999046325684,0
2008-05-13,2.950000047683716,2.950000047683716,2.950000047683716,2.950000047683716,2.950000047683716,150
2008-05-14,3.5,3.700000047683716,3.0999999046325684,3.5,3.5,10500
2008-05-15,3.5,4.199999809265137,3.5,3.700000047683716,3.700000047683716,8750
2008-05-16,4.400000095367432,4.599999904632568,4.0,4.599999904632568,4.599999904632568,16200
2008-05-19,4.599999904632568,4.599999904632568,4.599999904632568,4.599999904632568,4.599999904632568,0
2008-05-20,4.099999904632568,4.099999904632568,4.099999904632568,4.099999904632568,4.099999904632568,2000
2008-05-21,3.700000047683716,3.700000047683716,3.700000047683716,3.700000047683716,3.700000047683716,1000
2008-05-22,45.59000015258789,45.59000015258789,45.59000015258789,45.59000015258789,45.59000015258789,50
2008-05-23,3.700000047683716,3.700000047683716,3.700000047683716,3.700000047683716,3.700000047683716,0
2008-05-27,3.5999999046325684,3.5999999046325684,3.5999999046325684,3.5999999046325684,3.5999999046325684,1000
2008-05-28,3.799999952316284,4.5,3.799999952316284,4.5,4.5,5850
2008-05-29,4.0,4.599999904632568,4.0,4.599999904632568,4.599999904632568,2200
2008-05-30,4.650000095367432,5.0,4.650000095367432,4.800000190734863,4.800000190734863,25100
2008-06-02,5.199999809265137,5.199999809265137,5.199999809265137,5.199999809265137,5.199999809265137,300
2008-06-03,4.699999809265137,4.699999809265137,4.699999809265137,4.699999809265137,4.699999809265137,775
2008-06-04,4.599999904632568,4.599999904632568,4.599999904632568,4.599999904632568,4.599999904632568,500
2008-06-05,4.849999904632568,5.800000190734863,4.849999904632568,5.5,5.5,36765
2008-06-06,5.5,5.699999809265137,5.5,5.699999809265137,5.699999809265137,1225
2008-06-09,5.099999904632568,5.099999904632568,5.0,5.0,5.0,5000
2008-06-10,5.0,5.0,5.0,5.0,5.0,0
2008-06-11,4.800000190734863,4.800000190734863,4.800000190734863,4.800000190734863,4.800000190734863,200
2008-06-12,4.800000190734863,4.800000190734863,4.800000190734863,4.800000190734863,4.800000190734863,300
2008-06-13,4.800000190734863,5.5,4.699999809265137,5.5,5.5,11100
2008-06-16,5.099999904632568,5.099999904632568,5.0,5.0,5.0,2500
2008-06-17,5.0,5.0,5.0,5.0,5.0,800
2008-06-18,5.199999809265137,5.599999904632568,5.199999809265137,5.599999904632568,5.599999904632568,3500
2008-06-19,36.0,36.0,36.0,36.0,36.0,7
2008-06-20,5.599999904632568,5.599999904632568,5.599999904632568,5.599999904632568,5.599999904632568,0
2008-06-23,5.599999904632568,5.599999904632568,5.599999904632568,5.599999904632568,5.599999904632568,0
2008-06-24,5.599999904632568,5.599999904632568,5.599999904632568,5.599999904632568,5.599999904632568,0
2008-06-25,5.0,5.0,5.0,5.0,5.0,8200
2008-06-26,4.699999809265137,4.699999809265137,4.550000190734863,4.550000190734863,4.550000190734863,1800
2008-06-27,4.5,4.5,4.5,4.5,4.5,2000
2008-06-30,4.5,4.5,4.5,4.5,4.5,2000
2008-07-01,4.5,4.5,4.5,4.5,4.5,0
2008-07-02,4.5,4.5,4.5,4.5,4.5,0
2008-07-03,4.5,4.5,4.5,4.5,4.5,0
2008-07-07,4.0,4.0,3.900000095367432,4.0,4.0,6000
2008-07-08,4.0,4.0,4.0,4.0,4.0,0
2008-07-09,31.01000022888184,31.01000022888184,31.01000022888184,31.01000022888184,31.01000022888184,6
2008-07-10,4.75,4.949999809265137,4.75,4.949999809265137,4.949999809265137,4000
2008-07-11,4.099999904632568,4.599999904632568,4.099999904632568,4.300000190734863,4.300000190734863,3450
2008-07-14,4.199999809265137,4.199999809265137,4.199999809265137,4.199999809265137,4.199999809265137,1000
2008-07-15,4.199999809265137,4.199999809265137,4.199999809265137,4.199999809265137,4.199999809265137,0
2008-07-16,4.199999809265137,4.199999809265137,4.199999809265137,4.199999809265137,4.199999809265137,0
2008-07-17,4.0,4.0,3.849999904632568,3.900000095367432,3.900000095367432,2650
2008-07-18,3.900000095367432,3.900000095367432,3.900000095367432,3.900000095367432,3.900000095367432,0
2008-07-21,4.0,4.0,4.0,4.0,4.0,750
2008-07-22,4.0,4.0,3.700000047683716,3.700000047683716,3.700000047683716,7050
2008-07-23,29.0,29.0,29.0,29.0,29.0,25
2008-07-24,3.3499999046325684,3.3499999046325684,3.3499999046325684,3.3499999046325684,3.3499999046325684,5000
2008-07-25,3.3499999046325684,3.3499999046325684,3.3499999046325684,3.3499999046325684,3.3499999046325684,0
2008-07-28,3.900000095367432,3.900000095367432,3.900000095367432,3.900000095367432,3.900000095367432,625
2008-07-29,3.799999952316284,3.799999952316284,3.799999952316284,3.799999952316284,3.799999952316284,1500
2008-07-30,4.0,4.800000190734863,4.0,4.800000190734863,4.800000190734863,15650
2008-07-31,4.5,4.5,4.5,4.5,4.5,2750
2008-08-01,4.699999809265137,4.900000095367432,4.699999809265137,4.900000095367432,4.900000095367432,3950
2008-08-04,4.900000095367432,4.900000095367432,4.900000095367432,4.900000095367432,4.900000095367432,0
2008-08-05,4.599999904632568,4.599999904632568,4.150000095367432,4.150000095367432,4.150000095367432,4150
2008-08-06,4.150000095367432,4.150000095367432,4.150000095367432,4.150000095367432,4.150000095367432,0
2008-08-07,4.150000095367432,4.150000095367432,4.150000095367432,4.150000095367432,4.150000095367432,0
2008-08-08,4.150000095367432,4.150000095367432,4.150000095367432,4.150000095367432,4.150000095367432,0
2008-08-11,4.199999809265137,4.199999809265137,4.0,4.0,4.0,8900
2008-08-12,4.0,4.0,4.0,4.0,4.0,0
2008-08-13,4.0,4.0,4.0,4.0,4.0,0
2008-08-14,3.900000095367432,3.900000095367432,3.900000095367432,3.900000095367432,3.900000095367432,2000
2008-08-15,3.900000095367432,3.900000095367432,3.900000095367432,3.900000095367432,3.900000095367432,0
2008-08-18,3.549999952316284,3.549999952316284,3.5,3.5,3.5,5000
2008-08-19,3.5,3.5,3.5,3.5,3.5,0
2008-08-20,3.5,3.5,3.5,3.5,3.5,0
2008-08-21,3.5,3.5,3.5,3.5,3.5,0
2008-08-22,3.5,3.5,3.5,3.5,3.5,0
2008-08-25,3.5,3.5,3.5,3.5,3.5,500
2008-08-26,3.5,3.5,3.5,3.5,3.5,0
2008-08-27,3.400000095367432,3.400000095367432,3.400000095367432,3.400000095367432,3.400000095367432,2000
2008-08-28,3.400000095367432,3.400000095367432,3.400000095367432,3.400000095367432,3.400000095367432,0
2008-08-29,3.400000095367432,3.400000095367432,3.400000095367432,3.400000095367432,3.400000095367432,0
2008-09-02,3.400000095367432,3.400000095367432,3.400000095367432,3.400000095367432,3.400000095367432,0
2008-09-03,3.400000095367432,3.400000095367432,3.400000095367432,3.400000095367432,3.400000095367432,0
2008-09-04,3.400000095367432,3.400000095367432,3.400000095367432,3.400000095367432,3.400000095367432,3000
2008-09-05,29.989999771118164,29.989999771118164,29.989999771118164,29.989999771118164,29.989999771118164,42
2008-09-08,3.400000095367432,3.400000095367432,3.400000095367432,3.400000095367432,3.400000095367432,2000
2008-09-09,3.400000095367432,3.400000095367432,3.150000095367432,3.150000095367432,3.150000095367432,4500
2008-09-10,3.150000095367432,3.150000095367432,3.150000095367432,3.150000095367432,3.150000095367432,2100
2008-09-11,2.799999952316284,2.799999952316284,2.799999952316284,2.799999952316284,2.799999952316284,50
2008-09-12,2.799999952316284,2.799999952316284,2.799999952316284,2.799999952316284,2.799999952316284,0
2008-09-15,2.799999952316284,2.799999952316284,2.799999952316284,2.799999952316284,2.799999952316284,0
2008-09-16,2.799999952316284,2.799999952316284,2.799999952316284,2.799999952316284,2.799999952316284,0
2008-09-17,2.5,2.5,2.5,2.5,2.5,3300
2008-09-18,2.5,2.5,2.5,2.5,2.5,0
2008-09-19,2.5,2.5,2.5,2.5,2.5,0
2008-09-22,2.5,2.5,2.5,2.5,2.5,0
2008-09-23,2.5,2.5,2.5,2.5,2.5,0
2008-09-24,2.549999952316284,2.549999952316284,2.549999952316284,2.549999952316284,2.549999952316284,3000
2008-09-25,2.5999999046325684,2.5999999046325684,2.5999999046325684,2.5999999046325684,2.5999999046325684,150
2008-09-26,2.5999999046325684,2.5999999046325684,2.5999999046325684,2.5999999046325684,2.5999999046325684,1000
2008-09-29,2.5,2.5,2.5,2.5,2.5,2000
2008-09-30,2.5,2.5,2.5,2.5,2.5,0
2008-10-01,2.049999952316284,2.049999952316284,1.7999999523162842,1.7999999523162842,1.7999999523162842,4650
2008-10-02,1.7999999523162842,1.7999999523162842,1.7999999523162842,1.7999999523162842,1.7999999523162842,0
2008-10-03,1.7999999523162842,1.7999999523162842,1.7999999523162842,1.7999999523162842,1.7999999523162842,0
2008-10-06,1.7999999523162842,2.0,1.7999999523162842,2.0,2.0,5000
2008-10-07,2.0,2.0,2.0,2.0,2.0,0
2008-10-08,1.7999999523162842,1.7999999523162842,1.7999999523162842,1.7999999523162842,1.7999999523162842,2950
2008-10-09,1.7999999523162842,1.7999999523162842,1.7999999523162842,1.7999999523162842,1.7999999523162842,1050
2008-10-10,1.7999999523162842,1.7999999523162842,1.7999999523162842,1.7999999523162842,1.7999999523162842,0
2008-10-13,1.7999999523162842,1.7999999523162842,1.7999999523162842,1.7999999523162842,1.7999999523162842,0
2008-10-14,1.7999999523162842,1.7999999523162842,1.7999999523162842,1.7999999523162842,1.7999999523162842,1200
2008-10-15,1.7999999523162842,1.7999999523162842,1.7000000476837158,1.7000000476837158,1.7000000476837158,4300
2008-10-16,1.7000000476837158,1.7000000476837158,1.7000000476837158,1.7000000476837158,1.7000000476837158,0
2008-10-17,1.7999999523162842,1.7999999523162842,1.5499999523162842,1.5499999523162842,1.5499999523162842,2150
2008-10-20,1.5499999523162842,1.5499999523162842,1.5499999523162842,1.5499999523162842,1.5499999523162842,0
2008-10-21,1.4500000476837158,1.4500000476837158,1.100000023841858,1.100000023841858,1.100000023841858,4000
2008-10-22,1.4500000476837158,1.4500000476837158,1.100000023841858,1.100000023841858,1.100000023841858,4000
2008-10-23,1.2999999523162842,1.2999999523162842,1.2999999523162842,1.2999999523162842,1.2999999523162842,1750
2008-10-24,1.2000000476837158,1.2000000476837158,1.2000000476837158,1.2000000476837158,1.2000000476837158,1000
2008-10-27,1.2000000476837158,1.2000000476837158,1.2000000476837158,1.2000000476837158,1.2000000476837158,0
2008-10-28,1.2000000476837158,1.2000000476837158,1.2000000476837158,1.2000000476837158,1.2000000476837158,0
2008-10-29,1.2000000476837158,1.2000000476837158,1.2000000476837158,1.2000000476837158,1.2000000476837158,0
2008-10-30,1.5,1.7000000476837158,1.5,1.7000000476837158,1.7000000476837158,5500
2008-10-31,1.7000000476837158,1.7000000476837158,1.7000000476837158,1.7000000476837158,1.7000000476837158,0
2008-11-03,13.670000076293944,13.670000076293944,13.670000076293944,13.670000076293944,13.670000076293944,120
2008-11-04,1.5499999523162842,2.0,1.5,2.0,2.0,10800
2008-11-05,2.0,2.0,2.0,2.0,2.0,0
2008-11-06,2.799999952316284,2.799999952316284,2.799999952316284,2.799999952316284,2.799999952316284,500
2008-11-07,2.799999952316284,2.799999952316284,2.799999952316284,2.799999952316284,2.799999952316284,0
2008-11-10,2.799999952316284,2.799999952316284,2.799999952316284,2.799999952316284,2.799999952316284,0
2008-11-11,2.0,2.0,2.0,2.0,2.0,2500
2008-11-12,2.0,2.0,2.0,2.0,2.0,0
2008-11-13,1.5499999523162842,1.5499999523162842,1.5499999523162842,1.5499999523162842,1.5499999523162842,250
2008-11-14,10.600000381469728,10.600000381469728,10.600000381469728,10.600000381469728,10.600000381469728,700
2008-11-17,10.949999809265137,10.949999809265137,10.949999809265137,10.949999809265137,10.949999809265137,300
2008-11-18,10.989999771118164,10.989999771118164,10.989999771118164,10.989999771118164,10.989999771118164,700
2008-11-19,1.600000023841858,1.600000023841858,1.600000023841858,1.600000023841858,1.600000023841858,0
2008-11-20,1.600000023841858,1.600000023841858,1.2999999523162842,1.2999999523162842,1.2999999523162842,15500
2008-11-21,1.100000023841858,1.25,0.8999999761581421,1.25,1.25,18017
2008-11-24,8.039999961853027,8.039999961853027,8.039999961853027,8.039999961853027,8.039999961853027,150
2008-11-25,1.100000023841858,1.100000023841858,1.100000023841858,1.100000023841858,1.100000023841858,0
2008-11-26,1.100000023841858,1.100000023841858,1.100000023841858,1.100000023841858,1.100000023841858,0
2008-11-28,1.100000023841858,1.100000023841858,1.100000023841858,1.100000023841858,1.100000023841858,0
2008-12-01,1.2000000476837158,1.2000000476837158,1.2000000476837158,1.2000000476837158,1.2000000476837158,106
2008-12-02,1.2000000476837158,1.2000000476837158,1.2000000476837158,1.2000000476837158,1.2000000476837158,0
2008-12-03,1.2000000476837158,1.2000000476837158,1.2000000476837158,1.2000000476837158,1.2000000476837158,900
2008-12-04,1.2000000476837158,1.2000000476837158,1.2000000476837158,1.2000000476837158,1.2000000476837158,0
2008-12-05,1.100000023841858,1.4500000476837158,1.100000023841858,1.4500000476837158,1.4500000476837158,1700
2008-12-08,1.4500000476837158,1.4500000476837158,1.4500000476837158,1.4500000476837158,1.4500000476837158,0
2008-12-09,1.4500000476837158,1.4500000476837158,1.4500000476837158,1.4500000476837158,1.4500000476837158,0
2008-12-10,13.470000267028809,13.470000267028809,13.470000267028809,13.470000267028809,13.470000267028809,55
2008-12-11,1.0499999523162842,1.0499999523162842,1.0499999523162842,1.0499999523162842,1.0499999523162842,400
2008-12-12,1.0499999523162842,1.0499999523162842,1.0499999523162842,1.0499999523162842,1.0499999523162842,6750
2008-12-15,1.0499999523162842,1.0499999523162842,1.0499999523162842,1.0499999523162842,1.0499999523162842,0
2008-12-16,1.5,1.5,1.5,1.5,1.5,500
2008-12-17,1.5,1.5,1.5,1.5,1.5,0
2008-12-18,1.0499999523162842,1.100000023841858,1.0499999523162842,1.100000023841858,1.100000023841858,5110
2008-12-19,1.100000023841858,1.100000023841858,1.100000023841858,1.100000023841858,1.100000023841858,100
2008-12-22,1.100000023841858,1.100000023841858,1.100000023841858,1.100000023841858,1.100000023841858,0
2008-12-23,1.100000023841858,1.100000023841858,1.100000023841858,1.100000023841858,1.100000023841858,0
2008-12-24,1.149999976158142,1.149999976158142,1.0499999523162842,1.100000023841858,1.100000023841858,44400
2008-12-26,1.100000023841858,1.100000023841858,1.100000023841858,1.100000023841858,1.100000023841858,0
2008-12-29,1.100000023841858,1.100000023841858,1.100000023841858,1.100000023841858,1.100000023841858,0
2008-12-30,1.100000023841858,1.100000023841858,1.100000023841858,1.100000023841858,1.100000023841858,0
2008-12-31,1.100000023841858,1.100000023841858,1.100000023841858,1.100000023841858,1.100000023841858,0
2009-01-02,1.100000023841858,1.100000023841858,1.100000023841858,1.100000023841858,1.100000023841858,0
2009-01-05,1.5,1.7999999523162842,1.5,1.7999999523162842,1.7999999523162842,3750
2009-01-06,1.7999999523162842,1.7999999523162842,1.7999999523162842,1.7999999523162842,1.7999999523162842,5000
2009-01-07,1.7999999523162842,1.7999999523162842,1.7999999523162842,1.7999999523162842,1.7999999523162842,0
2009-01-08,1.7999999523162842,1.7999999523162842,1.7999999523162842,1.7999999523162842,1.7999999523162842,0
2009-01-09,1.899999976158142,1.899999976158142,1.899999976158142,1.899999976158142,1.899999976158142,2300
2009-01-12,1.899999976158142,1.899999976158142,1.75,1.7999999523162842,1.7999999523162842,4000
2009-01-13,1.7999999523162842,1.7999999523162842,1.7999999523162842,1.7999999523162842,1.7999999523162842,0
2009-01-14,1.7000000476837158,1.7000000476837158,1.649999976158142,1.649999976158142,1.649999976158142,5000
2009-01-15,1.7000000476837158,1.7000000476837158,1.7000000476837158,1.7000000476837158,1.7000000476837158,2000
2009-01-16,1.649999976158142,1.649999976158142,1.649999976158142,1.649999976158142,1.649999976158142,200
2009-01-20,1.649999976158142,1.649999976158142,1.649999976158142,1.649999976158142,1.649999976158142,0
2009-01-21,1.649999976158142,1.649999976158142,1.649999976158142,1.649999976158142,1.649999976158142,0
2009-01-22,1.600000023841858,1.600000023841858,1.600000023841858,1.600000023841858,1.600000023841858,250
2009-01-23,1.600000023841858,1.600000023841858,1.600000023841858,1.600000023841858,1.600000023841858,0
2009-01-26,1.600000023841858,1.600000023841858,1.600000023841858,1.600000023841858,1.600000023841858,0
2009-01-27,2.0999999046325684,2.0999999046325684,1.7000000476837158,1.7000000476837158,1.7000000476837158,900
2009-01-28,1.7000000476837158,1.7000000476837158,1.7000000476837158,1.7000000476837158,1.7000000476837158,0
2009-01-29,1.7000000476837158,1.7000000476837158,1.7000000476837158,1.7000000476837158,1.7000000476837158,0
2009-01-30,1.7999999523162842,1.899999976158142,1.7999999523162842,1.899999976158142,1.899999976158142,1100
2009-02-02,1.899999976158142,1.899999976158142,1.899999976158142,1.899999976158142,1.899999976158142,0
2009-02-03,1.899999976158142,1.899999976158142,1.899999976158142,1.899999976158142,1.899999976158142,0
2009-02-04,1.899999976158142,1.899999976158142,1.899999976158142,1.899999976158142,1.899999976158142,0
2009-02-05,2.299999952316284,2.8499999046325684,2.299999952316284,2.75,2.75,6900
2009-02-06,2.5,3.0,2.5,2.799999952316284,2.799999952316284,6000
2009-02-09,2.5,2.5,2.400000095367432,2.400000095367432,2.400000095367432,3600
2009-02-10,2.3499999046325684,2.3499999046325684,2.3499999046325684,2.3499999046325684,2.3499999046325684,2000
2009-02-11,2.3499999046325684,2.3499999046325684,2.3499999046325684,2.3499999046325684,2.3499999046325684,0
2009-02-12,2.3499999046325684,2.3499999046325684,2.3499999046325684,2.3499999046325684,2.3499999046325684,3025
2009-02-13,2.3499999046325684,2.3499999046325684,2.3499999046325684,2.3499999046325684,2.3499999046325684,0
2009-02-17,2.3499999046325684,2.3499999046325684,2.3499999046325684,2.3499999046325684,2.3499999046325684,0
2009-02-18,2.3499999046325684,2.3499999046325684,2.3499999046325684,2.3499999046325684,2.3499999046325684,0
2009-02-19,2.3499999046325684,2.3499999046325684,2.3499999046325684,2.3499999046325684,2.3499999046325684,0
2009-02-20,2.3499999046325684,2.3499999046325684,2.3499999046325684,2.3499999046325684,2.3499999046325684,0
2009-02-23,2.3499999046325684,2.3499999046325684,2.3499999046325684,2.3499999046325684,2.3499999046325684,0
2009-02-24,2.0999999046325684,2.0999999046325684,2.0,2.049999952316284,2.049999952316284,3500
2009-02-25,2.0,2.0,2.0,2.0,2.0,1000
2009-02-26,2.0,2.0,2.0,2.0,2.0,500
2009-02-27,1.899999976158142,2.299999952316284,1.899999976158142,2.299999952316284,2.299999952316284,4900
2009-03-02,1.899999976158142,1.899999976158142,1.7999999523162842,1.7999999523162842,1.7999999523162842,9500
2009-03-03,1.950000047683716,1.950000047683716,1.950000047683716,1.950000047683716,1.950000047683716,2000
2009-03-04,2.400000095367432,2.5999999046325684,2.400000095367432,2.5999999046325684,2.5999999046325684,5950
2009-03-05,2.5999999046325684,3.400000095367432,2.5999999046325684,3.200000047683716,3.200000047683716,7750
2009-03-06,2.549999952316284,3.5,2.549999952316284,3.5,3.5,2140
2009-03-09,2.25,2.25,2.25,2.25,2.25,100
2009-03-10,3.25,4.0,3.25,3.5,3.5,16200
2009-03-11,3.700000047683716,3.700000047683716,3.700000047683716,3.700000047683716,3.700000047683716,500
2009-03-12,3.700000047683716,3.900000095367432,3.700000047683716,3.900000095367432,3.900000095367432,2100
2009-03-13,3.900000095367432,4.0,3.900000095367432,4.0,4.0,750
2009-03-16,4.0,4.0,4.0,4.0,4.0,0
2009-03-17,4.0,4.0,4.0,4.0,4.0,0
2009-03-18,4.0,4.0,4.0,4.0,4.0,0
2009-03-19,4.0,4.199999809265137,4.0,4.099999904632568,4.099999904632568,2750
2009-03-20,4.099999904632568,4.900000095367432,4.0,4.900000095367432,4.900000095367432,10950
2009-03-23,4.900000095367432,5.199999809265137,4.400000095367432,5.0,5.0,4200
2009-03-24,5.0,5.0,4.650000095367432,4.699999809265137,4.699999809265137,4500
2009-03-25,5.0,5.0,4.099999904632568,4.699999809265137,4.699999809265137,10650
2009-03-26,4.5,4.900000095367432,4.5,4.900000095367432,4.900000095367432,1000
2009-03-27,4.900000095367432,4.900000095367432,4.900000095367432,4.900000095367432,4.900000095367432,0
2009-03-30,4.900000095367432,4.900000095367432,4.900000095367432,4.900000095367432,4.900000095367432,0
2009-03-31,4.0,4.0,4.0,4.0,4.0,1500
2009-04-01,4.0,4.0,4.0,4.0,4.0,500
2009-04-02,4.0,4.0,4.0,4.0,4.0,500
2009-04-03,3.400000095367432,4.099999904632568,3.400000095367432,4.099999904632568,4.099999904632568,7050
2009-04-06,3.450000047683716,3.450000047683716,3.299999952316284,3.299999952316284,3.299999952316284,2800
2009-04-07,3.299999952316284,3.299999952316284,3.299999952316284,3.299999952316284,3.299999952316284,0
2009-04-08,3.299999952316284,3.299999952316284,3.299999952316284,3.299999952316284,3.299999952316284,0
2009-04-09,4.199999809265137,4.650000095367432,3.5,4.400000095367432,4.400000095367432,5950
2009-04-13,4.400000095367432,4.5,4.400000095367432,4.400000095367432,4.400000095367432,2800
2009-04-14,4.400000095367432,4.400000095367432,4.400000095367432,4.400000095367432,4.400000095367432,0
2009-04-15,4.0,4.0,4.0,4.0,4.0,500
2009-04-16,4.5,4.5,4.199999809265137,4.199999809265137,4.199999809265137,2500
2009-04-17,4.400000095367432,4.699999809265137,4.400000095367432,4.5,4.5,2750
2009-04-20,4.75,4.800000190734863,4.75,4.800000190734863,4.800000190734863,1000
2009-04-21,4.800000190734863,4.800000190734863,4.800000190734863,4.800000190734863,4.800000190734863,0
2009-04-22,4.800000190734863,4.800000190734863,4.800000190734863,4.800000190734863,4.800000190734863,0
2009-04-23,3.700000047683716,3.700000047683716,3.700000047683716,3.700000047683716,3.700000047683716,1000
2009-04-24,3.700000047683716,3.700000047683716,3.700000047683716,3.700000047683716,3.700000047683716,0
2009-04-27,3.700000047683716,3.700000047683716,3.650000095367432,3.650000095367432,3.650000095367432,1000
2009-04-28,3.400000095367432,3.700000047683716,3.3499999046325684,3.700000047683716,3.700000047683716,2500
2009-04-29,4.0,4.0,4.0,4.0,4.0,600
2009-04-30,4.0,4.0,4.0,4.0,4.0,0
2009-05-01,4.0,4.0,4.0,4.0,4.0,0
2009-05-04,4.0,4.25,4.0,4.150000095367432,4.150000095367432,2950
2009-05-05,4.300000190734863,5.0,4.300000190734863,5.0,5.0,6300
2009-05-06,5.0,5.5,5.0,5.5,5.5,7850
2009-05-07,5.5,5.5,5.0,5.0,5.0,2550
2009-05-08,5.5,5.5,5.0,5.0,5.0,650
2009-05-11,4.5,4.5,4.099999904632568,4.099999904632568,4.099999904632568,2000
2009-05-12,4.5,4.5,4.5,4.5,4.5,1000
2009-05-13,4.5,4.5,4.5,4.5,4.5,0
2009-05-14,4.150000095367432,4.150000095367432,4.099999904632568,4.099999904632568,4.099999904632568,800
2009-05-15,4.150000095367432,4.150000095367432,4.150000095367432,4.150000095367432,4.150000095367432,600
2009-05-18,4.150000095367432,4.150000095367432,4.150000095367432,4.150000095367432,4.150000095367432,0
2009-05-19,4.5,4.5,4.5,4.5,4.5,1000
2009-05-20,4.5,4.5,4.5,4.5,4.5,0
2009-05-21,4.5,4.5,4.5,4.5,4.5,1000
2009-05-22,4.300000190734863,4.300000190734863,4.300000190734863,4.300000190734863,4.300000190734863,200
2009-05-26,4.099999904632568,4.099999904632568,4.099999904632568,4.099999904632568,4.099999904632568,250
2009-05-27,4.099999904632568,4.099999904632568,4.099999904632568,4.099999904632568,4.099999904632568,0
2009-05-28,4.099999904632568,4.099999904632568,4.099999904632568,4.099999904632568,4.099999904632568,1000
2009-05-29,4.099999904632568,4.099999904632568,4.099999904632568,4.099999904632568,4.099999904632568,0
2009-06-01,4.099999904632568,4.099999904632568,4.099999904632568,4.099999904632568,4.099999904632568,0
2009-06-02,4.050000190734863,4.050000190734863,4.050000190734863,4.050000190734863,4.050000190734863,2000
2009-06-03,4.050000190734863,4.050000190734863,4.050000190734863,4.050000190734863,4.050000190734863,0
2009-06-04,4.050000190734863,4.050000190734863,4.050000190734863,4.050000190734863,4.050000190734863,1000
2009-06-05,4.849999904632568,4.849999904632568,4.099999904632568,4.099999904632568,4.099999904632568,2000
2009-06-08,4.599999904632568,4.650000095367432,4.599999904632568,4.650000095367432,4.650000095367432,1000
2009-06-09,4.699999809265137,4.75,4.099999904632568,4.099999904632568,4.099999904632568,3000
2009-06-10,4.699999809265137,4.75,4.699999809265137,4.75,4.75,1000
2009-06-11,4.300000190734863,4.300000190734863,4.300000190734863,4.300000190734863,4.300000190734863,250
2009-06-12,4.300000190734863,4.300000190734863,4.25,4.25,4.25,1000
2009-06-15,4.300000190734863,4.300000190734863,4.150000095367432,4.150000095367432,4.150000095367432,4700
2009-06-16,4.099999904632568,4.099999904632568,4.099999904632568,4.099999904632568,4.099999904632568,2300
2009-06-17,4.050000190734863,4.050000190734863,4.050000190734863,4.050000190734863,4.050000190734863,550
2009-06-18,4.050000190734863,4.050000190734863,4.050000190734863,4.050000190734863,4.050000190734863,0
2009-06-19,4.5,5.0,4.5,5.0,5.0,9850
2009-06-22,4.25,4.25,4.199999809265137,4.199999809265137,4.199999809265137,1000
2009-06-23,4.199999809265137,5.0,4.199999809265137,5.0,5.0,5100
2009-06-24,4.349999904632568,4.349999904632568,4.300000190734863,4.300000190734863,4.300000190734863,2000
2009-06-25,4.300000190734863,4.300000190734863,4.300000190734863,4.300000190734863,4.300000190734863,0
2009-06-26,4.300000190734863,4.300000190734863,4.300000190734863,4.300000190734863,4.300000190734863,0
2009-06-29,4.300000190734863,4.300000190734863,4.150000095367432,4.150000095367432,4.150000095367432,3000
2009-06-30,4.300000190734863,4.75,4.300000190734863,4.75,4.75,3000
2009-07-01,4.75,4.75,4.75,4.75,4.75,0
2009-07-02,4.75,4.75,4.75,4.75,4.75,0
2009-07-06,5.0,5.0,5.0,5.0,5.0,500
2009-07-07,5.0,5.300000190734863,5.0,5.300000190734863,5.300000190734863,1000
2009-07-08,5.0,5.0,4.800000190734863,4.800000190734863,4.800000190734863,3750
2009-07-09,5.099999904632568,5.099999904632568,5.099999904632568,5.099999904632568,5.099999904632568,500
2009-07-10,5.199999809265137,5.699999809265137,5.199999809265137,5.5,5.5,5000
2009-07-13,5.800000190734863,5.800000190734863,5.0,5.800000190734863,5.800000190734863,2350
2009-07-14,5.800000190734863,5.800000190734863,5.800000190734863,5.800000190734863,5.800000190734863,0
2009-07-15,5.800000190734863,5.800000190734863,5.800000190734863,5.800000190734863,5.800000190734863,0
2009-07-16,5.699999809265137,5.699999809265137,5.699999809265137,5.699999809265137,5.699999809265137,500
2009-07-17,5.699999809265137,5.699999809265137,5.699999809265137,5.699999809265137,5.699999809265137,0
2009-07-20,5.0,5.0,5.0,5.0,5.0,500
2009-07-21,5.199999809265137,5.199999809265137,5.0,5.0,5.0,2000
2009-07-22,4.5,4.5,4.5,4.5,4.5,200
2009-07-23,4.5,5.199999809265137,4.5,5.199999809265137,5.199999809265137,1250
2009-07-24,5.199999809265137,5.199999809265137,5.199999809265137,5.199999809265137,5.199999809265137,0
2009-07-27,5.400000095367432,5.400000095367432,5.400000095367432,5.400000095367432,5.400000095367432,2000
2009-07-28,4.949999809265137,4.949999809265137,4.949999809265137,4.949999809265137,4.949999809265137,800
2009-07-29,4.949999809265137,4.949999809265137,4.949999809265137,4.949999809265137,4.949999809265137,0
2009-07-30,5.0,5.199999809265137,4.900000095367432,5.0,5.0,4500
2009-07-31,5.599999904632568,6.099999904632568,5.400000095367432,5.5,5.5,11400
2009-08-03,5.5,5.5,5.5,5.5,5.5,0
2009-08-04,5.5,5.5,5.5,5.5,5.5,0
2009-08-05,5.5,5.5,5.5,5.5,5.5,0
2009-08-06,5.5,5.5,5.5,5.5,5.5,50
2009-08-07,7.5,10.0,7.5,9.0,9.0,73912
2009-08-10,9.0,9.0,8.100000381469727,8.199999809265137,8.199999809265137,6092
2009-08-11,8.300000190734863,8.300000190734863,7.800000190734863,7.800000190734863,7.800000190734863,6150
2009-08-12,7.900000095367432,8.0,7.800000190734863,8.0,8.0,6000
2009-08-13,7.5,7.599999904632568,7.099999904632568,7.5,7.5,5950
2009-08-14,7.199999809265137,7.400000095367432,7.199999809265137,7.400000095367432,7.400000095367432,1010
2009-08-17,7.400000095367432,8.0,7.199999809265137,8.0,8.0,4650
2009-08-18,7.400000095367432,7.400000095367432,7.0,7.400000095367432,7.400000095367432,6800
2009-08-19,7.199999809265137,7.5,7.199999809265137,7.5,7.5,1300
2009-08-20,7.400000095367432,7.5,7.199999809265137,7.5,7.5,6100
2009-08-21,7.5,7.800000190734863,7.199999809265137,7.199999809265137,7.199999809265137,16350
2009-08-24,7.599999904632568,7.699999809265137,7.300000190734863,7.300000190734863,7.300000190734863,2200
2009-08-25,7.199999809265137,7.300000190734863,6.900000095367432,6.900000095367432,6.900000095367432,6757
2009-08-26,7.300000190734863,7.5,7.0,7.0,7.0,900
2009-08-27,6.699999809265137,7.300000190734863,6.599999904632568,7.300000190734863,7.300000190734863,1400
2009-08-28,7.300000190734863,7.400000095367432,7.300000190734863,7.400000095367432,7.400000095367432,500
2009-08-31,7.199999809265137,7.199999809265137,7.199999809265137,7.199999809265137,7.199999809265137,50
2009-09-01,7.0,7.300000190734863,6.5,7.300000190734863,7.300000190734863,4000
2009-09-02,7.199999809265137,7.300000190734863,6.800000190734863,7.0,7.0,51190
2009-09-03,6.900000095367432,7.5,6.900000095367432,7.5,7.5,13140
2009-09-04,7.5,8.5,7.5,8.199999809265137,8.199999809265137,21350
2009-09-08,8.199999809265137,9.399999618530272,8.100000381469727,9.399999618530272,9.399999618530272,21980
2009-09-09,9.5,10.0,9.300000190734863,9.300000190734863,9.300000190734863,41325
2009-09-10,9.300000190734863,9.5,8.899999618530273,9.100000381469728,9.100000381469728,9950
2009-09-11,9.5,9.600000381469728,9.199999809265137,9.600000381469728,9.600000381469728,4310
2009-09-14,9.600000381469728,9.600000381469728,9.0,9.199999809265137,9.199999809265137,8050
2009-09-15,9.399999618530272,10.800000190734863,9.0,10.600000381469728,10.600000381469728,31950
2009-09-16,10.899999618530272,11.0,10.0,10.5,10.5,17445
2009-09-17,10.699999809265137,10.699999809265137,9.699999809265137,10.399999618530272,10.399999618530272,7850
2009-09-18,10.0,10.0,9.600000381469728,10.0,10.0,2325
2009-09-21,10.0,10.0,9.600000381469728,9.699999809265137,9.699999809265137,5700
2009-09-22,10.0,11.199999809265137,9.600000381469728,11.199999809265137,11.199999809265137,43378
2009-09-23,11.5,12.300000190734863,11.0,12.0,12.0,135145
2009-09-24,12.300000190734863,12.5,11.800000190734863,12.199999809265137,12.199999809265137,50375
2009-09-25,12.5,13.5,12.5,13.300000190734863,13.300000190734863,49390
2009-09-28,13.5,13.699999809265137,12.600000381469728,13.100000381469728,13.100000381469728,31100
2009-09-29,13.399999618530272,13.699999809265137,12.5,13.5,13.5,35560
2009-09-30,13.699999809265137,14.199999809265137,13.300000190734863,14.100000381469728,14.100000381469728,13470
2009-10-01,14.399999618530272,14.800000190734863,13.699999809265137,13.699999809265137,13.699999809265137,31490
2009-10-02,12.600000381469728,14.0,12.100000381469728,13.899999618530272,13.899999618530272,8850
2009-10-05,13.5,13.600000381469728,13.0,13.300000190734863,13.300000190734863,16455
2009-10-06,13.899999618530272,14.0,13.199999809265137,13.5,13.5,28339
2009-10-07,13.5,13.5,12.300000190734863,12.699999809265137,12.699999809265137,15259
2009-10-08,13.0,14.100000381469728,12.899999618530272,13.5,13.5,38645
2009-10-09,13.5,13.899999618530272,12.800000190734863,13.0,13.0,11940
2009-10-13,13.0,13.0,12.199999809265137,12.5,12.5,7400
2009-10-14,12.899999618530272,14.5,12.399999618530272,13.899999618530272,13.899999618530272,36050
2009-10-15,14.5,14.5,13.699999809265137,13.699999809265137,13.699999809265137,14970
2009-10-16,14.0,14.199999809265137,13.800000190734863,14.0,14.0,9905
2009-10-19,14.199999809265137,14.199999809265137,13.199999809265137,13.600000381469728,13.600000381469728,3250
2009-10-20,13.300000190734863,13.5,12.899999618530272,13.5,13.5,6325
2009-10-21,13.399999618530272,14.0,13.100000381469728,13.300000190734863,13.300000190734863,8205
2009-10-22,13.0,13.300000190734863,13.0,13.0,13.0,5700
2009-10-23,12.699999809265137,13.199999809265137,12.399999618530272,12.899999618530272,12.899999618530272,15205
2009-10-26,12.699999809265137,13.300000190734863,12.300000190734863,12.699999809265137,12.699999809265137,21698
2009-10-27,12.899999618530272,12.899999618530272,11.5,11.899999618530272,11.899999618530272,40010
2009-10-28,12.5,12.5,11.199999809265137,11.300000190734863,11.300000190734863,18918
2009-10-29,11.600000381469728,12.399999618530272,11.300000190734863,12.300000190734863,12.300000190734863,31690
2009-10-30,12.5,12.5,11.199999809265137,12.0,12.0,10242
2009-11-02,12.300000190734863,13.0,11.699999809265137,11.699999809265137,11.699999809265137,6750
2009-11-03,11.800000190734863,12.800000190734863,11.5,12.5,12.5,13630
2009-11-04,11.800000190734863,12.5,11.0,11.100000381469728,11.100000381469728,32702
2009-11-05,11.699999809265137,12.5,11.399999618530272,11.699999809265137,11.699999809265137,11515
2009-11-06,11.899999618530272,12.5,11.399999618530272,11.5,11.5,34120
2009-11-09,11.899999618530272,13.899999618530272,11.600000381469728,12.699999809265137,12.699999809265137,213762
2009-11-10,12.5,12.600000381469728,11.300000190734863,11.300000190734863,11.300000190734863,43800
2009-11-11,11.699999809265137,12.600000381469728,11.699999809265137,12.600000381469728,12.600000381469728,29210
2009-11-12,12.399999618530272,12.600000381469728,11.5,12.600000381469728,12.600000381469728,109090
2009-11-13,12.5,12.800000190734863,12.5,12.5,12.5,18412
2009-11-16,12.5,13.100000381469728,12.5,12.800000190734863,12.800000190734863,37650
2009-11-17,12.5,12.899999618530272,12.0,12.899999618530272,12.899999618530272,17605
2009-11-18,12.899999618530272,12.899999618530272,12.0,12.600000381469728,12.600000381469728,13140
2009-11-19,12.100000381469728,12.600000381469728,11.899999618530272,12.5,12.5,22580
2009-11-20,12.100000381469728,12.800000190734863,12.0,12.5,12.5,17250
2009-11-23,12.5,13.0,12.0,12.5,12.5,17830
2009-11-24,12.399999618530272,12.399999618530272,12.0,12.300000190734863,12.300000190734863,18790
2009-11-25,12.0,12.399999618530272,12.0,12.399999618530272,12.399999618530272,19000
2009-11-27,12.0,12.399999618530272,12.0,12.199999809265137,12.199999809265137,20500
2009-11-30,12.100000381469728,12.399999618530272,12.0,12.100000381469728,12.100000381469728,13780
2009-12-01,12.199999809265137,12.600000381469728,12.100000381469728,12.399999618530272,12.399999618530272,38525
2009-12-02,12.600000381469728,12.600000381469728,12.100000381469728,12.399999618530272,12.399999618530272,46900
2009-12-03,12.199999809265137,12.399999618530272,11.600000381469728,12.199999809265137,12.199999809265137,23610
2009-12-04,12.199999809265137,12.199999809265137,11.800000190734863,11.899999618530272,11.899999618530272,4490
2009-12-07,11.699999809265137,11.699999809265137,11.300000190734863,11.5,11.5,56900
2009-12-08,11.199999809265137,11.199999809265137,11.0,11.0,11.0,12400
2009-12-09,10.899999618530272,11.800000190734863,10.699999809265137,11.600000381469728,11.600000381469728,53780
2009-12-10,11.5,11.5,11.199999809265137,11.5,11.5,26100
2009-12-11,11.300000190734863,11.5,11.300000190734863,11.300000190734863,11.300000190734863,2700
2009-12-14,11.199999809265137,11.399999618530272,11.199999809265137,11.399999618530272,11.399999618530272,5890
2009-12-15,11.199999809265137,11.399999618530272,11.199999809265137,11.199999809265137,11.199999809265137,3883
2009-12-16,11.199999809265137,11.5,11.199999809265137,11.5,11.5,25950
2009-12-17,11.300000190734863,11.300000190734863,11.100000381469728,11.100000381469728,11.100000381469728,3450
2009-12-18,13.670000076293944,13.670000076293944,13.670000076293944,13.670000076293944,13.670000076293944,90
2009-12-21,11.100000381469728,11.300000190734863,11.100000381469728,11.300000190734863,11.300000190734863,6900
2009-12-22,11.199999809265137,11.199999809265137,10.800000190734863,11.100000381469728,11.100000381469728,5072
2009-12-23,10.800000190734863,11.600000381469728,10.800000190734863,11.399999618530272,11.399999618530272,134050
2009-12-24,11.399999618530272,11.399999618530272,11.199999809265137,11.199999809265137,11.199999809265137,28750
2009-12-29,11.100000381469728,11.100000381469728,11.100000381469728,11.100000381469728,11.100000381469728,50
2009-12-30,11.100000381469728,11.5,11.0,11.0,11.0,4346
2009-12-31,11.0,11.199999809265137,11.0,11.199999809265137,11.199999809265137,1100
2010-01-04,11.5,11.699999809265137,11.300000190734863,11.699999809265137,11.699999809265137,23020
2010-01-05,11.699999809265137,13.399999618530272,11.699999809265137,13.300000190734863,13.300000190734863,65920
2010-01-06,13.0,13.5,12.5,13.300000190734863,13.300000190734863,49308
2010-01-07,13.100000381469728,13.899999618530272,13.100000381469728,13.800000190734863,13.800000190734863,38178
2010-01-08,13.800000190734863,13.800000190734863,13.399999618530272,13.5,13.5,35160
2010-01-11,13.5,13.899999618530272,13.300000190734863,13.5,13.5,19820
2010-01-12,13.800000190734863,13.899999618530272,13.5,13.699999809265137,13.699999809265137,15220
2010-01-13,13.5,13.800000190734863,13.5,13.5,13.5,52720
2010-01-14,13.699999809265137,13.800000190734863,13.300000190734863,13.800000190734863,13.800000190734863,39100
2010-01-15,13.5,13.600000381469728,13.399999618530272,13.5,13.5,13450
2010-01-19,13.699999809265137,13.699999809265137,13.5,13.5,13.5,135350
2010-01-20,13.600000381469728,13.600000381469728,12.199999809265137,12.199999809265137,12.199999809265137,75095
2010-01-21,12.199999809265137,12.199999809265137,11.5,12.0,12.0,70620
2010-01-22,11.800000190734863,12.100000381469728,11.5,12.0,12.0,72830
2010-01-25,11.800000190734863,12.0,11.699999809265137,11.800000190734863,11.800000190734863,21665
2010-01-26,11.699999809265137,11.800000190734863,11.5,11.5,11.5,56401
2010-01-27,11.5,11.5,11.5,11.5,11.5,23060
2010-01-28,11.399999618530272,11.399999618530272,11.0,11.100000381469728,11.100000381469728,113260
2010-01-29,11.0,11.100000381469728,10.600000381469728,10.899999618530272,10.899999618530272,77890
2010-02-01,11.0,11.199999809265137,10.800000190734863,10.800000190734863,10.800000190734863,39022
2010-02-02,10.800000190734863,11.100000381469728,10.5,10.5,10.5,32162
2010-02-03,10.600000381469728,10.899999618530272,10.600000381469728,10.600000381469728,10.600000381469728,3870
2010-02-04,10.600000381469728,11.0,10.100000381469728,11.0,11.0,653495
2010-02-05,10.399999618530272,10.399999618530272,9.199999809265137,9.600000381469728,9.600000381469728,284564
2010-02-08,9.699999809265137,10.199999809265137,9.699999809265137,9.800000190734863,9.800000190734863,105570
2010-02-09,9.600000381469728,10.199999809265137,9.600000381469728,10.0,10.0,50110
2010-02-10,9.899999618530272,10.0,9.699999809265137,9.699999809265137,9.699999809265137,16000
2010-02-11,9.600000381469728,10.100000381469728,9.600000381469728,9.800000190734863,9.800000190734863,581955
2010-02-12,10.0,10.300000190734863,10.0,10.300000190734863,10.300000190734863,19500
2010-02-16,14.354999542236328,14.354999542236328,14.354999542236328,14.354999542236328,14.354999542236328,71
2010-02-17,10.399999618530272,10.399999618530272,10.100000381469728,10.100000381469728,10.100000381469728,18050
2010-02-18,10.100000381469728,10.199999809265137,10.0,10.199999809265137,10.199999809265137,116180
2010-02-19,10.0,10.0,9.899999618530272,9.899999618530272,9.899999618530272,259630
2010-02-22,10.0,10.0,9.600000381469728,9.899999618530272,9.899999618530272,38890
2010-02-23,9.899999618530272,9.899999618530272,9.699999809265137,9.699999809265137,9.699999809265137,2170
2010-02-24,9.5,9.899999618530272,9.199999809265137,9.899999618530272,9.899999618530272,47110
2010-03-01,9.699999809265137,9.699999809265137,9.5,9.5,9.5,2170
2010-03-02,9.600000381469728,10.100000381469728,9.5,10.0,10.0,267690
2010-03-03,10.0,10.199999809265137,9.699999809265137,9.800000190734863,9.800000190734863,44345
2010-03-04,9.800000190734863,9.899999618530272,9.699999809265137,9.800000190734863,9.800000190734863,17830
2010-03-05,9.699999809265137,10.100000381469728,9.699999809265137,10.100000381469728,10.100000381469728,351523
2010-03-08,10.100000381469728,10.300000190734863,9.800000190734863,10.100000381469728,10.100000381469728,46783
2010-03-09,10.100000381469728,10.100000381469728,9.899999618530272,10.0,10.0,154043
2010-03-10,10.0,10.0,9.600000381469728,9.699999809265137,9.699999809265137,139200
2010-03-11,9.899999618530272,9.899999618530272,9.5,9.5,9.5,17185
2010-03-12,9.699999809265137,9.899999618530272,9.399999618530272,9.699999809265137,9.699999809265137,19450
2010-03-15,9.5,9.600000381469728,9.100000381469728,9.399999618530272,9.399999618530272,111494
2010-03-16,9.600000381469728,10.699999809265137,9.600000381469728,10.600000381469728,10.600000381469728,773475
2010-03-17,11.0,11.5,10.399999618530272,10.699999809265137,10.699999809265137,301556
2010-03-18,11.0,11.0,10.399999618530272,10.800000190734863,10.800000190734863,75795
2010-03-19,10.899999618530272,11.0,10.5,11.0,11.0,39183
2010-03-22,10.899999618530272,11.0,9.899999618530272,10.399999618530272,10.399999618530272,129084
2010-03-23,10.5,11.0,10.5,10.600000381469728,10.600000381469728,44202
2010-03-24,10.600000381469728,10.600000381469728,10.399999618530272,10.5,10.5,32499
2010-03-25,10.600000381469728,10.600000381469728,10.399999618530272,10.399999618530272,10.399999618530272,22886
2010-03-26,10.399999618530272,10.699999809265137,10.399999618530272,10.5,10.5,16100
2010-03-29,10.600000381469728,10.600000381469728,10.399999618530272,10.399999618530272,10.399999618530272,12714
2010-03-30,10.399999618530272,10.399999618530272,10.199999809265137,10.300000190734863,10.300000190734863,62290
2010-03-31,10.300000190734863,10.600000381469728,9.899999618530272,10.600000381469728,10.600000381469728,143950
2010-04-01,10.5,10.5,9.899999618530272,10.300000190734863,10.300000190734863,43930
2010-04-05,10.199999809265137,11.0,10.0,10.800000190734863,10.800000190734863,76046
2010-04-06,10.600000381469728,11.5,10.600000381469728,11.100000381469728,11.100000381469728,348290
2010-04-07,11.300000190734863,11.800000190734863,11.300000190734863,11.300000190734863,11.300000190734863,107880
2010-04-08,11.300000190734863,11.300000190734863,11.0,11.100000381469728,11.100000381469728,34774
2010-04-09,18.26000022888184,18.26000022888184,18.26000022888184,18.26000022888184,18.26000022888184,140
2010-04-12,11.600000381469728,11.600000381469728,11.399999618530272,11.399999618530272,11.399999618530272,24575
2010-04-13,11.5,11.5,10.899999618530272,11.100000381469728,11.100000381469728,32055
2010-04-14,11.399999618530272,11.399999618530272,11.199999809265137,11.300000190734863,11.300000190734863,37746
2010-04-15,11.199999809265137,11.5,11.0,11.5,11.5,21902
2010-04-16,11.399999618530272,11.399999618530272,10.899999618530272,11.399999618530272,11.399999618530272,32256
2010-04-19,11.100000381469728,11.5,11.0,11.199999809265137,11.199999809265137,71395
2010-04-20,11.100000381469728,11.300000190734863,11.0,11.300000190734863,11.300000190734863,23588
2010-04-21,11.300000190734863,11.600000381469728,11.199999809265137,11.5,11.5,26645
2010-04-22,11.300000190734863,11.600000381469728,11.199999809265137,11.600000381469728,11.600000381469728,17430
2010-04-23,11.300000190734863,11.800000190734863,11.199999809265137,11.800000190734863,11.800000190734863,108328
2010-04-26,11.699999809265137,12.699999809265137,11.600000381469728,12.0,12.0,594900
2010-04-27,11.800000190734863,12.199999809265137,11.5,11.899999618530272,11.899999618530272,488374
2010-04-28,11.899999618530272,12.300000190734863,11.899999618530272,12.100000381469728,12.100000381469728,237363
2010-04-29,12.100000381469728,12.100000381469728,11.899999618530272,12.0,12.0,216085
2010-04-30,12.199999809265137,12.699999809265137,12.0,12.0,12.0,87567
2010-05-03,12.5,13.0,12.0,12.5,12.5,329724
2010-05-04,12.800000190734863,12.800000190734863,12.399999618530272,12.5,12.5,174428
2010-05-05,12.300000190734863,12.600000381469728,12.0,12.5,12.5,76214
2010-05-06,12.5,12.699999809265137,12.100000381469728,12.5,12.5,218633
2010-05-07,18.96999931335449,18.96999931335449,18.96999931335449,18.96999931335449,18.96999931335449,0
2010-05-10,13.699999809265137,13.699999809265137,13.199999809265137,13.399999618530272,13.399999618530272,17207
2010-05-11,13.5,14.699999809265137,13.5,14.100000381469728,14.100000381469728,332939
2010-05-12,14.399999618530272,14.600000381469728,14.199999809265137,14.300000190734863,14.300000190734863,84385
2010-05-13,14.399999618530272,14.399999618530272,13.699999809265137,13.899999618530272,13.899999618530272,33472
2010-05-14,13.899999618530272,14.300000190734863,13.300000190734863,14.0,14.0,28220
2010-05-17,14.300000190734863,14.399999618530272,13.100000381469728,13.5,13.5,42313
2010-05-18,13.0,13.100000381469728,12.699999809265137,12.899999618530272,12.899999618530272,313042
2010-05-19,12.699999809265137,12.699999809265137,12.199999809265137,12.300000190734863,12.300000190734863,91770
2010-05-20,12.300000190734863,12.300000190734863,11.199999809265137,11.699999809265137,11.699999809265137,114422
2010-05-21,11.300000190734863,12.0,11.300000190734863,11.699999809265137,11.699999809265137,36155
2010-05-25,11.800000190734863,12.300000190734863,11.600000381469728,12.300000190734863,12.300000190734863,11382
2010-05-26,12.399999618530272,12.899999618530272,12.300000190734863,12.5,12.5,216492
2010-05-27,13.0,13.0,12.5,12.5,12.5,11160
2010-05-28,12.699999809265137,12.800000190734863,12.5,12.699999809265137,12.699999809265137,27730
2010-06-01,12.800000190734863,13.699999809265137,12.199999809265137,12.199999809265137,12.199999809265137,64812
2010-06-02,12.399999618530272,12.899999618530272,12.399999618530272,12.800000190734863,12.800000190734863,17508
2010-06-03,12.899999618530272,13.0,12.0,12.399999618530272,12.399999618530272,31869
2010-06-04,12.300000190734863,12.300000190734863,12.0,12.100000381469728,12.100000381469728,14085
2010-06-07,11.600000381469728,12.600000381469728,11.600000381469728,12.5,12.5,18943
2010-06-08,12.899999618530272,12.899999618530272,12.399999618530272,12.699999809265137,12.699999809265137,145385
2010-06-09,12.600000381469728,12.600000381469728,12.0,12.199999809265137,12.199999809265137,120010
2010-06-10,12.300000190734863,12.5,12.100000381469728,12.399999618530272,12.399999618530272,65520
2010-06-11,12.300000190734863,12.5,12.100000381469728,12.100000381469728,12.100000381469728,120483
2010-06-14,12.100000381469728,12.100000381469728,11.699999809265137,11.699999809265137,11.699999809265137,47120
2010-06-15,11.699999809265137,12.100000381469728,10.699999809265137,12.100000381469728,12.100000381469728,68613
2010-06-16,12.100000381469728,12.100000381469728,11.399999618530272,11.600000381469728,11.600000381469728,12510
2010-06-17,11.800000190734863,12.100000381469728,11.399999618530272,11.399999618530272,11.399999618530272,8210
2010-06-18,12.0,12.5,12.0,12.199999809265137,12.199999809265137,42385
2010-06-21,12.0,12.100000381469728,11.600000381469728,11.600000381469728,11.600000381469728,93140
2010-06-22,11.600000381469728,11.800000190734863,11.5,11.5,11.5,1820
2010-06-23,11.5,11.600000381469728,11.100000381469728,11.5,11.5,15635
2010-06-24,11.300000190734863,11.5,11.300000190734863,11.5,11.5,5380
2010-06-25,11.5,11.5,11.5,11.5,11.5,2590
2010-06-28,11.600000381469728,11.800000190734863,11.399999618530272,11.399999618530272,11.399999618530272,46600
2010-06-29,11.300000190734863,11.5,11.100000381469728,11.399999618530272,11.399999618530272,176560
2010-06-30,11.199999809265137,11.5,10.399999618530272,11.199999809265137,11.199999809265137,1038250
2010-07-02,11.0,11.0,10.100000381469728,11.0,11.0,58054
2010-07-06,10.399999618530272,10.399999618530272,9.899999618530272,9.899999618530272,9.899999618530272,418440
2010-07-07,9.899999618530272,10.0,9.800000190734863,9.899999618530272,9.899999618530272,11435
2010-07-08,10.199999809265137,10.199999809265137,9.800000190734863,9.899999618530272,9.899999618530272,6775
2010-07-09,10.0,10.199999809265137,9.899999618530272,9.899999618530272,9.899999618530272,277830
2010-07-12,9.899999618530272,10.0,9.300000190734863,9.399999618530272,9.399999618530272,37032
2010-07-13,10.0,10.0,9.199999809265137,9.300000190734863,9.300000190734863,109540
2010-07-14,9.5,9.699999809265137,9.199999809265137,9.399999618530272,9.399999618530272,39692
2010-07-15,9.399999618530272,9.399999618530272,9.199999809265137,9.300000190734863,9.300000190734863,7095
2010-07-16,9.100000381469728,9.899999618530272,9.0,9.699999809265137,9.699999809265137,22480
2010-07-19,9.5,9.5,9.300000190734863,9.300000190734863,9.300000190734863,5790
2010-07-20,9.300000190734863,9.300000190734863,9.0,9.300000190734863,9.300000190734863,9665
2010-07-21,9.300000190734863,9.699999809265137,9.300000190734863,9.699999809265137,9.699999809265137,61775
2010-07-22,9.800000190734863,9.899999618530272,9.600000381469728,9.600000381469728,9.600000381469728,8090
2010-07-23,9.600000381469728,9.800000190734863,9.600000381469728,9.800000190734863,9.800000190734863,4650
2010-07-26,9.699999809265137,9.699999809265137,9.5,9.5,9.5,9690
2010-07-27,9.899999618530272,9.899999618530272,9.5,9.600000381469728,9.600000381469728,16870
2010-07-28,9.5,9.5,9.399999618530272,9.5,9.5,5867
2010-07-29,9.699999809265137,9.899999618530272,9.5,9.699999809265137,9.699999809265137,14880
2010-07-30,9.5,9.699999809265137,9.5,9.699999809265137,9.699999809265137,14780
2010-08-03,9.5,9.800000190734863,9.5,9.800000190734863,9.800000190734863,6320
2010-08-04,9.699999809265137,10.5,9.699999809265137,10.199999809265137,10.199999809265137,98260
2010-08-05,10.100000381469728,10.300000190734863,9.800000190734863,10.300000190734863,10.300000190734863,15720
2010-08-06,10.399999618530272,11.0,10.0,11.0,11.0,1935414
2010-08-09,11.100000381469728,11.100000381469728,10.5,10.600000381469728,10.600000381469728,15870
2010-08-10,10.600000381469728,10.800000190734863,10.300000190734863,10.699999809265137,10.699999809265137,125004
2010-08-11,10.399999618530272,10.600000381469728,10.300000190734863,10.5,10.5,14770
2010-08-12,10.699999809265137,10.699999809265137,10.5,10.5,10.5,185090
2010-08-13,10.5,10.600000381469728,10.5,10.600000381469728,10.600000381469728,45790
2010-08-16,10.699999809265137,11.5,10.699999809265137,11.399999618530272,11.399999618530272,116014
2010-08-17,11.800000190734863,11.800000190734863,11.0,11.300000190734863,11.300000190734863,81853
2010-08-18,11.399999618530272,11.399999618530272,11.0,11.0,11.0,13020
2010-08-19,11.399999618530272,11.399999618530272,10.800000190734863,11.300000190734863,11.300000190734863,58004
2010-08-20,11.300000190734863,11.300000190734863,10.800000190734863,10.800000190734863,10.800000190734863,117090
2010-08-23,11.0,11.899999618530272,11.0,11.5,11.5,174070
2010-08-24,11.5,12.199999809265137,11.5,12.0,12.0,101248
2010-08-25,12.5,13.199999809265137,12.199999809265137,12.800000190734863,12.800000190734863,705802
2010-08-26,12.800000190734863,12.800000190734863,12.199999809265137,12.399999618530272,12.399999618530272,105480
2010-08-27,12.5,12.899999618530272,12.5,12.800000190734863,12.800000190734863,541209
2010-08-30,12.899999618530272,12.899999618530272,12.5,12.699999809265137,12.699999809265137,17942
2010-08-31,12.800000190734863,12.899999618530272,12.600000381469728,12.899999618530272,12.899999618530272,102270
2010-09-01,12.899999618530272,13.0,12.5,12.600000381469728,12.600000381469728,189849
2010-09-02,12.899999618530272,13.0,12.699999809265137,12.800000190734863,12.800000190734863,53559
2010-09-03,12.899999618530272,14.0,12.800000190734863,13.5,13.5,159750
2010-09-07,13.800000190734863,13.899999618530272,13.199999809265137,13.800000190734863,13.800000190734863,250365
2010-09-08,13.800000190734863,13.899999618530272,13.100000381469728,13.300000190734863,13.300000190734863,62020
2010-09-09,13.100000381469728,13.600000381469728,12.600000381469728,12.899999618530272,12.899999618530272,71387
2010-09-10,13.300000190734863,14.0,13.0,13.899999618530272,13.899999618530272,237333
2010-09-13,13.800000190734863,13.899999618530272,13.100000381469728,13.300000190734863,13.300000190734863,23976
2010-09-14,13.300000190734863,14.800000190734863,13.300000190734863,14.199999809265137,14.199999809265137,176848
2010-09-15,14.0,14.600000381469728,14.0,14.5,14.5,385007
2010-09-16,14.600000381469728,15.5,14.300000190734863,14.699999809265137,14.699999809265137,49513
2010-09-17,14.699999809265137,15.5,14.399999618530272,15.5,15.5,82309
2010-09-20,16.100000381469727,16.100000381469727,16.100000381469727,16.100000381469727,16.100000381469727,0
2010-09-21,15.0,15.300000190734863,14.199999809265137,15.300000190734863,15.300000190734863,210711
2010-09-22,15.300000190734863,15.399999618530272,14.399999618530272,14.600000381469728,14.600000381469728,136565
2010-09-23,15.0,15.0,14.399999618530272,14.399999618530272,14.399999618530272,223630
2010-09-24,14.300000190734863,15.199999809265137,14.300000190734863,15.0,15.0,54345
2010-09-27,14.800000190734863,15.199999809265137,14.5,14.5,14.5,119052
2010-09-28,14.800000190734863,14.800000190734863,14.399999618530272,14.399999618530272,14.399999618530272,20567
2010-09-29,14.399999618530272,14.699999809265137,14.100000381469728,14.199999809265137,14.199999809265137,202984
2010-09-30,14.399999618530272,14.699999809265137,13.699999809265137,14.0,14.0,70441
2010-10-01,14.399999618530272,14.699999809265137,14.100000381469728,14.300000190734863,14.300000190734863,62017
2010-10-04,17.719999313354492,17.719999313354492,17.719999313354492,17.719999313354492,17.719999313354492,50
2010-10-05,14.0,14.800000190734863,14.0,14.399999618530272,14.399999618530272,49487
2010-10-06,14.399999618530272,14.5,14.100000381469728,14.100000381469728,14.100000381469728,8539
2010-10-07,14.5,14.5,13.699999809265137,13.899999618530272,13.899999618530272,65380
2010-10-08,13.899999618530272,14.199999809265137,13.899999618530272,14.100000381469728,14.100000381469728,13877
2010-10-12,14.0,14.399999618530272,13.899999618530272,14.199999809265137,14.199999809265137,95877
2010-10-13,14.800000190734863,15.0,14.199999809265137,14.800000190734863,14.800000190734863,103180
2010-10-14,15.0,15.0,13.899999618530272,14.199999809265137,14.199999809265137,50692
2010-10-15,14.100000381469728,14.199999809265137,13.899999618530272,14.0,14.0,150313
2010-10-18,14.899999618530272,14.899999618530272,14.100000381469728,14.600000381469728,14.600000381469728,79822
2010-10-19,14.399999618530272,14.399999618530272,13.699999809265137,13.899999618530272,13.899999618530272,137413
2010-10-20,14.199999809265137,14.5,14.100000381469728,14.399999618530272,14.399999618530272,19916
2010-10-21,14.399999618530272,14.600000381469728,14.300000190734863,14.600000381469728,14.600000381469728,33022
2010-10-22,14.5,14.600000381469728,14.199999809265137,14.300000190734863,14.300000190734863,57927
2010-10-25,14.399999618530272,14.600000381469728,14.300000190734863,14.300000190734863,14.300000190734863,37762
2010-10-26,14.800000190734863,16.799999237060547,14.600000381469728,16.0,16.0,1103553
2010-10-27,15.899999618530272,15.899999618530272,15.399999618530272,15.5,15.5,42842
2010-10-28,15.699999809265137,15.699999809265137,13.800000190734863,14.0,14.0,684028
2010-10-29,13.899999618530272,13.899999618530272,13.100000381469728,13.699999809265137,13.699999809265137,95325
2010-11-01,13.899999618530272,14.0,13.600000381469728,13.600000381469728,13.600000381469728,36608
2010-11-02,13.600000381469728,13.600000381469728,13.5,13.5,13.5,8160
2010-11-03,13.300000190734863,13.5,13.199999809265137,13.5,13.5,13280
2010-11-04,13.699999809265137,14.300000190734863,13.600000381469728,14.0,14.0,332266
2010-11-05,14.0,14.0,13.699999809265137,13.699999809265137,13.699999809265137,26352
2010-11-08,14.0,14.399999618530272,13.699999809265137,14.100000381469728,14.100000381469728,558088
2010-11-09,14.199999809265137,14.199999809265137,13.199999809265137,13.399999618530272,13.399999618530272,108001
2010-11-10,13.300000190734863,13.399999618530272,13.199999809265137,13.199999809265137,13.199999809265137,48306
2010-11-11,13.100000381469728,13.199999809265137,13.0,13.100000381469728,13.100000381469728,29510
2010-11-12,13.0,13.300000190734863,12.300000190734863,12.800000190734863,12.800000190734863,36561
2010-11-15,12.5,13.0,12.5,12.699999809265137,12.699999809265137,15480
2010-11-16,12.699999809265137,12.699999809265137,11.899999618530272,12.300000190734863,12.300000190734863,73845
2010-11-17,19.1299991607666,19.1299991607666,19.1299991607666,19.1299991607666,19.1299991607666,0
2010-11-18,12.199999809265137,13.5,12.199999809265137,13.300000190734863,13.300000190734863,43068
2010-11-19,18.209999084472656,18.209999084472656,18.209999084472656,18.209999084472656,18.209999084472656,200
2010-11-22,13.899999618530272,14.0,13.800000190734863,14.0,14.0,59377
2010-11-23,14.0,14.0,13.699999809265137,13.899999618530272,13.899999618530272,37730
2010-11-24,13.5,13.800000190734863,13.5,13.800000190734863,13.800000190734863,89612
2010-11-26,13.800000190734863,13.800000190734863,13.399999618530272,13.5,13.5,46393
2010-11-29,13.800000190734863,13.800000190734863,12.800000190734863,13.0,13.0,71074
2010-11-30,12.800000190734863,17.5,12.800000190734863,17.0,17.0,353366
2010-12-01,15.0,15.0,14.199999809265137,14.699999809265137,14.699999809265137,85442
2010-12-02,14.899999618530272,15.0,14.0,14.199999809265137,14.199999809265137,32735
2010-12-03,14.300000190734863,15.0,14.199999809265137,14.600000381469728,14.600000381469728,102305
2010-12-06,20.0,20.0,20.0,20.0,20.0,10
2010-12-07,20.0,20.0,20.0,20.0,20.0,190
2010-12-08,14.399999618530272,14.800000190734863,14.199999809265137,14.399999618530272,14.399999618530272,79138
2010-12-09,14.5,14.5,14.100000381469728,14.199999809265137,14.199999809265137,149645
2010-12-10,14.100000381469728,14.5,13.899999618530272,14.300000190734863,14.300000190734863,115339
2010-12-13,14.100000381469728,14.899999618530272,14.100000381469728,14.899999618530272,14.899999618530272,105735
2010-12-14,15.0,15.300000190734863,14.800000190734863,14.800000190734863,14.800000190734863,88270
2010-12-15,14.899999618530272,14.899999618530272,14.100000381469728,14.300000190734863,14.300000190734863,526393
2010-12-16,15.100000381469728,15.100000381469728,14.5,14.800000190734863,14.800000190734863,147013
2010-12-17,14.800000190734863,15.800000190734863,14.800000190734863,15.800000190734863,15.800000190734863,132131
2010-12-20,15.800000190734863,16.100000381469727,15.399999618530272,15.699999809265137,15.699999809265137,14652
2010-12-21,16.200000762939453,16.200000762939453,15.600000381469728,15.899999618530272,15.899999618530272,24304
2010-12-22,15.5,16.0,15.199999809265137,15.199999809265137,15.199999809265137,98986
2010-12-23,15.199999809265137,15.899999618530272,15.0,15.899999618530272,15.899999618530272,16361
2010-12-29,15.699999809265137,15.800000190734863,15.5,15.600000381469728,15.600000381469728,28045
2010-12-30,15.699999809265137,16.0,15.699999809265137,15.800000190734863,15.800000190734863,10885
2010-12-31,15.600000381469728,16.700000762939453,15.600000381469728,16.700000762939453,16.700000762939453,22720
2011-01-04,16.700000762939453,16.700000762939453,15.600000381469728,15.600000381469728,15.600000381469728,154994
2011-01-05,15.199999809265137,15.5,14.5,15.0,15.0,36646
2011-01-06,15.0,15.199999809265137,14.5,15.0,15.0,35694
2011-01-07,14.300000190734863,15.600000381469728,14.300000190734863,15.600000381469728,15.600000381469728,23879
2011-01-10,15.5,15.800000190734863,15.5,15.800000190734863,15.800000190734863,43739
2011-01-11,15.800000190734863,15.800000190734863,15.5,15.600000381469728,15.600000381469728,7011
2011-01-12,15.600000381469728,15.600000381469728,15.199999809265137,15.199999809265137,15.199999809265137,11190
2011-01-13,15.0,15.199999809265137,14.5,14.899999618530272,14.899999618530272,23465
2011-01-14,14.100000381469728,15.5,14.100000381469728,15.5,15.5,67999
2011-01-18,15.5,16.200000762939453,15.0,15.100000381469728,15.100000381469728,85343
2011-01-19,15.300000190734863,15.300000190734863,14.800000190734863,15.300000190734863,15.300000190734863,90386
2011-01-20,15.100000381469728,15.100000381469728,14.5,14.800000190734863,14.800000190734863,357860
2011-01-21,14.800000190734863,15.100000381469728,14.600000381469728,14.899999618530272,14.899999618530272,19167
2011-01-24,14.5,14.699999809265137,14.399999618530272,14.399999618530272,14.399999618530272,15485
2011-01-25,14.100000381469728,14.399999618530272,13.899999618530272,14.100000381469728,14.100000381469728,77037
2011-01-26,14.600000381469728,14.699999809265137,14.300000190734863,14.300000190734863,14.300000190734863,12799
2011-01-27,14.300000190734863,14.699999809265137,13.800000190734863,13.899999618530272,13.899999618530272,24370
2011-01-28,14.0,14.5,14.0,14.399999618530272,14.399999618530272,186350
2011-01-31,14.199999809265137,14.600000381469728,14.199999809265137,14.5,14.5,214730
2011-02-01,15.0,15.899999618530272,14.699999809265137,14.699999809265137,14.699999809265137,324879
2011-02-02,15.0,15.100000381469728,14.600000381469728,15.0,15.0,181530
2011-02-03,15.0,15.600000381469728,14.600000381469728,15.199999809265137,15.199999809265137,140190
2011-02-04,15.199999809265137,15.800000190734863,15.199999809265137,15.699999809265137,15.699999809265137,156890
2011-02-07,15.699999809265137,16.100000381469727,15.699999809265137,16.0,16.0,150430
2011-02-08,16.0,16.600000381469727,16.0,16.200000762939453,16.200000762939453,176060
2011-02-09,16.299999237060547,16.299999237060547,15.300000190734863,15.600000381469728,15.600000381469728,53462
2011-02-10,15.899999618530272,16.799999237060547,15.699999809265137,16.700000762939453,16.700000762939453,139647
2011-02-11,16.700000762939453,17.399999618530273,16.600000381469727,17.0,17.0,89881
2011-02-14,17.399999618530273,19.39999961853028,17.399999618530273,18.100000381469727,18.100000381469727,169336
2011-02-15,19.299999237060547,19.700000762939453,18.299999237060547,19.299999237060547,19.299999237060547,98261
2011-02-16,19.100000381469727,19.600000381469727,18.600000381469727,19.200000762939453,19.200000762939453,60945
2011-02-17,19.39999961853028,19.39999961853028,18.799999237060547,18.799999237060547,18.799999237060547,20080
2011-02-18,19.100000381469727,19.100000381469727,18.600000381469727,19.0,19.0,69880
2011-02-22,19.200000762939453,20.700000762939453,18.799999237060547,19.0,19.0,121534
2011-02-23,19.0,21.0,19.0,20.39999961853028,20.39999961853028,150465
2011-02-24,20.600000381469727,20.799999237060547,19.299999237060547,19.600000381469727,19.600000381469727,19337
2011-02-25,19.39999961853028,22.0,19.39999961853028,21.0,21.0,86772
2011-02-28,26.38999938964844,26.38999938964844,26.38999938964844,26.38999938964844,26.38999938964844,30
2011-03-01,21.299999237060547,22.200000762939453,20.89999961853028,22.200000762939453,22.200000762939453,42712
2011-03-02,21.89999961853028,23.89999961853028,21.89999961853028,23.0,23.0,95610
2011-03-03,22.200000762939453,23.5,21.0,22.200000762939453,22.200000762939453,148030
2011-03-04,22.200000762939453,23.0,21.39999961853028,21.39999961853028,21.39999961853028,78797
2011-03-07,22.5,22.5,20.600000381469727,21.39999961853028,21.39999961853028,162986
2011-03-08,21.39999961853028,21.39999961853028,19.600000381469727,20.299999237060547,20.299999237060547,74472
2011-03-09,20.200000762939453,21.0,19.89999961853028,20.89999961853028,20.89999961853028,74670
2011-03-10,20.299999237060547,20.39999961853028,19.700000762939453,20.0,20.0,46235
2011-03-11,18.100000381469727,19.89999961853028,18.100000381469727,19.89999961853028,19.89999961853028,31472
2011-03-14,19.5,20.0,18.5,18.600000381469727,18.600000381469727,45258
2011-03-15,16.5,19.0,16.399999618530273,18.100000381469727,18.100000381469727,140517
2011-03-16,18.700000762939453,18.700000762939453,16.700000762939453,17.799999237060547,17.799999237060547,59437
2011-03-17,18.299999237060547,19.0,18.0,18.799999237060547,18.799999237060547,55873
2011-03-18,19.0,20.5,19.0,20.5,20.5,384201
2011-03-21,20.5,21.0,20.200000762939453,20.5,20.5,40098
2011-03-22,20.0,20.299999237060547,20.0,20.299999237060547,20.299999237060547,6552
2011-03-23,20.0,20.100000381469727,19.200000762939453,19.5,19.5,64685
2011-03-24,18.0,19.200000762939453,16.899999618530273,17.799999237060547,17.799999237060547,712966
2011-03-25,17.799999237060547,18.200000762939453,17.5,17.700000762939453,17.700000762939453,17743
2011-03-28,18.0,18.0,17.5,17.700000762939453,17.700000762939453,31304
2011-03-29,17.600000381469727,18.700000762939453,17.600000381469727,18.0,18.0,19661
2011-03-30,18.0,18.799999237060547,18.0,18.5,18.5,81003
2011-03-31,18.5,18.89999961853028,18.0,18.200000762939453,18.200000762939453,77492
2011-04-01,18.39999961853028,18.5,18.0,18.200000762939453,18.200000762939453,24202
2011-04-04,18.5,18.5,18.100000381469727,18.100000381469727,18.100000381469727,23298
2011-04-05,18.100000381469727,19.39999961853028,18.100000381469727,19.200000762939453,19.200000762939453,74566
2011-04-06,19.5,19.700000762939453,19.0,19.5,19.5,142673
2011-04-07,19.5,19.5,18.299999237060547,18.39999961853028,18.39999961853028,130237
2011-04-08,18.89999961853028,19.89999961853028,17.899999618530273,19.89999961853028,19.89999961853028,570808
2011-04-11,19.700000762939453,20.799999237060547,19.299999237060547,19.5,19.5,59556
2011-04-12,19.299999237060547,19.600000381469727,19.0,19.0,19.0,271143
2011-04-13,22.5,22.5,22.5,22.5,22.5,8
2011-04-14,19.200000762939453,19.5,18.5,19.299999237060547,19.299999237060547,289730
2011-04-15,19.200000762939453,19.200000762939453,18.39999961853028,18.39999961853028,18.39999961853028,9335
2011-04-18,18.39999961853028,19.0,18.100000381469727,18.200000762939453,18.200000762939453,17779
2011-04-19,18.0,18.39999961853028,18.0,18.200000762939453,18.200000762939453,266876
2011-04-20,18.200000762939453,18.89999961853028,18.100000381469727,18.39999961853028,18.39999961853028,36050
2011-04-21,19.0,19.89999961853028,18.600000381469727,19.39999961853028,19.39999961853028,204935
2011-04-25,19.89999961853028,20.0,18.5,18.5,18.5,45391
2011-04-26,19.0,19.0,17.600000381469727,17.600000381469727,17.600000381469727,151588
2011-04-27,17.899999618530273,18.700000762939453,17.899999618530273,18.299999237060547,18.299999237060547,41951
2011-04-28,18.299999237060547,18.299999237060547,18.0,18.0,18.0,17630
2011-04-29,18.200000762939453,18.39999961853028,17.700000762939453,18.200000762939453,18.200000762939453,107653
2011-05-02,17.799999237060547,18.100000381469727,17.799999237060547,18.0,18.0,11527
2011-05-03,18.200000762939453,18.200000762939453,16.899999618530273,16.899999618530273,16.899999618530273,66202
2011-05-04,16.899999618530273,18.100000381469727,16.700000762939453,17.200000762939453,17.200000762939453,79678
2011-05-05,18.299999237060547,18.299999237060547,16.600000381469727,16.600000381469727,16.600000381469727,78905
2011-05-06,17.299999237060547,17.299999237060547,16.700000762939453,16.799999237060547,16.799999237060547,100322
2011-05-09,17.100000381469727,17.299999237060547,16.5,16.600000381469727,16.600000381469727,19486
2011-05-10,16.799999237060547,17.0,16.399999618530273,16.600000381469727,16.600000381469727,64588
2011-05-11,16.700000762939453,16.899999618530273,15.699999809265137,15.800000190734863,15.800000190734863,39986
2011-05-12,15.800000190734863,15.800000190734863,15.199999809265137,15.300000190734863,15.300000190734863,52515
2011-05-13,15.5,15.800000190734863,15.199999809265137,15.800000190734863,15.800000190734863,133500
2011-05-16,15.899999618530272,17.0,15.5,16.0,16.0,217416
2011-05-17,16.299999237060547,16.700000762939453,15.399999618530272,16.100000381469727,16.100000381469727,16385
2011-05-18,16.299999237060547,16.5,15.899999618530272,16.100000381469727,16.100000381469727,45900
2011-05-19,16.0,16.299999237060547,15.699999809265137,15.699999809265137,15.699999809265137,3532
2011-05-20,15.600000381469728,16.200000762939453,15.5,16.0,16.0,6326
2011-05-24,16.0,16.200000762939453,15.399999618530272,15.800000190734863,15.800000190734863,427379
2011-05-25,16.200000762939453,16.600000381469727,15.899999618530272,16.5,16.5,89448
2011-05-26,16.5,16.5,15.899999618530272,16.399999618530273,16.399999618530273,15072
2011-05-27,16.5,16.799999237060547,16.100000381469727,16.799999237060547,16.799999237060547,80544
2011-05-31,18.0,18.200000762939453,16.899999618530273,16.899999618530273,16.899999618530273,98686
2011-06-01,16.700000762939453,17.299999237060547,16.5,16.799999237060547,16.799999237060547,72063
2011-06-02,16.799999237060547,17.399999618530273,15.899999618530272,16.0,16.0,16332
2011-06-03,16.0,16.700000762939453,16.0,16.100000381469727,16.100000381469727,8678
2011-06-06,16.200000762939453,16.899999618530273,15.899999618530272,16.0,16.0,76290
2011-06-07,16.0,16.600000381469727,16.0,16.0,16.0,42967
2011-06-08,16.0,16.799999237060547,16.0,16.0,16.0,21614
2011-06-09,16.100000381469727,16.600000381469727,16.0,16.100000381469727,16.100000381469727,28865
2011-06-10,16.0,16.299999237060547,15.600000381469728,15.899999618530272,15.899999618530272,39131
2011-06-13,16.799999237060547,17.799999237060547,16.5,16.5,16.5,432371
2011-06-14,16.600000381469727,18.39999961853028,16.5,18.39999961853028,18.39999961853028,325053
2011-06-15,18.299999237060547,18.799999237060547,17.299999237060547,17.899999618530273,17.899999618530273,259637
2011-06-16,17.5,17.799999237060547,16.5,16.600000381469727,16.600000381469727,199688
2011-06-17,16.799999237060547,17.0,15.0,17.0,17.0,1520289
2011-06-20,16.5,16.5,15.699999809265137,16.200000762939453,16.200000762939453,127599
2011-06-21,16.399999618530273,16.5,15.899999618530272,16.0,16.0,66025
2011-06-22,16.100000381469727,17.0,16.100000381469727,16.899999618530273,16.899999618530273,127392
2011-06-23,16.399999618530273,17.0,16.200000762939453,16.399999618530273,16.399999618530273,39565
2011-06-24,16.600000381469727,17.0,16.0,16.399999618530273,16.399999618530273,16748
2011-06-27,16.5,16.899999618530273,15.800000190734863,16.399999618530273,16.399999618530273,15969
2011-06-28,16.600000381469727,16.600000381469727,16.0,16.299999237060547,16.299999237060547,9086
2011-06-29,16.600000381469727,17.600000381469727,16.600000381469727,17.299999237060547,17.299999237060547,132922
2011-06-30,17.5,17.799999237060547,17.299999237060547,17.399999618530273,17.399999618530273,28477
2011-07-05,17.0,18.0,16.899999618530273,17.799999237060547,17.799999237060547,22169
2011-07-06,17.700000762939453,18.200000762939453,17.700000762939453,18.100000381469727,18.100000381469727,34234
2011-07-07,18.100000381469727,19.200000762939453,17.899999618530273,18.700000762939453,18.700000762939453,91899
2011-07-08,18.600000381469727,19.0,18.39999961853028,18.39999961853028,18.39999961853028,10909
2011-07-11,17.899999618530273,18.39999961853028,17.799999237060547,17.799999237060547,17.799999237060547,30538
2011-07-12,17.600000381469727,18.39999961853028,17.399999618530273,18.39999961853028,18.39999961853028,79903
2011-07-13,18.39999961853028,20.600000381469727,18.39999961853028,20.0,20.0,60871
2011-07-14,19.89999961853028,20.799999237060547,19.799999237060547,20.299999237060547,20.299999237060547,44510
2011-07-15,19.5,20.200000762939453,19.5,20.200000762939453,20.200000762939453,15079
2011-07-18,19.700000762939453,21.799999237060547,19.700000762939453,20.89999961853028,20.89999961853028,66119
2011-07-19,20.89999961853028,20.89999961853028,20.299999237060547,20.600000381469727,20.600000381469727,23758
2011-07-20,20.0,20.0,18.600000381469727,20.0,20.0,31586
2011-07-21,20.0,20.0,19.100000381469727,19.100000381469727,19.100000381469727,26612
2011-07-22,19.39999961853028,19.799999237060547,18.700000762939453,18.799999237060547,18.799999237060547,17072
2011-07-25,19.0,19.0,18.200000762939453,18.200000762939453,18.200000762939453,33479
2011-07-26,18.700000762939453,19.0,18.39999961853028,18.89999961853028,18.89999961853028,11747
2011-07-27,18.89999961853028,18.89999961853028,17.600000381469727,17.600000381469727,17.600000381469727,14366
2011-07-28,18.100000381469727,18.299999237060547,16.799999237060547,17.700000762939453,17.700000762939453,21386
2011-07-29,17.5,18.5,17.100000381469727,17.399999618530273,17.399999618530273,28438
2011-08-02,18.100000381469727,19.0,17.299999237060547,19.0,19.0,27276
2011-08-03,19.0,19.0,18.299999237060547,18.299999237060547,18.299999237060547,25970
2011-08-04,18.299999237060547,18.5,16.899999618530273,17.700000762939453,17.700000762939453,42123
2011-08-05,17.5,18.200000762939453,17.0,17.600000381469727,17.600000381469727,43964
2011-08-08,16.600000381469727,18.799999237060547,16.600000381469727,17.899999618530273,17.899999618530273,83990
2011-08-09,18.799999237060547,18.799999237060547,16.600000381469727,17.200000762939453,17.200000762939453,101144
2011-08-10,17.100000381469727,17.700000762939453,16.600000381469727,17.600000381469727,17.600000381469727,44862
2011-08-11,17.5,19.0,17.0,18.700000762939453,18.700000762939453,43859
2011-08-12,18.600000381469727,18.700000762939453,18.5,18.5,18.5,38164
2011-08-15,18.299999237060547,19.0,18.200000762939453,18.799999237060547,18.799999237060547,32070
2011-08-16,18.799999237060547,19.0,18.5,18.799999237060547,18.799999237060547,31782
2011-08-17,19.0,19.200000762939453,18.600000381469727,19.200000762939453,19.200000762939453,17896
2011-08-18,19.0,19.89999961853028,18.600000381469727,19.5,19.5,21363
2011-08-19,19.39999961853028,19.89999961853028,18.799999237060547,19.89999961853028,19.89999961853028,26039
2011-08-22,19.89999961853028,20.200000762939453,19.100000381469727,19.89999961853028,19.89999961853028,68401
2011-08-23,20.0,20.0,18.0,18.0,18.0,74740
2011-08-24,17.299999237060547,18.89999961853028,16.600000381469727,16.600000381469727,16.600000381469727,77323
2011-08-25,16.700000762939453,17.799999237060547,16.600000381469727,17.5,17.5,58621
2011-08-26,17.399999618530273,17.399999618530273,16.5,17.100000381469727,17.100000381469727,28132
2011-08-29,17.0,17.100000381469727,16.700000762939453,16.899999618530273,16.899999618530273,59771
2011-08-30,17.100000381469727,17.5,16.899999618530273,17.0,17.0,35687
2011-08-31,17.0,17.100000381469727,16.799999237060547,16.899999618530273,16.899999618530273,89706
2011-09-01,15.100000381469728,16.700000762939453,15.100000381469728,16.299999237060547,16.299999237060547,58842
2011-09-02,16.399999618530273,17.0,16.299999237060547,16.700000762939453,16.700000762939453,47502
2011-09-06,17.299999237060547,17.299999237060547,16.0,16.0,16.0,48905
2011-09-07,16.100000381469727,16.100000381469727,15.199999809265137,15.600000381469728,15.600000381469728,73003
2011-09-08,15.699999809265137,16.799999237060547,15.5,16.600000381469727,16.600000381469727,78715
2011-09-09,16.5,16.5,15.800000190734863,16.100000381469727,16.100000381469727,75949
2011-09-12,16.0,16.0,15.100000381469728,15.199999809265137,15.199999809265137,140145
2011-09-13,15.800000190734863,15.800000190734863,14.5,14.899999618530272,14.899999618530272,85349
2011-09-14,15.0,15.899999618530272,14.199999809265137,14.300000190734863,14.300000190734863,327853
2011-09-15,14.300000190734863,14.699999809265137,14.0,14.600000381469728,14.600000381469728,58352
2011-09-16,14.699999809265137,15.899999618530272,14.0,15.800000190734863,15.800000190734863,191038
2011-09-19,15.300000190734863,15.699999809265137,14.800000190734863,14.899999618530272,14.899999618530272,84337
2011-09-20,14.899999618530272,15.699999809265137,14.699999809265137,15.699999809265137,15.699999809265137,263622
2011-09-21,15.699999809265137,15.800000190734863,14.5,14.600000381469728,14.600000381469728,289209
2011-09-22,13.600000381469728,13.600000381469728,11.600000381469728,12.699999809265137,12.699999809265137,201805
2011-09-23,12.699999809265137,13.399999618530272,12.5,12.899999618530272,12.899999618530272,65273
2011-09-26,12.600000381469728,13.199999809265137,12.300000190734863,12.600000381469728,12.600000381469728,267564
2011-09-27,12.800000190734863,13.800000190734863,12.800000190734863,13.0,13.0,361594
2011-09-28,13.199999809265137,13.600000381469728,12.5,12.5,12.5,219114
2011-09-29,12.600000381469728,13.199999809265137,12.399999618530272,12.600000381469728,12.600000381469728,60407
2011-09-30,12.600000381469728,13.199999809265137,12.600000381469728,13.0,13.0,56904
2011-10-03,13.0,13.300000190734863,12.600000381469728,13.0,13.0,149302
2011-10-04,12.899999618530272,13.0,12.300000190734863,12.300000190734863,12.300000190734863,51147
2011-10-05,12.800000190734863,13.0,12.199999809265137,13.0,13.0,54492
2011-10-06,12.699999809265137,13.399999618530272,12.699999809265137,13.399999618530272,13.399999618530272,37941
2011-10-07,13.100000381469728,13.399999618530272,12.800000190734863,12.800000190734863,12.800000190734863,25446
2011-10-11,12.800000190734863,13.5,12.800000190734863,13.399999618530272,13.399999618530272,64646
2011-10-12,13.5,13.699999809265137,13.199999809265137,13.199999809265137,13.199999809265137,37119
2011-10-13,13.300000190734863,13.300000190734863,12.899999618530272,12.899999618530272,12.899999618530272,114986
2011-10-14,13.399999618530272,13.399999618530272,12.899999618530272,13.0,13.0,86045
2011-10-17,13.199999809265137,13.199999809265137,12.699999809265137,12.800000190734863,12.800000190734863,165327
2011-10-18,12.699999809265137,13.199999809265137,12.699999809265137,13.199999809265137,13.199999809265137,158335
2011-10-19,13.199999809265137,13.600000381469728,12.800000190734863,13.399999618530272,13.399999618530272,315356
2011-10-20,13.399999618530272,13.399999618530272,13.0,13.199999809265137,13.199999809265137,65732
2011-10-21,13.399999618530272,13.699999809265137,13.300000190734863,13.600000381469728,13.600000381469728,94148
2011-10-24,13.699999809265137,14.5,13.600000381469728,14.199999809265137,14.199999809265137,397259
2011-10-25,14.399999618530272,14.899999618530272,13.800000190734863,14.800000190734863,14.800000190734863,120685
2011-10-26,15.0,15.800000190734863,15.0,15.800000190734863,15.800000190734863,140813
2011-10-27,15.899999618530272,15.899999618530272,15.300000190734863,15.699999809265137,15.699999809265137,160482
2011-10-28,15.5,16.200000762939453,15.399999618530272,15.899999618530272,15.899999618530272,197118
2011-10-31,15.800000190734863,15.899999618530272,15.199999809265137,15.199999809265137,15.199999809265137,42213
2011-11-01,15.199999809265137,15.5,14.0,15.199999809265137,15.199999809265137,492910
2011-11-02,15.600000381469728,17.0,15.199999809265137,16.700000762939453,16.700000762939453,684160
2011-11-03,17.200000762939453,17.799999237060547,16.399999618530273,16.799999237060547,16.799999237060547,425904
2011-11-04,16.700000762939453,16.700000762939453,15.5,16.200000762939453,16.200000762939453,345911
2011-11-07,16.399999618530273,17.100000381469727,16.200000762939453,16.799999237060547,16.799999237060547,235098
2011-11-08,16.700000762939453,16.899999618530273,16.0,16.399999618530273,16.399999618530273,505849
2011-11-09,16.200000762939453,17.100000381469727,16.200000762939453,16.200000762939453,16.200000762939453,396396
2011-11-10,16.0,16.5,15.699999809265137,16.299999237060547,16.299999237060547,88432
2011-11-11,16.299999237060547,16.799999237060547,16.299999237060547,16.600000381469727,16.600000381469727,33875
2011-11-14,16.600000381469727,17.799999237060547,16.399999618530273,17.5,17.5,258980
2011-11-15,17.200000762939453,17.399999618530273,16.700000762939453,17.200000762939453,17.200000762939453,430331
2011-11-16,17.200000762939453,17.299999237060547,16.600000381469727,16.899999618530273,16.899999618530273,266231
2011-11-17,22.5,22.5,22.5,22.5,22.5,0
2011-11-18,22.5,22.5,22.5,22.5,22.5,0
2011-11-21,22.5,22.5,22.5,22.5,22.5,0
2011-11-22,22.5,22.5,22.5,22.5,22.5,0
2011-11-23,22.5,22.5,22.5,22.5,22.5,0
2011-11-25,22.5,22.5,22.5,22.5,22.5,0
2011-11-28,22.5,22.5,22.5,22.5,22.5,0
2011-11-29,22.5,22.5,22.5,22.5,22.5,0
2011-11-30,22.5,22.5,22.5,22.5,22.5,0
2011-12-01,22.5,22.5,22.5,22.5,22.5,0
2011-12-02,22.5,22.5,22.5,22.5,22.5,0
2011-12-05,22.5,22.5,22.5,22.5,22.5,0
2011-12-06,22.5,22.5,22.5,22.5,22.5,0
2011-12-07,22.5,22.5,22.5,22.5,22.5,0
2011-12-08,22.5,22.5,22.5,22.5,22.5,0
2011-12-09,22.5,22.5,22.5,22.5,22.5,0
2011-12-12,22.5,22.5,22.5,22.5,22.5,0
2011-12-13,22.5,22.5,22.5,22.5,22.5,0
2011-12-14,22.5,22.5,22.5,22.5,22.5,0
2011-12-15,22.5,22.5,22.5,22.5,22.5,0
2011-12-16,22.5,22.5,22.5,22.5,22.5,0
2011-12-19,22.5,22.5,22.5,22.5,22.5,0
2011-12-20,22.5,22.5,22.5,22.5,22.5,0
2011-12-21,22.5,22.5,22.5,22.5,22.5,0
2011-12-22,22.5,22.5,22.5,22.5,22.5,0
2011-12-23,22.5,22.5,22.5,22.5,22.5,0
2011-12-27,22.5,22.5,22.5,22.5,22.5,0
2011-12-28,22.5,22.5,22.5,22.5,22.5,0
2011-12-29,22.5,22.5,22.5,22.5,22.5,0
2011-12-30,22.5,22.5,22.5,22.5,22.5,0
2012-01-03,22.5,22.5,22.5,22.5,22.5,0
2012-01-04,22.5,22.5,22.5,22.5,22.5,0
2012-01-05,22.5,22.5,22.5,22.5,22.5,0
2012-01-06,22.5,22.5,22.5,22.5,22.5,0
2012-01-09,22.5,22.5,22.5,22.5,22.5,0
2012-01-10,22.5,22.5,22.5,22.5,22.5,0
2012-01-11,22.5,22.5,22.5,22.5,22.5,0
2012-01-12,22.5,22.5,22.5,22.5,22.5,0
2012-01-13,22.5,22.5,22.5,22.5,22.5,0
2012-01-17,22.5,22.5,22.5,22.5,22.5,0
2012-01-18,22.5,22.5,22.5,22.5,22.5,0
2012-01-19,22.5,22.5,22.5,22.5,22.5,0
2012-01-20,22.5,22.5,22.5,22.5,22.5,0
2012-01-23,22.5,22.5,22.5,22.5,22.5,0
2012-01-24,22.5,22.5,22.5,22.5,22.5,0
2012-01-25,22.5,22.5,22.5,22.5,22.5,0
2012-01-26,22.5,22.5,22.5,22.5,22.5,0
2012-01-27,22.5,22.5,22.5,22.5,22.5,0
2012-01-30,22.5,22.5,22.5,22.5,22.5,0
2012-01-31,22.5,22.5,22.5,22.5,22.5,0
2012-02-01,22.5,22.5,22.5,22.5,22.5,0
2012-02-02,22.5,22.5,22.5,22.5,22.5,0
2012-02-03,22.5,22.5,22.5,22.5,22.5,0
2012-02-06,22.5,22.5,22.5,22.5,22.5,0
2012-02-07,22.5,22.5,22.5,22.5,22.5,0
2012-02-08,22.5,22.5,22.5,22.5,22.5,0
2012-02-09,22.5,22.5,22.5,22.5,22.5,0
2012-02-10,22.5,22.5,22.5,22.5,22.5,0
2012-02-13,22.5,22.5,22.5,22.5,22.5,0
2012-02-14,22.5,22.5,22.5,22.5,22.5,0
2012-02-15,22.5,22.5,22.5,22.5,22.5,0
2012-02-16,22.5,22.5,22.5,22.5,22.5,0
2012-02-17,22.5,22.5,22.5,22.5,22.5,0
2012-02-21,22.5,22.5,22.5,22.5,22.5,0
2012-02-22,22.5,22.5,22.5,22.5,22.5,0
2012-02-23,22.5,22.5,22.5,22.5,22.5,0
2012-02-24,22.5,22.5,22.5,22.5,22.5,0
2012-02-27,22.5,22.5,22.5,22.5,22.5,0
2012-02-28,22.5,22.5,22.5,22.5,22.5,0
2012-02-29,22.5,22.5,22.5,22.5,22.5,0
2012-03-01,22.5,22.5,22.5,22.5,22.5,0
2012-03-02,22.5,22.5,22.5,22.5,22.5,0
2012-03-05,22.5,22.5,22.5,22.5,22.5,0
2012-03-06,22.5,22.5,22.5,22.5,22.5,0
2012-03-07,22.5,22.5,22.5,22.5,22.5,0
2012-03-08,22.5,22.5,22.5,22.5,22.5,0
2012-03-09,22.5,22.5,22.5,22.5,22.5,0
2012-03-12,22.5,22.5,22.5,22.5,22.5,0
2012-03-13,22.5,22.5,22.5,22.5,22.5,0
2012-03-14,22.5,22.5,22.5,22.5,22.5,0
2012-03-15,22.5,22.5,22.5,22.5,22.5,0
2012-03-16,22.5,22.5,22.5,22.5,22.5,0
2012-03-19,22.5,22.5,22.5,22.5,22.5,0
2012-03-20,22.5,22.5,22.5,22.5,22.5,0
2012-03-21,22.5,22.5,22.5,22.5,22.5,0
2012-03-22,22.5,22.5,22.5,22.5,22.5,0
2012-03-23,22.5,22.5,22.5,22.5,22.5,0
2012-03-26,22.5,22.5,22.5,22.5,22.5,0
2012-03-27,22.5,22.5,22.5,22.5,22.5,0
2012-03-28,22.5,22.5,22.5,22.5,22.5,0
2012-03-29,22.5,22.5,22.5,22.5,22.5,0
2012-03-30,22.5,22.5,22.5,22.5,22.5,0
2012-04-02,22.5,22.5,22.5,22.5,22.5,0
2012-04-03,22.5,22.5,22.5,22.5,22.5,0
2012-04-04,22.5,22.5,22.5,22.5,22.5,0
2012-04-05,22.5,22.5,22.5,22.5,22.5,0
2012-04-09,22.5,22.5,22.5,22.5,22.5,0
2012-04-10,22.5,22.5,22.5,22.5,22.5,0
2012-04-11,22.5,22.5,22.5,22.5,22.5,0
2012-04-12,22.5,22.5,22.5,22.5,22.5,0
2012-04-13,22.5,22.5,22.5,22.5,22.5,0
2012-04-16,22.5,22.5,22.5,22.5,22.5,0
2012-04-17,22.5,22.5,22.5,22.5,22.5,0
2012-04-18,22.5,22.5,22.5,22.5,22.5,0
2012-04-19,22.5,22.5,22.5,22.5,22.5,0
2012-04-20,22.5,22.5,22.5,22.5,22.5,0
2012-04-23,22.5,22.5,22.5,22.5,22.5,0
2012-04-24,22.5,22.5,22.5,22.5,22.5,0
2012-04-25,22.5,22.5,22.5,22.5,22.5,0
2012-04-26,22.5,22.5,22.5,22.5,22.5,0
2012-04-27,22.5,22.5,22.5,22.5,22.5,0
2012-04-30,22.5,22.5,22.5,22.5,22.5,0
2012-05-01,22.5,22.5,22.5,22.5,22.5,0
2012-05-02,22.5,22.5,22.5,22.5,22.5,0
2012-05-03,22.5,22.5,22.5,22.5,22.5,0
2012-05-04,22.5,22.5,22.5,22.5,22.5,0
2012-05-07,22.5,22.5,22.5,22.5,22.5,0
2012-05-08,22.5,22.5,22.5,22.5,22.5,0
2012-05-09,22.5,22.5,22.5,22.5,22.5,0
2012-05-10,22.5,22.5,22.5,22.5,22.5,0
2012-05-11,22.5,22.5,22.5,22.5,22.5,0
2012-05-14,22.5,22.5,22.5,22.5,22.5,0
2012-05-15,22.5,22.5,22.5,22.5,22.5,0
2012-05-16,22.5,22.5,22.5,22.5,22.5,0
2012-05-17,22.5,22.5,22.5,22.5,22.5,0
2012-05-18,22.5,22.5,22.5,22.5,22.5,0
2012-05-21,22.5,22.5,22.5,22.5,22.5,0
2012-05-22,22.5,22.5,22.5,22.5,22.5,0
2012-05-23,22.5,22.5,22.5,22.5,22.5,0
2012-05-24,22.5,22.5,22.5,22.5,22.5,0
2012-05-25,22.5,22.5,22.5,22.5,22.5,0
2012-05-29,22.5,22.5,22.5,22.5,22.5,0
2012-05-30,22.5,22.5,22.5,22.5,22.5,0
2012-05-31,22.5,22.5,22.5,22.5,22.5,0
2012-06-01,22.5,22.5,22.5,22.5,22.5,0
2012-06-04,22.5,22.5,22.5,22.5,22.5,0
2012-06-05,22.5,22.5,22.5,22.5,22.5,0
2012-06-06,22.5,22.5,22.5,22.5,22.5,0
2012-06-07,22.5,22.5,22.5,22.5,22.5,0
2012-06-08,22.5,22.5,22.5,22.5,22.5,0
2012-06-11,22.5,22.5,22.5,22.5,22.5,0
2012-06-12,22.5,22.5,22.5,22.5,22.5,0
2012-06-13,22.5,22.5,22.5,22.5,22.5,0
2012-06-14,22.5,22.5,22.5,22.5,22.5,0
2012-06-15,22.5,22.5,22.5,22.5,22.5,0
2012-06-18,22.5,22.5,22.5,22.5,22.5,0
2012-06-19,22.5,22.5,22.5,22.5,22.5,0
2012-06-20,22.5,22.5,22.5,22.5,22.5,0
2012-06-21,22.5,22.5,22.5,22.5,22.5,0
2012-06-22,22.5,22.5,22.5,22.5,22.5,0
2012-06-25,22.5,22.5,22.5,22.5,22.5,0
2012-06-26,22.5,22.5,22.5,22.5,22.5,0
2012-06-27,22.5,22.5,22.5,22.5,22.5,0
2012-06-28,22.5,22.5,22.5,22.5,22.5,0
2012-06-29,22.5,22.5,22.5,22.5,22.5,0
2012-07-02,22.5,22.5,22.5,22.5,22.5,0
2012-07-03,22.5,22.5,22.5,22.5,22.5,0
2012-07-05,22.5,22.5,22.5,22.5,22.5,0
2012-07-06,22.5,22.5,22.5,22.5,22.5,0
2012-07-09,22.5,22.5,22.5,22.5,22.5,0
2012-07-10,22.5,22.5,22.5,22.5,22.5,0
2012-07-11,22.5,22.5,22.5,22.5,22.5,0
2012-07-12,22.5,22.5,22.5,22.5,22.5,0
2012-07-13,22.5,22.5,22.5,22.5,22.5,0
2012-07-16,22.5,22.5,22.5,22.5,22.5,0
2012-07-17,22.5,22.5,22.5,22.5,22.5,0
2012-07-18,22.5,22.5,22.5,22.5,22.5,0
2012-07-19,22.5,22.5,22.5,22.5,22.5,0
2012-07-20,22.5,22.5,22.5,22.5,22.5,0
2012-07-23,22.5,22.5,22.5,22.5,22.5,0
2012-07-24,22.5,22.5,22.5,22.5,22.5,0
2012-07-25,22.5,22.5,22.5,22.5,22.5,0
2012-07-26,22.5,22.5,22.5,22.5,22.5,0
2012-07-27,22.5,22.5,22.5,22.5,22.5,0
2012-07-30,22.5,22.5,22.5,22.5,22.5,0
2012-07-31,22.5,22.5,22.5,22.5,22.5,0
2012-08-01,22.5,22.5,22.5,22.5,22.5,0
2012-08-02,22.5,22.5,22.5,22.5,22.5,0
2012-08-03,22.5,22.5,22.5,22.5,22.5,0
2012-08-06,22.5,22.5,22.5,22.5,22.5,0
2012-08-07,22.5,22.5,22.5,22.5,22.5,0
2012-08-08,22.5,22.5,22.5,22.5,22.5,0
2012-08-09,22.5,22.5,22.5,22.5,22.5,0
2012-08-10,22.5,22.5,22.5,22.5,22.5,0
2012-08-13,22.5,22.5,22.5,22.5,22.5,0
2012-08-14,22.5,22.5,22.5,22.5,22.5,0
2012-08-15,22.5,22.5,22.5,22.5,22.5,0
2012-08-16,22.5,22.5,22.5,22.5,22.5,0
2012-08-17,22.5,22.5,22.5,22.5,22.5,0
2012-08-20,22.5,22.5,22.5,22.5,22.5,0
2012-08-21,22.5,22.5,22.5,22.5,22.5,0
2012-08-22,22.5,22.5,22.5,22.5,22.5,0
2012-08-23,22.5,22.5,22.5,22.5,22.5,0
2012-08-24,22.5,22.5,22.5,22.5,22.5,0
2012-08-27,22.5,22.5,22.5,22.5,22.5,0
2012-08-28,22.5,22.5,22.5,22.5,22.5,0
2012-08-29,22.5,22.5,22.5,22.5,22.5,0
2012-08-30,22.5,22.5,22.5,22.5,22.5,0
2012-08-31,22.5,22.5,22.5,22.5,22.5,0
2012-09-04,22.5,22.5,22.5,22.5,22.5,0
2012-09-05,22.5,22.5,22.5,22.5,22.5,0
2012-09-06,22.5,22.5,22.5,22.5,22.5,0
2012-09-07,22.5,22.5,22.5,22.5,22.5,0
2012-09-10,22.5,22.5,22.5,22.5,22.5,0
2012-09-11,22.5,22.5,22.5,22.5,22.5,0
2012-09-12,22.5,22.5,22.5,22.5,22.5,0
2012-09-13,22.5,22.5,22.5,22.5,22.5,0
2012-09-14,22.5,22.5,22.5,22.5,22.5,0
2012-09-17,22.5,22.5,22.5,22.5,22.5,0
2012-09-18,22.5,22.5,22.5,22.5,22.5,0
2012-09-19,22.5,22.5,22.5,22.5,22.5,0
2012-09-20,22.5,22.5,22.5,22.5,22.5,0
2012-09-21,22.5,22.5,22.5,22.5,22.5,0
2012-09-24,21.700000762939453,21.89999961853028,20.5,20.5,20.5,150782
2012-09-25,21.0,21.600000381469727,19.700000762939453,19.89999961853028,19.89999961853028,509417
2012-09-26,19.600000381469727,20.200000762939453,19.299999237060547,20.0,20.0,578994
2012-09-27,20.299999237060547,20.799999237060547,20.0,20.600000381469727,20.600000381469727,815749
2012-09-28,20.600000381469727,21.600000381469727,20.39999961853028,21.200000762939453,21.200000762939453,1500508
2012-10-01,21.600000381469727,22.299999237060547,20.700000762939453,21.200000762939453,21.200000762939453,537969
2012-10-02,20.0,20.0,19.299999237060547,19.39999961853028,19.39999961853028,754772
2012-10-03,19.5,19.600000381469727,18.799999237060547,19.0,19.0,754200
2012-10-04,19.299999237060547,19.799999237060547,19.200000762939453,19.600000381469727,19.600000381469727,262589
2012-10-05,19.600000381469727,19.600000381469727,19.0,19.200000762939453,19.200000762939453,81006
2012-10-08,19.200000762939453,19.200000762939453,19.200000762939453,19.200000762939453,19.200000762939453,0
2012-10-09,19.299999237060547,19.299999237060547,18.600000381469727,19.0,19.0,171995
2012-10-10,18.89999961853028,19.0,18.600000381469727,18.89999961853028,18.89999961853028,199488
2012-10-11,19.0,19.600000381469727,18.89999961853028,19.200000762939453,19.200000762939453,188712
2012-10-12,19.39999961853028,19.39999961853028,19.0,19.299999237060547,19.299999237060547,20570
2012-10-15,19.299999237060547,19.299999237060547,18.5,19.100000381469727,19.100000381469727,136744
2012-10-16,19.100000381469727,19.89999961853028,19.0,19.5,19.5,258629
2012-10-17,19.299999237060547,19.89999961853028,19.200000762939453,19.600000381469727,19.600000381469727,122475
2012-10-18,19.600000381469727,19.799999237060547,19.39999961853028,19.5,19.5,306390
2012-10-19,19.5,19.700000762939453,19.200000762939453,19.39999961853028,19.39999961853028,345813
2012-10-22,19.5,20.100000381469727,19.5,20.100000381469727,20.100000381469727,491096
2012-10-23,19.700000762939453,19.799999237060547,19.0,19.0,19.0,172599
2012-10-24,19.39999961853028,19.600000381469727,19.0,19.299999237060547,19.299999237060547,96820
2012-10-25,19.39999961853028,20.0,19.299999237060547,20.0,20.0,824198
2012-10-26,19.799999237060547,20.5,19.600000381469727,20.0,20.0,343000
2012-10-31,20.0,20.799999237060547,19.799999237060547,20.799999237060547,20.799999237060547,379173
2012-11-01,20.89999961853028,21.100000381469727,20.5,20.799999237060547,20.799999237060547,195741
2012-11-02,20.600000381469727,20.700000762939453,20.299999237060547,20.5,20.5,176995
2012-11-05,20.799999237060547,20.799999237060547,20.299999237060547,20.299999237060547,20.299999237060547,88023
2012-11-06,20.5,20.799999237060547,20.200000762939453,20.700000762939453,20.700000762939453,160726
2012-11-07,20.700000762939453,21.100000381469727,20.299999237060547,21.0,21.0,100528
2012-11-08,20.700000762939453,21.5,20.700000762939453,21.5,21.5,207544
2012-11-09,21.5,22.0,21.39999961853028,21.799999237060547,21.799999237060547,179045
2012-11-12,21.89999961853028,22.200000762939453,21.5,21.89999961853028,21.89999961853028,50081
2012-11-13,21.600000381469727,22.0,21.5,21.799999237060547,21.799999237060547,63455
2012-11-14,22.0,22.0,20.600000381469727,20.799999237060547,20.799999237060547,217587
2012-11-15,20.799999237060547,21.0,19.89999961853028,20.200000762939453,20.200000762939453,240023
2012-11-16,20.39999961853028,20.850000381469727,20.100000381469727,20.39999961853028,20.39999961853028,147369
2012-11-19,21.0,21.5,20.600000381469727,20.700000762939453,20.700000762939453,116146
2012-11-20,20.600000381469727,20.89999961853028,20.5,20.700000762939453,20.700000762939453,79302
2012-11-21,20.700000762939453,20.89999961853028,20.600000381469727,20.600000381469727,20.600000381469727,187221
2012-11-23,20.700000762939453,20.799999237060547,20.5,20.700000762939453,20.700000762939453,306979
2012-11-26,20.600000381469727,20.700000762939453,20.39999961853028,20.700000762939453,20.700000762939453,32426
2012-11-27,20.600000381469727,20.600000381469727,19.700000762939453,19.799999237060547,19.799999237060547,125262
2012-11-28,19.600000381469727,20.700000762939453,19.100000381469727,20.600000381469727,20.600000381469727,160388
2012-11-29,20.5,20.700000762939453,19.89999961853028,20.600000381469727,20.600000381469727,173166
2012-11-30,20.600000381469727,21.0,20.100000381469727,21.0,21.0,155264
2012-12-03,20.5,20.600000381469727,19.89999961853028,20.0,20.0,480342
2012-12-04,20.0,21.5,19.799999237060547,21.5,21.5,253823
2012-12-05,21.200000762939453,21.200000762939453,20.200000762939453,20.799999237060547,20.799999237060547,271126
2012-12-06,20.700000762939453,20.89999961853028,20.39999961853028,20.600000381469727,20.600000381469727,536626
2012-12-07,20.600000381469727,21.200000762939453,20.5,21.100000381469727,21.100000381469727,337690
2012-12-10,21.0,22.0,20.89999961853028,22.0,22.0,354033
2012-12-11,22.0,22.0,21.299999237060547,21.799999237060547,21.799999237060547,286409
2012-12-12,21.89999961853028,22.0,21.600000381469727,21.799999237060547,21.799999237060547,429688
2012-12-13,21.799999237060547,21.799999237060547,21.200000762939453,21.299999237060547,21.299999237060547,142471
2012-12-14,21.89999961853028,22.799999237060547,21.5,21.600000381469727,21.600000381469727,989318
2012-12-17,22.0,22.39999961853028,21.700000762939453,21.89999961853028,21.89999961853028,489414
2012-12-18,21.89999961853028,21.89999961853028,20.89999961853028,20.89999961853028,20.89999961853028,204843
2012-12-19,21.0,21.700000762939453,20.89999961853028,21.600000381469727,21.600000381469727,175360
2012-12-20,21.100000381469727,21.600000381469727,21.0,21.5,21.5,153696
2012-12-21,21.600000381469727,21.799999237060547,21.200000762939453,21.5,21.5,2578097
2012-12-24,21.39999961853028,21.5,20.89999961853028,20.89999961853028,20.89999961853028,48773
2012-12-26,20.89999961853028,20.89999961853028,20.89999961853028,20.89999961853028,20.89999961853028,0
2012-12-27,21.0,21.600000381469727,20.89999961853028,21.600000381469727,21.600000381469727,66515
2012-12-28,21.5,21.700000762939453,21.200000762939453,21.700000762939453,21.700000762939453,33388
2012-12-31,21.5,22.0,21.39999961853028,22.0,22.0,67098
2013-01-02,22.0,22.299999237060547,21.700000762939453,21.799999237060547,21.799999237060547,104637
2013-01-03,21.700000762939453,21.89999961853028,21.200000762939453,21.200000762939453,21.200000762939453,86384
2013-01-04,21.0,22.0,20.799999237060547,22.0,22.0,215357
2013-01-07,21.799999237060547,21.89999961853028,21.39999961853028,21.39999961853028,21.39999961853028,336262
2013-01-08,21.5,21.600000381469727,20.89999961853028,21.100000381469727,21.100000381469727,333805
2013-01-09,21.100000381469727,21.39999961853028,21.0,21.100000381469727,21.100000381469727,262720
2013-01-10,21.5,21.600000381469727,21.0,21.39999961853028,21.39999961853028,542498
2013-01-11,21.39999961853028,21.39999961853028,21.100000381469727,21.200000762939453,21.200000762939453,96835
2013-01-14,21.200000762939453,21.299999237060547,20.700000762939453,20.700000762939453,20.700000762939453,222256
2013-01-15,20.799999237060547,20.799999237060547,20.5,20.700000762939453,20.700000762939453,442774
2013-01-16,20.5,20.799999237060547,20.39999961853028,20.39999961853028,20.39999961853028,36857
2013-01-17,20.799999237060547,21.0,20.299999237060547,21.0,21.0,55798
2013-01-18,20.89999961853028,20.89999961853028,20.200000762939453,20.39999961853028,20.39999961853028,159256
2013-01-22,20.299999237060547,20.700000762939453,20.200000762939453,20.39999961853028,20.39999961853028,83862
2013-01-23,20.299999237060547,20.39999961853028,19.299999237060547,19.299999237060547,19.299999237060547,191672
2013-01-24,19.5,19.5,18.799999237060547,18.89999961853028,18.89999961853028,217472
2013-01-25,18.799999237060547,19.299999237060547,18.5,18.700000762939453,18.700000762939453,590571
2013-01-28,18.600000381469727,19.200000762939453,18.600000381469727,19.200000762939453,19.200000762939453,79911
2013-01-29,19.200000762939453,19.799999237060547,19.0,19.799999237060547,19.799999237060547,230319
2013-01-30,19.89999961853028,20.200000762939453,19.600000381469727,19.89999961853028,19.89999961853028,159353
2013-01-31,19.700000762939453,20.0,19.299999237060547,20.0,20.0,94657
2013-02-01,20.100000381469727,20.39999961853028,19.700000762939453,20.200000762939453,20.200000762939453,69720
2013-02-04,19.5,19.89999961853028,19.5,19.700000762939453,19.700000762939453,61298
2013-02-05,19.700000762939453,19.700000762939453,18.799999237060547,19.0,19.0,121297
2013-02-06,19.100000381469727,19.5,18.600000381469727,19.0,19.0,179720
2013-02-07,18.799999237060547,19.200000762939453,18.600000381469727,19.100000381469727,19.100000381469727,136130
2013-02-08,19.200000762939453,19.5,18.700000762939453,19.5,19.5,100396
2013-02-11,19.100000381469727,19.39999961853028,18.299999237060547,18.299999237060547,18.299999237060547,145994
2013-02-12,18.299999237060547,18.5,18.200000762939453,18.299999237060547,18.299999237060547,172591
2013-02-13,18.299999237060547,18.600000381469727,18.200000762939453,18.39999961853028,18.39999961853028,83852
2013-02-14,18.39999961853028,19.299999237060547,18.0,19.100000381469727,19.100000381469727,310440
2013-02-15,18.100000381469727,18.700000762939453,18.0,18.299999237060547,18.299999237060547,91590
2013-02-19,18.700000762939453,18.700000762939453,17.299999237060547,17.700000762939453,17.700000762939453,235188
2013-02-20,17.700000762939453,17.700000762939453,16.75,16.899999618530273,16.899999618530273,359121
2013-02-21,16.799999237060547,17.299999237060547,16.399999618530273,16.700000762939453,16.700000762939453,214353
2013-02-22,16.899999618530273,17.0,16.600000381469727,16.700000762939453,16.700000762939453,82835
2013-02-25,17.100000381469727,17.700000762939453,17.0,17.700000762939453,17.700000762939453,163198
2013-02-26,17.799999237060547,18.0,17.299999237060547,17.799999237060547,17.799999237060547,152212
2013-02-27,17.799999237060547,18.100000381469727,17.600000381469727,17.600000381469727,17.600000381469727,98615
2013-02-28,17.600000381469727,18.200000762939453,17.299999237060547,18.200000762939453,18.200000762939453,85093
2013-03-01,18.0,18.0,17.399999618530273,17.5,17.5,122945
2013-03-04,17.5,17.600000381469727,16.299999237060547,16.299999237060547,16.299999237060547,197354
2013-03-05,16.700000762939453,16.799999237060547,16.200000762939453,16.5,16.5,182670
2013-03-06,16.5,17.299999237060547,16.200000762939453,17.200000762939453,17.200000762939453,244155
2013-03-07,17.200000762939453,17.600000381469727,17.0,17.100000381469727,17.100000381469727,154848
2013-03-08,17.100000381469727,17.799999237060547,16.75,17.100000381469727,17.100000381469727,212183
2013-03-11,17.200000762939453,17.700000762939453,17.100000381469727,17.600000381469727,17.600000381469727,78727
2013-03-12,17.899999618530273,18.299999237060547,17.799999237060547,18.0,18.0,107954
2013-03-13,18.100000381469727,18.100000381469727,17.600000381469727,17.700000762939453,17.700000762939453,68348
2013-03-14,17.799999237060547,18.0,17.600000381469727,17.799999237060547,17.799999237060547,81849
2013-03-15,17.899999618530273,18.799999237060547,17.899999618530273,18.799999237060547,18.799999237060547,917441
2013-03-18,18.799999237060547,19.0,18.5,18.600000381469727,18.600000381469727,68116
2013-03-19,18.39999961853028,18.700000762939453,18.0,18.100000381469727,18.100000381469727,105044
2013-03-20,18.0,18.0,17.600000381469727,17.700000762939453,17.700000762939453,75656
2013-03-21,18.200000762939453,18.200000762939453,17.299999237060547,17.600000381469727,17.600000381469727,136084
2013-03-22,17.5,17.700000762939453,17.100000381469727,17.100000381469727,17.100000381469727,71987
2013-03-25,17.200000762939453,17.299999237060547,16.700000762939453,17.200000762939453,17.200000762939453,149930
2013-03-26,17.0,17.799999237060547,16.899999618530273,17.600000381469727,17.600000381469727,232295
2013-03-27,17.700000762939453,18.049999237060547,17.5,18.0,18.0,104830
2013-03-28,17.700000762939453,17.700000762939453,17.100000381469727,17.399999618530273,17.399999618530273,244431
2013-04-01,17.5,17.5,17.100000381469727,17.200000762939453,17.200000762939453,27636
2013-04-02,17.100000381469727,17.299999237060547,16.700000762939453,16.799999237060547,16.799999237060547,225425
2013-04-03,16.799999237060547,17.0,14.399999618530272,15.399999618530272,15.399999618530272,241816
2013-04-04,15.5,16.799999237060547,15.0,16.5,16.5,303537
2013-04-05,17.100000381469727,17.200000762939453,16.600000381469727,16.899999618530273,16.899999618530273,240103
2013-04-08,16.700000762939453,16.899999618530273,15.699999809265137,15.800000190734863,15.800000190734863,88170
2013-04-09,15.800000190734863,16.600000381469727,15.800000190734863,16.100000381469727,16.100000381469727,124249
2013-04-10,16.0,16.299999237060547,15.199999809265137,15.300000190734863,15.300000190734863,201352
2013-04-11,15.300000190734863,15.699999809265137,14.899999618530272,15.199999809265137,15.199999809265137,245185
2013-04-12,14.600000381469728,15.050000190734863,13.899999618530272,14.399999618530272,14.399999618530272,531566
2013-04-15,13.800000190734863,13.800000190734863,11.899999618530272,12.600000381469728,12.600000381469728,826702
2013-04-16,13.100000381469728,13.600000381469728,12.600000381469728,12.899999618530272,12.899999618530272,286818
2013-04-17,12.899999618530272,13.300000190734863,11.899999618530272,12.699999809265137,12.699999809265137,269395
2013-04-18,12.899999618530272,13.0,12.100000381469728,12.899999618530272,12.899999618530272,149870
2013-04-19,12.899999618530272,13.600000381469728,12.800000190734863,13.399999618530272,13.399999618530272,220894
2013-04-22,13.899999618530272,14.100000381469728,13.25,13.800000190734863,13.800000190734863,118513
2013-04-23,13.5,13.699999809265137,12.800000190734863,12.899999618530272,12.899999618530272,132406
2013-04-24,13.199999809265137,14.399999618530272,12.800000190734863,14.300000190734863,14.300000190734863,684998
2013-04-25,14.5,14.800000190734863,13.5,13.699999809265137,13.699999809265137,314052
2013-04-26,13.800000190734863,13.800000190734863,13.0,13.300000190734863,13.300000190734863,147071
2013-04-29,13.600000381469728,13.800000190734863,13.100000381469728,13.5,13.5,102756
2013-04-30,13.5,14.0,12.699999809265137,14.0,14.0,134203
2013-05-01,13.399999618530272,14.100000381469728,13.100000381469728,13.899999618530272,13.899999618530272,230717
2013-05-02,14.199999809265137,14.399999618530272,13.5,14.199999809265137,14.199999809265137,153672
2013-05-03,14.300000190734863,14.600000381469728,13.600000381469728,13.600000381469728,13.600000381469728,53146
2013-05-06,13.899999618530272,14.199999809265137,13.100000381469728,13.100000381469728,13.100000381469728,83290
2013-05-07,12.899999618530272,13.300000190734863,12.600000381469728,13.100000381469728,13.100000381469728,100556
2013-05-08,13.399999618530272,14.199999809265137,13.100000381469728,14.199999809265137,14.199999809265137,127630
2013-05-09,13.800000190734863,14.699999809265137,13.699999809265137,14.100000381469728,14.100000381469728,114735
2013-05-10,13.399999618530272,14.699999809265137,13.199999809265137,14.600000381469728,14.600000381469728,161918
2013-05-13,14.100000381469728,14.800000190734863,14.0,14.300000190734863,14.300000190734863,131763
2013-05-14,14.300000190734863,14.899999618530272,14.100000381469728,14.5,14.5,171996
2013-05-15,14.199999809265137,14.399999618530272,14.0,14.300000190734863,14.300000190734863,527290
2013-05-16,14.0,14.399999618530272,14.0,14.300000190734863,14.300000190734863,279316
2013-05-17,14.100000381469728,14.300000190734863,14.0,14.100000381469728,14.100000381469728,189731
2013-05-20,14.100000381469728,14.100000381469728,14.100000381469728,14.100000381469728,14.100000381469728,0
2013-05-21,14.300000190734863,14.899999618530272,14.300000190734863,14.600000381469728,14.600000381469728,158930
2013-05-22,14.699999809265137,15.600000381469728,14.399999618530272,14.800000190734863,14.800000190734863,152558
2013-05-23,14.699999809265137,15.300000190734863,14.699999809265137,15.300000190734863,15.300000190734863,93392
2013-05-24,15.199999809265137,15.899999618530272,15.100000381469728,15.199999809265137,15.199999809265137,166267
2013-05-28,15.199999809265137,16.100000381469727,15.100000381469728,15.199999809265137,15.199999809265137,107521
2013-05-29,15.199999809265137,15.75,15.199999809265137,15.600000381469728,15.600000381469728,72082
2013-05-30,15.699999809265137,17.0,15.5,16.899999618530273,16.899999618530273,108943
2013-05-31,16.899999618530273,17.299999237060547,15.850000381469728,17.0,17.0,121863
2013-06-03,16.899999618530273,17.600000381469727,16.700000762939453,17.399999618530273,17.399999618530273,122554
2013-06-04,17.100000381469727,17.649999618530273,16.799999237060547,17.100000381469727,17.100000381469727,49559
2013-06-05,17.200000762939453,17.600000381469727,17.0,17.600000381469727,17.600000381469727,111397
2013-06-06,17.399999618530273,18.200000762939453,17.100000381469727,18.0,18.0,154502
2013-06-07,17.600000381469727,17.799999237060547,17.0,17.200000762939453,17.200000762939453,92705
2013-06-10,17.299999237060547,17.350000381469727,16.799999237060547,17.100000381469727,17.100000381469727,55930
2013-06-11,16.799999237060547,16.899999618530273,16.200000762939453,16.299999237060547,16.299999237060547,122547
2013-06-12,16.600000381469727,16.600000381469727,16.0,16.299999237060547,16.299999237060547,273417
2013-06-13,16.299999237060547,17.100000381469727,15.800000190734863,16.100000381469727,16.100000381469727,353934
2013-06-14,16.299999237060547,16.350000381469727,15.300000190734863,16.0,16.0,129804
2013-06-17,15.899999618530272,15.899999618530272,15.199999809265137,15.300000190734863,15.300000190734863,155405
2013-06-18,15.300000190734863,15.699999809265137,14.600000381469728,15.399999618530272,15.399999618530272,136836
2013-06-19,15.100000381469728,15.5,14.300000190734863,14.600000381469728,14.600000381469728,112077
2013-06-20,13.899999618530272,14.0,13.300000190734863,13.300000190734863,13.300000190734863,171199
2013-06-21,13.899999618530272,13.899999618530272,12.600000381469728,12.600000381469728,12.600000381469728,696832
2013-06-24,12.699999809265137,12.800000190734863,11.699999809265137,12.100000381469728,12.100000381469728,251667
2013-06-25,12.300000190734863,12.600000381469728,12.100000381469728,12.5,12.5,98425
2013-06-26,11.899999618530272,12.199999809265137,11.399999618530272,11.600000381469728,11.600000381469728,67359
2013-06-27,11.600000381469728,12.149999618530272,11.199999809265137,11.600000381469728,11.600000381469728,151060
2013-06-28,11.5,13.5,11.5,13.300000190734863,13.300000190734863,366447
2013-07-01,13.300000190734863,13.300000190734863,13.300000190734863,13.300000190734863,13.300000190734863,0
2013-07-02,13.100000381469728,13.199999809265137,12.399999618530272,13.0,13.0,71333
2013-07-03,13.199999809265137,13.600000381469728,13.100000381469728,13.199999809265137,13.199999809265137,32002
2013-07-05,13.100000381469728,13.100000381469728,11.449999809265137,11.699999809265137,11.699999809265137,170956
2013-07-08,12.199999809265137,12.899999618530272,12.199999809265137,12.5,12.5,84295
2013-07-09,13.100000381469728,13.100000381469728,12.199999809265137,12.300000190734863,12.300000190734863,12312
2013-07-10,12.5,13.199999809265137,12.199999809265137,13.199999809265137,13.199999809265137,50127
2013-07-11,13.800000190734863,14.0,13.100000381469728,13.600000381469728,13.600000381469728,59789
2013-07-12,13.399999618530272,14.0,13.199999809265137,13.199999809265137,13.199999809265137,53841
2013-07-15,13.199999809265137,13.199999809265137,12.5,12.800000190734863,12.800000190734863,33438
2013-07-16,13.0,14.300000190734863,12.699999809265137,14.100000381469728,14.100000381469728,126485
2013-07-17,14.5,14.5,12.899999618530272,13.0,13.0,63948
2013-07-18,13.399999618530272,13.5,12.5,12.699999809265137,12.699999809265137,43876
2013-07-19,13.0,13.600000381469728,12.699999809265137,13.100000381469728,13.100000381469728,63646
2013-07-22,13.699999809265137,14.100000381469728,13.300000190734863,14.0,14.0,62771
2013-07-23,13.600000381469728,15.399999618530272,13.300000190734863,15.399999618530272,15.399999618530272,220926
2013-07-24,15.5,15.5,13.800000190734863,13.800000190734863,13.800000190734863,149984
2013-07-25,13.699999809265137,14.399999618530272,13.399999618530272,13.399999618530272,13.399999618530272,79133
2013-07-26,13.399999618530272,13.899999618530272,13.300000190734863,13.800000190734863,13.800000190734863,37551
2013-07-29,13.899999618530272,14.600000381469728,13.699999809265137,14.199999809265137,14.199999809265137,56290
2013-07-30,14.300000190734863,14.300000190734863,13.5,13.699999809265137,13.699999809265137,43658
2013-07-31,13.699999809265137,14.0,13.0,13.199999809265137,13.199999809265137,105845
2013-08-01,13.300000190734863,13.5,12.5,12.600000381469728,12.600000381469728,40068
2013-08-02,12.800000190734863,13.0,12.399999618530272,12.600000381469728,12.600000381469728,34942
2013-08-05,12.600000381469728,12.600000381469728,12.600000381469728,12.600000381469728,12.600000381469728,0
2013-08-06,12.600000381469728,12.600000381469728,11.800000190734863,11.800000190734863,11.800000190734863,84414
2013-08-07,11.899999618530272,12.399999618530272,11.600000381469728,12.100000381469728,12.100000381469728,42540
2013-08-08,12.300000190734863,13.300000190734863,12.199999809265137,13.0,13.0,230631
2013-08-09,13.0,14.5,12.699999809265137,14.0,14.0,95298
2013-08-12,14.600000381469728,16.100000381469727,14.600000381469728,15.699999809265137,15.699999809265137,362374
2013-08-13,15.5,16.5,15.100000381469728,16.200000762939453,16.200000762939453,345213
2013-08-14,16.200000762939453,16.700000762939453,15.5,16.700000762939453,16.700000762939453,198594
2013-08-15,15.899999618530272,17.399999618530273,15.899999618530272,17.100000381469727,17.100000381469727,136218
2013-08-16,17.5,17.600000381469727,16.0,16.100000381469727,16.100000381469727,355584
2013-08-19,16.200000762939453,16.5,15.600000381469728,15.800000190734863,15.800000190734863,136515
2013-08-20,15.699999809265137,16.5,15.699999809265137,16.399999618530273,16.399999618530273,215858
2013-08-21,16.299999237060547,16.700000762939453,15.699999809265137,16.0,16.0,281566
2013-08-22,16.299999237060547,17.799999237060547,16.200000762939453,17.0,17.0,273220
2013-08-23,16.899999618530273,17.549999237060547,16.700000762939453,17.299999237060547,17.299999237060547,175951
2013-08-26,17.299999237060547,18.89999961853028,17.299999237060547,18.89999961853028,18.89999961853028,205530
2013-08-27,19.200000762939453,19.89999961853028,18.39999961853028,18.89999961853028,18.89999961853028,162859
2013-08-28,18.5,19.100000381469727,17.25,17.700000762939453,17.700000762939453,103053
2013-08-29,17.0,17.0,15.300000190734863,15.5,15.5,432630
2013-08-30,15.399999618530272,16.200000762939453,15.199999809265137,16.0,16.0,116712
2013-09-03,16.700000762939453,17.0,16.200000762939453,16.299999237060547,16.299999237060547,142545
2013-09-04,15.600000381469728,15.699999809265137,15.100000381469728,15.300000190734863,15.300000190734863,309602
2013-09-05,15.5,16.0,14.699999809265137,14.899999618530272,14.899999618530272,216578
2013-09-06,15.300000190734863,16.200000762939453,15.0,16.100000381469727,16.100000381469727,377431
2013-09-09,16.200000762939453,16.399999618530273,15.5,15.699999809265137,15.699999809265137,122178
2013-09-10,15.199999809265137,15.199999809265137,14.300000190734863,14.5,14.5,170496
2013-09-11,14.600000381469728,15.5,14.0,15.5,15.5,246578
2013-09-12,14.800000190734863,15.5,14.300000190734863,14.600000381469728,14.600000381469728,271862
2013-09-13,14.5,15.0,14.399999618530272,14.899999618530272,14.899999618530272,243867
2013-09-16,15.300000190734863,15.800000190734863,15.0,15.0,15.0,555634
2013-09-17,15.300000190734863,15.300000190734863,14.300000190734863,14.699999809265137,14.699999809265137,325726
2013-09-18,14.699999809265137,16.0,14.399999618530272,15.899999618530272,15.899999618530272,261258
2013-09-19,15.899999618530272,16.5,15.399999618530272,15.699999809265137,15.699999809265137,144863
2013-09-20,15.199999809265137,15.300000190734863,13.800000190734863,13.800000190734863,13.800000190734863,289915
2013-09-23,13.800000190734863,14.5,13.399999618530272,13.5,13.5,119233
2013-09-24,13.699999809265137,14.5,13.399999618530272,14.0,14.0,179490
2013-09-25,14.0,15.100000381469728,13.899999618530272,14.699999809265137,14.699999809265137,235256
2013-09-26,14.699999809265137,14.800000190734863,13.600000381469728,13.800000190734863,13.800000190734863,531774
2013-09-27,14.0,14.300000190734863,13.800000190734863,14.0,14.0,298341
2013-09-30,13.699999809265137,14.199999809265137,13.300000190734863,13.300000190734863,13.300000190734863,243629
2013-10-01,13.0,13.199999809265137,12.600000381469728,12.899999618530272,12.899999618530272,209833
2013-10-02,13.199999809265137,13.5,12.699999809265137,12.899999618530272,12.899999618530272,246577
2013-10-03,12.800000190734863,13.300000190734863,12.600000381469728,12.600000381469728,12.600000381469728,198397
2013-10-04,12.699999809265137,12.800000190734863,12.300000190734863,12.399999618530272,12.399999618530272,102863
2013-10-07,12.600000381469728,13.100000381469728,12.600000381469728,12.899999618530272,12.899999618530272,90689
2013-10-08,13.0,13.0,12.399999618530272,12.399999618530272,12.399999618530272,78770
2013-10-09,12.399999618530272,12.600000381469728,11.899999618530272,12.100000381469728,12.100000381469728,162721
2013-10-10,12.0,12.5,12.0,12.300000190734863,12.300000190734863,158574
2013-10-11,12.100000381469728,12.300000190734863,11.800000190734863,11.800000190734863,11.800000190734863,50735
2013-10-14,11.800000190734863,11.800000190734863,11.800000190734863,11.800000190734863,11.800000190734863,0
2013-10-15,12.0,12.800000190734863,11.699999809265137,12.600000381469728,12.600000381469728,317066
2013-10-16,12.5,12.600000381469728,12.300000190734863,12.399999618530272,12.399999618530272,41290
2013-10-17,12.899999618530272,13.100000381469728,12.0,12.300000190734863,12.300000190734863,247676
2013-10-18,12.199999809265137,12.300000190734863,11.600000381469728,11.699999809265137,11.699999809265137,139528
2013-10-21,11.899999618530272,12.100000381469728,11.800000190734863,12.0,12.0,45662
2013-10-22,12.399999618530272,13.0,12.300000190734863,12.699999809265137,12.699999809265137,273146
2013-10-23,12.600000381469728,12.899999618530272,12.300000190734863,12.399999618530272,12.399999618530272,115669
2013-10-24,12.600000381469728,12.800000190734863,12.300000190734863,12.699999809265137,12.699999809265137,96153
2013-10-25,12.600000381469728,12.800000190734863,12.399999618530272,12.699999809265137,12.699999809265137,109713
2013-10-28,12.600000381469728,13.199999809265137,12.5,12.699999809265137,12.699999809265137,216348
2013-10-29,12.600000381469728,12.699999809265137,12.199999809265137,12.600000381469728,12.600000381469728,151609
2013-10-30,12.699999809265137,13.100000381469728,12.0,12.399999618530272,12.399999618530272,110213
2013-10-31,12.100000381469728,12.449999809265137,11.600000381469728,11.600000381469728,11.600000381469728,116632
2013-11-01,11.699999809265137,11.699999809265137,10.300000190734863,10.800000190734863,10.800000190734863,279474
2013-11-04,10.899999618530272,11.399999618530272,10.5,11.399999618530272,11.399999618530272,98765
2013-11-05,11.300000190734863,11.300000190734863,10.300000190734863,10.399999618530272,10.399999618530272,95537
2013-11-06,10.5,10.600000381469728,10.0,10.300000190734863,10.300000190734863,117434
2013-11-07,10.100000381469728,10.199999809265137,9.100000381469728,9.199999809265137,9.199999809265137,206516
2013-11-08,9.0,10.100000381469728,8.5,10.0,10.0,457700
2013-11-11,9.800000190734863,10.100000381469728,9.699999809265137,9.800000190734863,9.800000190734863,67322
2013-11-12,10.0,10.300000190734863,9.800000190734863,10.0,10.0,221992
2013-11-13,10.100000381469728,10.149999618530272,9.899999618530272,10.0,10.0,70771
2013-11-14,10.300000190734863,10.399999618530272,10.100000381469728,10.300000190734863,10.300000190734863,134560
2013-11-15,10.300000190734863,10.899999618530272,10.199999809265137,10.5,10.5,166102
2013-11-18,10.399999618530272,10.399999618530272,10.100000381469728,10.199999809265137,10.199999809265137,129833
2013-11-19,10.199999809265137,10.5,10.199999809265137,10.5,10.5,35518
2013-11-20,10.300000190734863,10.399999618530272,9.600000381469728,9.699999809265137,9.699999809265137,221016
2013-11-21,9.699999809265137,10.300000190734863,9.300000190734863,9.600000381469728,9.600000381469728,188952
2013-11-22,9.800000190734863,10.0,9.5,9.600000381469728,9.600000381469728,309919
2013-11-25,9.399999618530272,9.800000190734863,9.0,9.399999618530272,9.399999618530272,249545
2013-11-26,9.5,9.600000381469728,8.899999618530273,8.899999618530273,8.899999618530273,291933
2013-11-27,9.0,9.300000190734863,8.850000381469727,9.100000381469728,9.100000381469728,110476
2013-11-29,9.5,9.800000190734863,9.399999618530272,9.5,9.5,106004
2013-12-02,9.399999618530272,9.5,9.100000381469728,9.100000381469728,9.100000381469728,107181
2013-12-03,9.300000190734863,9.399999618530272,9.0,9.0,9.0,95308
2013-12-04,9.199999809265137,9.5,8.899999618530273,9.5,9.5,84893
2013-12-05,9.300000190734863,9.300000190734863,8.800000190734863,8.800000190734863,8.800000190734863,61855
2013-12-06,9.0,9.100000381469728,8.600000381469727,8.800000190734863,8.800000190734863,51270
2013-12-09,8.800000190734863,9.0,8.5,9.0,9.0,178430
2013-12-10,9.300000190734863,9.899999618530272,9.199999809265137,9.899999618530272,9.899999618530272,181125
2013-12-11,9.699999809265137,10.100000381469728,9.600000381469728,9.800000190734863,9.800000190734863,170103
2013-12-12,9.600000381469728,10.100000381469728,9.5,10.0,10.0,171175
2013-12-13,10.100000381469728,10.5,10.0,10.300000190734863,10.300000190734863,165886
2013-12-16,10.100000381469728,11.100000381469728,10.100000381469728,11.0,11.0,184773
2013-12-17,10.699999809265137,11.0,10.199999809265137,10.5,10.5,156150
2013-12-18,10.600000381469728,11.199999809265137,10.399999618530272,10.5,10.5,211441
2013-12-19,10.199999809265137,10.300000190734863,10.0,10.100000381469728,10.100000381469728,77803
2013-12-20,10.199999809265137,10.25,9.600000381469728,9.600000381469728,9.600000381469728,381617
2013-12-23,9.300000190734863,10.100000381469728,9.300000190734863,9.699999809265137,9.699999809265137,113946
2013-12-24,9.699999809265137,10.100000381469728,9.699999809265137,10.100000381469728,10.100000381469728,30191
2013-12-26,10.100000381469728,10.100000381469728,10.100000381469728,10.100000381469728,10.100000381469728,0
2013-12-27,10.199999809265137,10.300000190734863,9.800000190734863,9.899999618530272,9.899999618530272,65218
2013-12-30,9.800000190734863,10.0,9.5,9.5,9.5,76874
2013-12-31,9.600000381469728,9.600000381469728,9.199999809265137,9.399999618530272,9.399999618530272,117839
2014-01-02,9.600000381469728,9.800000190734863,9.5,9.800000190734863,9.800000190734863,82379
2014-01-03,9.800000190734863,10.300000190734863,9.800000190734863,10.199999809265137,10.199999809265137,105488
2014-01-06,10.199999809265137,10.399999618530272,10.0,10.100000381469728,10.100000381469728,98764
2014-01-07,10.0,10.5,9.899999618530272,10.5,10.5,87764
2014-01-08,10.399999618530272,11.0,10.199999809265137,10.199999809265137,10.199999809265137,118706
2014-01-09,10.399999618530272,10.399999618530272,10.0,10.100000381469728,10.100000381469728,37510
2014-01-10,10.399999618530272,11.0,10.399999618530272,11.0,11.0,84384
2014-01-13,10.600000381469728,12.0,10.600000381469728,12.0,12.0,285244
2014-01-14,11.800000190734863,12.5,11.0,11.100000381469728,11.100000381469728,276022
2014-01-15,11.199999809265137,11.600000381469728,10.899999618530272,10.899999618530272,10.899999618530272,408890
2014-01-16,11.199999809265137,11.800000190734863,11.199999809265137,11.800000190734863,11.800000190734863,182246
2014-01-17,12.0,13.0,11.899999618530272,13.0,13.0,279744
2014-01-21,12.699999809265137,13.699999809265137,12.600000381469728,13.649999618530272,13.649999618530272,112392
2014-01-22,11.699999809265137,11.699999809265137,11.199999809265137,11.399999618530272,11.399999618530272,1157106
2014-01-23,11.5,11.699999809265137,11.5,11.699999809265137,11.699999809265137,202672
2014-01-24,11.699999809265137,11.699999809265137,11.100000381469728,11.399999618530272,11.399999618530272,375258
2014-01-27,11.399999618530272,11.5,11.0,11.199999809265137,11.199999809265137,136736
2014-01-28,11.300000190734863,11.600000381469728,11.149999618530272,11.5,11.5,108325
2014-01-29,11.5,11.800000190734863,11.399999618530272,11.800000190734863,11.800000190734863,235408
2014-01-30,11.5,11.699999809265137,11.399999618530272,11.399999618530272,11.399999618530272,46460
2014-01-31,11.5,11.600000381469728,11.300000190734863,11.5,11.5,102065
2014-02-03,11.600000381469728,11.699999809265137,11.199999809265137,11.199999809265137,11.199999809265137,75053
2014-02-04,11.300000190734863,11.600000381469728,11.25,11.600000381469728,11.600000381469728,91441
2014-02-05,11.699999809265137,11.800000190734863,11.399999618530272,11.5,11.5,69980
2014-02-06,11.600000381469728,11.600000381469728,11.399999618530272,11.399999618530272,11.399999618530272,101748
2014-02-07,11.5,11.800000190734863,11.5,11.699999809265137,11.699999809265137,145151
2014-02-10,11.800000190734863,11.800000190734863,11.699999809265137,11.800000190734863,11.800000190734863,151316
2014-02-11,11.800000190734863,12.699999809265137,11.800000190734863,12.600000381469728,12.600000381469728,722326
2014-02-12,12.399999618530272,12.399999618530272,11.600000381469728,11.600000381469728,11.600000381469728,349181
2014-02-13,11.699999809265137,12.300000190734863,11.600000381469728,12.300000190734863,12.300000190734863,512967
2014-02-14,12.399999618530272,12.649999618530272,12.25,12.5,12.5,520405
2014-02-18,12.5,12.699999809265137,12.100000381469728,12.300000190734863,12.300000190734863,407444
2014-02-19,12.199999809265137,12.5,11.199999809265137,11.300000190734863,11.300000190734863,346279
2014-02-20,11.600000381469728,12.300000190734863,11.550000190734863,12.300000190734863,12.300000190734863,353438
2014-02-21,12.199999809265137,12.550000190734863,12.100000381469728,12.5,12.5,263690
2014-02-24,12.5,12.5,12.199999809265137,12.300000190734863,12.300000190734863,184624
2014-02-25,12.300000190734863,12.300000190734863,12.0,12.199999809265137,12.199999809265137,84817
2014-02-26,11.899999618530272,12.300000190734863,11.800000190734863,12.300000190734863,12.300000190734863,279645
2014-02-27,12.199999809265137,12.25,11.600000381469728,11.800000190734863,11.800000190734863,198448
2014-02-28,11.699999809265137,12.0,11.600000381469728,12.0,12.0,189193
2014-03-03,12.199999809265137,12.399999618530272,12.0,12.300000190734863,12.300000190734863,182063
2014-03-04,12.100000381469728,12.300000190734863,11.899999618530272,12.300000190734863,12.300000190734863,76320
2014-03-05,12.199999809265137,12.5,12.100000381469728,12.5,12.5,133043
2014-03-06,12.5,12.600000381469728,12.300000190734863,12.399999618530272,12.399999618530272,117530
2014-03-07,12.300000190734863,12.300000190734863,11.899999618530272,12.199999809265137,12.199999809265137,143879
2014-03-10,12.100000381469728,12.199999809265137,12.0,12.0,12.0,57019
2014-03-11,12.199999809265137,12.399999618530272,12.100000381469728,12.300000190734863,12.300000190734863,154457
2014-03-12,12.300000190734863,12.699999809265137,12.199999809265137,12.600000381469728,12.600000381469728,319080
2014-03-13,12.699999809265137,14.199999809265137,12.5,13.399999618530272,13.399999618530272,250175
2014-03-14,13.899999618530272,14.0,12.899999618530272,13.5,13.5,176197
2014-03-17,13.199999809265137,13.300000190734863,12.399999618530272,12.399999618530272,12.399999618530272,158270
2014-03-18,12.5,12.800000190734863,12.199999809265137,12.699999809265137,12.699999809265137,111631
2014-03-19,12.399999618530272,12.399999618530272,11.5,11.5,11.5,292701
2014-03-20,11.600000381469728,12.199999809265137,11.300000190734863,11.600000381469728,11.600000381469728,253580
2014-03-21,11.899999618530272,12.0,11.0,11.100000381469728,11.100000381469728,922668
2014-03-24,11.0,11.0,10.5,10.600000381469728,10.600000381469728,183906
2014-03-25,10.800000190734863,11.100000381469728,10.699999809265137,10.699999809265137,10.699999809265137,155886
2014-03-26,10.800000190734863,11.0,10.199999809265137,10.399999618530272,10.399999618530272,225185
2014-03-27,10.5,10.699999809265137,10.199999809265137,10.699999809265137,10.699999809265137,117073
2014-03-28,10.600000381469728,11.0,10.5,10.899999618530272,10.899999618530272,118930
2014-03-31,10.899999618530272,11.0,10.600000381469728,10.699999809265137,10.699999809265137,95239
2014-04-01,10.699999809265137,10.899999618530272,10.600000381469728,10.600000381469728,10.600000381469728,51460
2014-04-02,11.0,11.399999618530272,11.0,11.399999618530272,11.399999618530272,186176
2014-04-03,11.300000190734863,11.300000190734863,10.899999618530272,10.899999618530272,10.899999618530272,92286
2014-04-04,11.399999618530272,11.399999618530272,10.800000190734863,10.899999618530272,10.899999618530272,100414
2014-04-07,11.0,11.300000190734863,10.800000190734863,11.0,11.0,54523
2014-04-08,11.199999809265137,11.399999618530272,10.899999618530272,11.399999618530272,11.399999618530272,137570
2014-04-09,11.100000381469728,11.300000190734863,10.899999618530272,11.199999809265137,11.199999809265137,81679
2014-04-10,11.300000190734863,11.399999618530272,10.800000190734863,10.800000190734863,10.800000190734863,53556
2014-04-11,10.899999618530272,11.0,10.399999618530272,10.399999618530272,10.399999618530272,70073
2014-04-14,10.600000381469728,11.0,10.600000381469728,10.899999618530272,10.899999618530272,92273
2014-04-15,10.5,10.600000381469728,9.899999618530272,10.0,10.0,165718
2014-04-16,10.600000381469728,11.300000190734863,10.449999809265137,11.300000190734863,11.300000190734863,300534
2014-04-17,11.199999809265137,11.899999618530272,11.100000381469728,11.5,11.5,332944
2014-04-21,11.5,11.699999809265137,11.100000381469728,11.699999809265137,11.699999809265137,169494
2014-04-22,11.600000381469728,11.800000190734863,11.199999809265137,11.699999809265137,11.699999809265137,332095
2014-04-23,11.399999618530272,12.300000190734863,11.399999618530272,12.300000190734863,12.300000190734863,255066
2014-04-24,12.0,12.399999618530272,11.600000381469728,11.699999809265137,11.699999809265137,150497
2014-04-25,11.899999618530272,12.300000190734863,11.800000190734863,12.300000190734863,12.300000190734863,193798
2014-04-28,12.199999809265137,12.25,11.899999618530272,12.100000381469728,12.100000381469728,41543
2014-04-29,12.100000381469728,12.399999618530272,12.0,12.399999618530272,12.399999618530272,127913
2014-04-30,12.300000190734863,12.600000381469728,12.199999809265137,12.199999809265137,12.199999809265137,119114
2014-05-01,12.0,12.300000190734863,11.800000190734863,12.0,12.0,53207
2014-05-02,12.199999809265137,12.649999618530272,11.899999618530272,12.5,12.5,169270
2014-05-05,12.600000381469728,12.800000190734863,12.5,12.699999809265137,12.699999809265137,109819
2014-05-06,12.600000381469728,12.800000190734863,12.399999618530272,12.600000381469728,12.600000381469728,45812
2014-05-07,12.399999618530272,12.399999618530272,11.899999618530272,11.899999618530272,11.899999618530272,127915
2014-05-08,11.800000190734863,12.100000381469728,11.800000190734863,11.899999618530272,11.899999618530272,42505
2014-05-09,11.899999618530272,12.0,11.699999809265137,11.699999809265137,11.699999809265137,34045
2014-05-12,11.899999618530272,12.0,11.899999618530272,12.0,12.0,43692
2014-05-13,11.899999618530272,12.0,11.600000381469728,11.899999618530272,11.899999618530272,59376
2014-05-14,12.0,12.0,11.800000190734863,12.0,12.0,40520
2014-05-15,11.800000190734863,12.0,11.800000190734863,11.800000190734863,11.800000190734863,32457
2014-05-16,11.899999618530272,11.899999618530272,11.800000190734863,11.800000190734863,11.800000190734863,22174
2014-05-19,11.800000190734863,11.800000190734863,11.800000190734863,11.800000190734863,11.800000190734863,0
2014-05-20,11.800000190734863,12.0,11.699999809265137,12.0,12.0,43990
2014-05-21,12.0,12.699999809265137,11.899999618530272,12.600000381469728,12.600000381469728,179212
2014-05-22,12.5,13.0,12.5,12.800000190734863,12.800000190734863,214678
2014-05-23,13.0,13.0,12.800000190734863,12.800000190734863,12.800000190734863,50662
2014-05-27,12.5,12.699999809265137,12.300000190734863,12.399999618530272,12.399999618530272,103959
2014-05-28,12.399999618530272,12.600000381469728,12.199999809265137,12.300000190734863,12.300000190734863,103322
2014-05-29,12.399999618530272,12.5,12.0,12.199999809265137,12.199999809265137,122601
2014-05-30,12.0,12.5,11.850000381469728,12.199999809265137,12.199999809265137,86393
2014-06-02,12.199999809265137,12.5,12.050000190734863,12.399999618530272,12.399999618530272,89520
2014-06-03,12.100000381469728,12.5,12.100000381469728,12.399999618530272,12.399999618530272,82041
2014-06-04,12.5,12.600000381469728,12.300000190734863,12.300000190734863,12.300000190734863,67767
2014-06-05,12.399999618530272,12.899999618530272,12.399999618530272,12.899999618530272,12.899999618530272,192127
2014-06-06,12.800000190734863,13.100000381469728,12.699999809265137,13.0,13.0,100747
2014-06-09,13.0,13.300000190734863,13.0,13.100000381469728,13.100000381469728,128740
2014-06-10,13.300000190734863,14.100000381469728,13.199999809265137,14.0,14.0,320918
2014-06-11,14.0,14.699999809265137,13.899999618530272,14.699999809265137,14.699999809265137,322163
2014-06-12,15.100000381469728,15.399999618530272,15.0,15.199999809265137,15.199999809265137,342774
2014-06-13,15.300000190734863,15.899999618530272,14.800000190734863,15.899999618530272,15.899999618530272,260872
2014-06-16,16.0,16.100000381469727,15.0,15.0,15.0,206858
2014-06-17,14.899999618530272,15.5,14.75,15.199999809265137,15.199999809265137,133293
2014-06-18,15.199999809265137,15.5,15.0,15.5,15.5,165542
2014-06-19,15.600000381469728,16.299999237060547,15.600000381469728,16.200000762939453,16.200000762939453,348206
2014-06-20,16.100000381469727,16.100000381469727,15.300000190734863,16.0,16.0,667198
2014-06-23,16.0,16.299999237060547,15.699999809265137,15.899999618530272,15.899999618530272,141763
2014-06-24,16.200000762939453,16.299999237060547,15.100000381469728,15.100000381469728,15.100000381469728,239574
2014-06-25,15.199999809265137,15.800000190734863,15.199999809265137,15.800000190734863,15.800000190734863,143682
2014-06-26,15.699999809265137,16.200000762939453,15.600000381469728,16.200000762939453,16.200000762939453,125435
2014-06-27,16.200000762939453,16.399999618530273,15.600000381469728,15.800000190734863,15.800000190734863,93396
2014-06-30,15.800000190734863,16.399999618530273,15.5,16.299999237060547,16.299999237060547,193161
2014-07-01,16.299999237060547,16.299999237060547,16.299999237060547,16.299999237060547,16.299999237060547,0
2014-07-02,16.200000762939453,16.399999618530273,15.800000190734863,16.299999237060547,16.299999237060547,145866
2014-07-03,16.0,16.299999237060547,15.75,16.100000381469727,16.100000381469727,129646
2014-07-07,15.899999618530272,16.399999618530273,15.800000190734863,16.200000762939453,16.200000762939453,129434
2014-07-08,16.299999237060547,16.350000381469727,15.800000190734863,16.100000381469727,16.100000381469727,336991
2014-07-09,16.299999237060547,16.399999618530273,16.100000381469727,16.399999618530273,16.399999618530273,103709
2014-07-10,16.600000381469727,17.0,16.0,16.0,16.0,416781
2014-07-11,16.200000762939453,16.700000762939453,16.100000381469727,16.600000381469727,16.600000381469727,206252
2014-07-14,16.100000381469727,16.649999618530273,16.0,16.200000762939453,16.200000762939453,221610
2014-07-15,16.399999618530273,16.600000381469727,15.699999809265137,16.0,16.0,336852
2014-07-16,16.0,16.200000762939453,15.800000190734863,16.0,16.0,119402
2014-07-17,16.0,16.5,15.800000190734863,16.399999618530273,16.399999618530273,204750
2014-07-18,16.200000762939453,16.200000762939453,16.0,16.0,16.0,155305
2014-07-21,16.0,16.299999237060547,15.899999618530272,16.299999237060547,16.299999237060547,186820
2014-07-22,16.100000381469727,16.399999618530273,15.800000190734863,15.800000190734863,15.800000190734863,154122
2014-07-23,15.800000190734863,16.0,15.0,15.199999809265137,15.199999809265137,149510
2014-07-24,15.5,15.5,15.0,15.199999809265137,15.199999809265137,269777
2014-07-25,15.399999618530272,15.5,15.149999618530272,15.300000190734863,15.300000190734863,195631
2014-07-28,15.300000190734863,15.600000381469728,15.199999809265137,15.5,15.5,156875
2014-07-29,15.600000381469728,15.600000381469728,15.100000381469728,15.199999809265137,15.199999809265137,195192
2014-07-30,15.100000381469728,15.300000190734863,14.800000190734863,15.199999809265137,15.199999809265137,160720
2014-07-31,15.0,15.199999809265137,14.949999809265137,15.199999809265137,15.199999809265137,178696
2014-08-01,15.300000190734863,15.399999618530272,15.050000190734863,15.100000381469728,15.100000381469728,74598
2014-08-04,15.100000381469728,15.100000381469728,15.100000381469728,15.100000381469728,15.100000381469728,0
2014-08-05,15.0,15.25,14.75,15.199999809265137,15.199999809265137,172196
2014-08-06,15.399999618530272,15.5,15.100000381469728,15.300000190734863,15.300000190734863,363294
2014-08-07,15.100000381469728,15.199999809265137,15.0,15.100000381469728,15.100000381469728,65912
2014-08-08,15.100000381469728,15.149999618530272,14.899999618530272,15.100000381469728,15.100000381469728,116835
2014-08-11,15.0,15.25,15.0,15.100000381469728,15.100000381469728,826453
2014-08-12,15.199999809265137,16.299999237060547,15.100000381469728,16.200000762939453,16.200000762939453,1125906
2014-08-13,16.299999237060547,16.899999618530273,16.200000762939453,16.399999618530273,16.399999618530273,408846
2014-08-14,16.5,16.600000381469727,16.299999237060547,16.299999237060547,16.299999237060547,325342
2014-08-15,16.0,17.100000381469727,15.800000190734863,16.700000762939453,16.700000762939453,500123
2014-08-18,17.299999237060547,17.399999618530273,17.0,17.200000762939453,17.200000762939453,457053
2014-08-19,17.399999618530273,17.5,17.100000381469727,17.200000762939453,17.200000762939453,252594
2014-08-20,17.200000762939453,17.399999618530273,16.600000381469727,16.600000381469727,16.600000381469727,433696
2014-08-21,16.5,16.5,16.0,16.0,16.0,351606
2014-08-22,16.200000762939453,16.600000381469727,16.0,16.600000381469727,16.600000381469727,229251
2014-08-25,16.5,16.600000381469727,16.100000381469727,16.100000381469727,16.100000381469727,108028
2014-08-26,16.5,16.5,16.100000381469727,16.399999618530273,16.399999618530273,55909
2014-08-27,16.5,16.5,16.299999237060547,16.399999618530273,16.399999618530273,65590
2014-08-28,16.600000381469727,16.799999237060547,16.600000381469727,16.700000762939453,16.700000762939453,90507
2014-08-29,16.700000762939453,17.899999618530273,16.600000381469727,17.700000762939453,17.700000762939453,176095
2014-09-02,17.200000762939453,17.600000381469727,17.100000381469727,17.100000381469727,17.100000381469727,132012
2014-09-03,17.299999237060547,18.14999961853028,17.049999237060547,17.600000381469727,17.600000381469727,365676
2014-09-04,17.799999237060547,17.899999618530273,15.899999618530272,16.200000762939453,16.200000762939453,512298
2014-09-05,16.399999618530273,16.799999237060547,15.699999809265137,16.5,16.5,337210
2014-09-08,16.5,16.600000381469727,15.699999809265137,15.699999809265137,15.699999809265137,112696
2014-09-09,15.699999809265137,16.799999237060547,15.399999618530272,16.600000381469727,16.600000381469727,198781
2014-09-10,16.399999618530273,16.600000381469727,15.800000190734863,15.800000190734863,15.800000190734863,154452
2014-09-11,16.0,16.600000381469727,15.699999809265137,16.5,16.5,291960
2014-09-12,16.299999237060547,16.700000762939453,15.899999618530272,16.600000381469727,16.600000381469727,192542
2014-09-15,16.5,17.149999618530273,16.100000381469727,16.899999618530273,16.899999618530273,254994
2014-09-16,17.0,17.899999618530273,16.600000381469727,17.0,17.0,252098
2014-09-17,17.200000762939453,17.299999237060547,15.899999618530272,16.0,16.0,252237
2014-09-18,16.100000381469727,16.399999618530273,15.600000381469728,15.600000381469728,15.600000381469728,356679
2014-09-19,15.699999809265137,15.800000190734863,14.5,14.5,14.5,1985054
2014-09-22,14.600000381469728,15.100000381469728,14.5,14.5,14.5,248933
2014-09-23,15.0,15.5,14.800000190734863,15.300000190734863,15.300000190734863,272156
2014-09-24,15.399999618530272,15.5,14.800000190734863,14.800000190734863,14.800000190734863,187902
2014-09-25,14.800000190734863,15.5,14.600000381469728,15.5,15.5,214481
2014-09-26,15.300000190734863,15.399999618530272,14.899999618530272,15.199999809265137,15.199999809265137,340030
2014-09-29,15.399999618530272,15.600000381469728,15.100000381469728,15.199999809265137,15.199999809265137,121138
2014-09-30,15.199999809265137,15.5,14.699999809265137,14.699999809265137,14.699999809265137,224709
2014-10-01,14.899999618530272,15.199999809265137,14.800000190734863,14.899999618530272,14.899999618530272,147829
2014-10-02,15.100000381469728,15.399999618530272,14.800000190734863,15.399999618530272,15.399999618530272,299793
2014-10-03,14.899999618530272,15.100000381469728,14.300000190734863,14.300000190734863,14.300000190734863,232600
2014-10-06,14.5,15.0,14.199999809265137,14.800000190734863,14.800000190734863,147121
2014-10-07,15.0,15.149999618530272,14.449999809265137,14.600000381469728,14.600000381469728,124475
2014-10-08,14.899999618530272,17.299999237060547,14.0,17.0,17.0,449580
2014-10-09,16.899999618530273,17.100000381469727,15.800000190734863,16.200000762939453,16.200000762939453,309820
2014-10-10,16.399999618530273,17.0,15.899999618530272,16.0,16.0,221792
2014-10-13,16.0,16.0,16.0,16.0,16.0,0
2014-10-14,16.200000762939453,16.899999618530273,16.200000762939453,16.700000762939453,16.700000762939453,211460
2014-10-15,16.899999618530273,17.100000381469727,16.149999618530273,16.5,16.5,265946
2014-10-16,16.399999618530273,16.700000762939453,16.100000381469727,16.299999237060547,16.299999237060547,106079
2014-10-17,16.5,16.5,15.600000381469728,15.699999809265137,15.699999809265137,213237
2014-10-20,15.899999618530272,16.299999237060547,15.800000190734863,16.100000381469727,16.100000381469727,329308
2014-10-21,16.5,16.600000381469727,16.299999237060547,16.399999618530273,16.399999618530273,151945
2014-10-22,16.200000762939453,16.399999618530273,15.5,15.5,15.5,114734
2014-10-23,15.399999618530272,15.600000381469728,14.199999809265137,15.5,15.5,226046
2014-10-24,15.399999618530272,15.5,14.949999809265137,15.100000381469728,15.100000381469728,131964
2014-10-27,15.199999809265137,15.399999618530272,14.699999809265137,14.800000190734863,14.800000190734863,74885
2014-10-28,14.899999618530272,15.5,14.5,15.399999618530272,15.399999618530272,126350
2014-10-29,15.100000381469728,15.399999618530272,14.199999809265137,14.199999809265137,14.199999809265137,205205
2014-10-30,14.199999809265137,14.199999809265137,11.800000190734863,12.199999809265137,12.199999809265137,338633
2014-10-31,11.0,12.199999809265137,10.699999809265137,12.0,12.0,470235
2014-11-03,12.300000190734863,13.600000381469728,12.0,13.399999618530272,13.399999618530272,225302
2014-11-04,13.600000381469728,13.899999618530272,12.5,12.899999618530272,12.899999618530272,255380
2014-11-05,12.100000381469728,12.800000190734863,11.399999618530272,11.699999809265137,11.699999809265137,471180
2014-11-06,12.100000381469728,12.600000381469728,11.399999618530272,12.0,12.0,328030
2014-11-07,12.300000190734863,13.899999618530272,12.199999809265137,13.699999809265137,13.699999809265137,324106
2014-11-10,13.600000381469728,13.75,12.5,13.100000381469728,13.100000381469728,404971
2014-11-11,13.399999618530272,14.100000381469728,13.100000381469728,13.5,13.5,392801
2014-11-12,13.699999809265137,14.100000381469728,12.800000190734863,13.800000190734863,13.800000190734863,293970
2014-11-13,13.699999809265137,13.899999618530272,12.800000190734863,12.899999618530272,12.899999618530272,85991
2014-11-14,12.800000190734863,13.899999618530272,12.199999809265137,13.699999809265137,13.699999809265137,257955
2014-11-17,13.600000381469728,14.699999809265137,13.399999618530272,14.300000190734863,14.300000190734863,239114
2014-11-18,14.800000190734863,15.699999809265137,14.600000381469728,15.300000190734863,15.300000190734863,362625
2014-11-19,15.399999618530272,15.600000381469728,14.0,14.0,14.0,381930
2014-11-20,14.5,15.5,14.100000381469728,15.199999809265137,15.199999809265137,265031
2014-11-21,15.800000190734863,15.800000190734863,14.600000381469728,14.800000190734863,14.800000190734863,330036
2014-11-24,14.899999618530272,15.100000381469728,14.600000381469728,14.800000190734863,14.800000190734863,202247
2014-11-25,15.0,15.100000381469728,14.600000381469728,15.100000381469728,15.100000381469728,105727
2014-11-26,14.899999618530272,15.050000190734863,14.699999809265137,14.800000190734863,14.800000190734863,114121
2014-11-28,13.5,13.699999809265137,12.699999809265137,12.899999618530272,12.899999618530272,95496
2014-12-01,13.5,14.25,13.0,13.899999618530272,13.899999618530272,691675
2014-12-02,13.800000190734863,14.0,13.199999809265137,13.5,13.5,454292
2014-12-03,13.800000190734863,14.199999809265137,13.5,13.699999809265137,13.699999809265137,329984
2014-12-04,13.699999809265137,13.699999809265137,12.5,12.899999618530272,12.899999618530272,406123
2014-12-05,12.699999809265137,13.100000381469728,12.199999809265137,12.899999618530272,12.899999618530272,514400
2014-12-08,13.199999809265137,13.300000190734863,12.0,13.0,13.0,197443
2014-12-09,13.5,14.100000381469728,13.300000190734863,13.5,13.5,238717
2014-12-10,13.699999809265137,13.899999618530272,12.600000381469728,12.800000190734863,12.800000190734863,141948
2014-12-11,12.600000381469728,12.800000190734863,12.199999809265137,12.300000190734863,12.300000190734863,172183
2014-12-12,12.300000190734863,12.5,11.600000381469728,12.100000381469728,12.100000381469728,717949
2014-12-15,11.699999809265137,12.0,10.5,10.699999809265137,10.699999809265137,444942
2014-12-16,11.399999618530272,11.399999618530272,10.100000381469728,10.5,10.5,477144
2014-12-17,10.899999618530272,11.600000381469728,10.199999809265137,11.399999618530272,11.399999618530272,496114
2014-12-18,11.5,12.800000190734863,11.5,12.800000190734863,12.800000190734863,365802
2014-12-19,13.199999809265137,13.300000190734863,11.550000190734863,12.100000381469728,12.100000381469728,4438247
2014-12-22,12.399999618530272,12.5,11.0,11.300000190734863,11.300000190734863,377808
2014-12-23,11.600000381469728,11.699999809265137,10.699999809265137,11.100000381469728,11.100000381469728,296289
2014-12-24,11.300000190734863,11.699999809265137,11.100000381469728,11.699999809265137,11.699999809265137,56940
2014-12-26,11.699999809265137,11.699999809265137,11.699999809265137,11.699999809265137,11.699999809265137,0
2014-12-29,12.199999809265137,12.199999809265137,11.399999618530272,11.699999809265137,11.699999809265137,122643
2014-12-30,12.199999809265137,12.5,12.0,12.199999809265137,12.199999809265137,175588
2014-12-31,12.300000190734863,12.5,12.0,12.300000190734863,12.300000190734863,107606
2015-01-02,12.199999809265137,13.600000381469728,11.899999618530272,13.399999618530272,13.399999618530272,245732
2015-01-05,13.600000381469728,14.0,13.199999809265137,13.600000381469728,13.600000381469728,333874
2015-01-06,13.800000190734863,14.899999618530272,13.699999809265137,14.699999809265137,14.699999809265137,482238
2015-01-07,14.100000381469728,15.300000190734863,13.899999618530272,14.800000190734863,14.800000190734863,443417
2015-01-08,14.800000190734863,15.199999809265137,13.600000381469728,13.800000190734863,13.800000190734863,304089
2015-01-09,13.899999618530272,14.800000190734863,13.899999618530272,14.800000190734863,14.800000190734863,203193
2015-01-12,15.0,16.100000381469727,14.800000190734863,15.5,15.5,552047
2015-01-13,15.800000190734863,15.800000190734863,14.699999809265137,14.800000190734863,14.800000190734863,466229
2015-01-14,15.199999809265137,15.5,14.399999618530272,14.899999618530272,14.899999618530272,253505
2015-01-15,15.399999618530272,16.0,15.0,15.0,15.0,398702
2015-01-16,15.5,16.100000381469727,15.25,16.0,16.0,406930
2015-01-20,16.299999237060547,16.5,15.800000190734863,15.800000190734863,15.800000190734863,382807
2015-01-21,16.0,16.100000381469727,14.899999618530272,16.0,16.0,377086
2015-01-22,15.899999618530272,16.0,15.0,15.199999809265137,15.199999809265137,394529
2015-01-23,15.199999809265137,15.600000381469728,14.699999809265137,14.699999809265137,14.699999809265137,503005
2015-01-26,14.600000381469728,14.699999809265137,13.199999809265137,14.5,14.5,603661
2015-01-27,14.699999809265137,15.800000190734863,14.5,15.800000190734863,15.800000190734863,413400
2015-01-28,15.399999618530272,15.600000381469728,14.600000381469728,14.699999809265137,14.699999809265137,240444
2015-01-29,14.600000381469728,14.600000381469728,13.5,14.300000190734863,14.300000190734863,377135
2015-01-30,14.5,14.5,13.899999618530272,14.5,14.5,300027
2015-02-02,14.100000381469728,14.600000381469728,13.699999809265137,14.5,14.5,186338
2015-02-03,14.0,14.399999618530272,13.5,13.5,13.5,224626
2015-02-04,13.800000190734863,14.100000381469728,13.699999809265137,14.100000381469728,14.100000381469728,137393
2015-02-05,14.100000381469728,14.300000190734863,13.800000190734863,14.100000381469728,14.100000381469728,142693
2015-02-06,13.199999809265137,13.800000190734863,13.199999809265137,13.800000190734863,13.800000190734863,160178
2015-02-09,13.300000190734863,13.399999618530272,12.5,12.899999618530272,12.899999618530272,410302
2015-02-10,12.800000190734863,12.899999618530272,12.0,12.399999618530272,12.399999618530272,318600
2015-02-11,12.5,12.699999809265137,12.100000381469728,12.100000381469728,12.100000381469728,188908
2015-02-12,12.199999809265137,12.5,12.100000381469728,12.300000190734863,12.300000190734863,222158
2015-02-13,12.5,12.899999618530272,12.100000381469728,12.100000381469728,12.100000381469728,162970
2015-02-17,12.199999809265137,12.199999809265137,11.800000190734863,12.0,12.0,149626
2015-02-18,12.199999809265137,12.699999809265137,12.0,12.699999809265137,12.699999809265137,183712
2015-02-19,12.5,12.899999618530272,12.399999618530272,12.399999618530272,12.399999618530272,75703
2015-02-20,12.699999809265137,12.800000190734863,12.100000381469728,12.100000381469728,12.100000381469728,181594
2015-02-23,12.199999809265137,12.550000190734863,11.5,11.899999618530272,11.899999618530272,109941
2015-02-24,11.600000381469728,11.800000190734863,11.199999809265137,11.5,11.5,702295
2015-02-25,11.699999809265137,11.800000190734863,11.300000190734863,11.5,11.5,282641
2015-02-26,11.699999809265137,11.899999618530272,11.5,11.5,11.5,89591
2015-02-27,11.600000381469728,11.899999618530272,11.300000190734863,11.5,11.5,318653
2015-03-02,11.699999809265137,11.800000190734863,10.5,10.800000190734863,10.800000190734863,330156
2015-03-03,10.899999618530272,11.300000190734863,10.600000381469728,11.0,11.0,208732
2015-03-04,11.300000190734863,11.399999618530272,10.899999618530272,11.100000381469728,11.100000381469728,129721
2015-03-05,11.199999809265137,11.600000381469728,11.100000381469728,11.199999809265137,11.199999809265137,91424
2015-03-06,11.199999809265137,11.199999809265137,10.699999809265137,10.800000190734863,10.800000190734863,196366
2015-03-09,10.899999618530272,11.0,9.5,9.5,9.5,519611
2015-03-10,9.699999809265137,10.100000381469728,9.0,9.399999618530272,9.399999618530272,569053
2015-03-11,9.600000381469728,10.300000190734863,8.899999618530273,10.300000190734863,10.300000190734863,344475
2015-03-12,10.300000190734863,10.399999618530272,9.699999809265137,9.699999809265137,9.699999809265137,349153
2015-03-13,10.0,10.0,9.5,9.600000381469728,9.600000381469728,252452
2015-03-16,9.800000190734863,9.899999618530272,9.399999618530272,9.399999618530272,9.399999618530272,234057
2015-03-17,9.199999809265137,9.800000190734863,9.199999809265137,9.399999618530272,9.399999618530272,226840
2015-03-18,9.300000190734863,10.199999809265137,9.199999809265137,10.199999809265137,10.199999809265137,476637
2015-03-19,10.0,10.300000190734863,9.800000190734863,10.0,10.0,177947
2015-03-20,10.199999809265137,11.199999809265137,10.100000381469728,10.199999809265137,10.199999809265137,487909
2015-03-23,10.5,10.800000190734863,10.300000190734863,10.5,10.5,202588
2015-03-24,10.600000381469728,10.899999618530272,10.399999618530272,10.699999809265137,10.699999809265137,187522
2015-03-25,11.0,11.100000381469728,10.800000190734863,10.899999618530272,10.899999618530272,123686
2015-03-26,11.100000381469728,11.199999809265137,10.399999618530272,10.399999618530272,10.399999618530272,187323
2015-03-27,10.199999809265137,10.649999618530272,10.0,10.399999618530272,10.399999618530272,115156
2015-03-30,10.199999809265137,10.300000190734863,9.899999618530272,9.899999618530272,9.899999618530272,80069
2015-03-31,10.300000190734863,10.800000190734863,10.100000381469728,10.5,10.5,488999
2015-04-01,10.600000381469728,11.399999618530272,10.5,11.399999618530272,11.399999618530272,540365
2015-04-02,11.300000190734863,11.300000190734863,10.800000190734863,10.800000190734863,10.800000190734863,110100
2015-04-06,11.300000190734863,11.399999618530272,10.899999618530272,11.100000381469728,11.100000381469728,149118
2015-04-07,11.100000381469728,11.100000381469728,10.600000381469728,10.800000190734863,10.800000190734863,75740
2015-04-08,10.899999618530272,11.100000381469728,10.699999809265137,10.699999809265137,10.699999809265137,96744
2015-04-09,10.5,10.899999618530272,10.300000190734863,10.899999618530272,10.899999618530272,133321
2015-04-10,10.899999618530272,11.050000190734863,10.699999809265137,10.899999618530272,10.899999618530272,122486
2015-04-13,10.800000190734863,10.800000190734863,10.300000190734863,10.300000190734863,10.300000190734863,73738
2015-04-14,10.300000190734863,10.399999618530272,10.0,10.300000190734863,10.300000190734863,104976
2015-04-15,10.300000190734863,10.600000381469728,10.300000190734863,10.399999618530272,10.399999618530272,144717
2015-04-16,10.5,10.699999809265137,10.149999618530272,10.5,10.5,184685
2015-04-17,10.699999809265137,10.699999809265137,10.300000190734863,10.300000190734863,10.300000190734863,137155
2015-04-20,10.199999809265137,10.5,10.0,10.300000190734863,10.300000190734863,140573
2015-04-21,10.399999618530272,10.899999618530272,10.199999809265137,10.699999809265137,10.699999809265137,156047
2015-04-22,10.5,10.699999809265137,10.300000190734863,10.5,10.5,165293
2015-04-23,10.399999618530272,10.899999618530272,10.399999618530272,10.800000190734863,10.800000190734863,119189
2015-04-24,10.699999809265137,11.0,10.399999618530272,10.5,10.5,229401
2015-04-27,10.699999809265137,11.0,10.5,11.0,11.0,169853
2015-04-28,11.0,11.600000381469728,11.0,11.600000381469728,11.600000381469728,216935
2015-04-29,11.600000381469728,11.899999618530272,11.399999618530272,11.5,11.5,166449
2015-04-30,11.199999809265137,11.399999618530272,11.0,11.199999809265137,11.199999809265137,134591
2015-05-01,11.0,11.199999809265137,11.0,11.0,11.0,47886
2015-05-04,11.300000190734863,11.899999618530272,11.199999809265137,11.600000381469728,11.600000381469728,108096
2015-05-05,12.0,12.0,11.5,11.600000381469728,11.600000381469728,79788
2015-05-06,11.600000381469728,11.800000190734863,11.199999809265137,11.199999809265137,11.199999809265137,149462
2015-05-07,11.100000381469728,11.600000381469728,11.0,11.600000381469728,11.600000381469728,157266
2015-05-08,11.5,11.600000381469728,11.0,11.199999809265137,11.199999809265137,176778
2015-05-11,11.199999809265137,11.300000190734863,10.899999618530272,11.100000381469728,11.100000381469728,53109
2015-05-12,11.100000381469728,11.199999809265137,10.800000190734863,11.0,11.0,397398
2015-05-13,11.199999809265137,11.5,11.050000190734863,11.300000190734863,11.300000190734863,508278
2015-05-14,11.300000190734863,11.600000381469728,11.199999809265137,11.399999618530272,11.399999618530272,122190
2015-05-15,11.5,11.5,11.0,11.300000190734863,11.300000190734863,105168
2015-05-18,11.300000190734863,11.300000190734863,11.300000190734863,11.300000190734863,11.300000190734863,0
2015-05-19,11.300000190734863,11.300000190734863,10.899999618530272,11.0,11.0,83137
2015-05-20,11.100000381469728,11.300000190734863,11.0,11.0,11.0,87677
2015-05-21,11.0,11.199999809265137,11.0,11.0,11.0,48012
2015-05-22,11.100000381469728,11.100000381469728,10.899999618530272,11.100000381469728,11.100000381469728,30781
2015-05-26,11.0,11.0,10.800000190734863,10.800000190734863,10.800000190734863,80809
2015-05-27,10.800000190734863,11.0,10.600000381469728,10.699999809265137,10.699999809265137,92455
2015-05-28,10.5,11.0,10.5,10.899999618530272,10.899999618530272,106682
2015-05-29,10.899999618530272,11.100000381469728,10.899999618530272,11.100000381469728,11.100000381469728,46076
2015-06-01,11.100000381469728,11.25,10.699999809265137,10.899999618530272,10.899999618530272,51770
2015-06-02,11.0,11.399999618530272,10.899999618530272,11.399999618530272,11.399999618530272,133277
2015-06-03,11.300000190734863,11.300000190734863,11.0,11.100000381469728,11.100000381469728,106760
2015-06-04,11.100000381469728,11.199999809265137,10.899999618530272,11.100000381469728,11.100000381469728,31790
2015-06-05,11.0,11.100000381469728,10.699999809265137,10.800000190734863,10.800000190734863,117237
2015-06-08,10.800000190734863,11.0,10.75,11.0,11.0,39927
2015-06-09,11.0,11.100000381469728,10.800000190734863,10.800000190734863,10.800000190734863,78008
2015-06-10,11.100000381469728,11.199999809265137,11.0,11.199999809265137,11.199999809265137,69542
2015-06-11,11.199999809265137,11.199999809265137,10.800000190734863,10.800000190734863,10.800000190734863,56969
2015-06-12,10.699999809265137,10.899999618530272,10.600000381469728,10.699999809265137,10.699999809265137,34547
2015-06-15,10.600000381469728,10.850000381469728,10.5,10.5,10.5,73884
2015-06-16,10.600000381469728,10.699999809265137,10.300000190734863,10.699999809265137,10.699999809265137,75263
2015-06-17,10.5,10.800000190734863,10.399999618530272,10.800000190734863,10.800000190734863,74512
2015-06-18,11.0,11.399999618530272,10.899999618530272,11.399999618530272,11.399999618530272,203319
2015-06-19,11.100000381469728,11.399999618530272,8.800000190734863,11.0,11.0,522947
2015-06-22,10.600000381469728,10.899999618530272,10.5,10.800000190734863,10.800000190734863,116187
2015-06-23,10.800000190734863,11.199999809265137,10.800000190734863,11.199999809265137,11.199999809265137,52603
2015-06-24,10.800000190734863,11.100000381469728,10.800000190734863,11.100000381469728,11.100000381469728,156069
2015-06-25,11.0,11.300000190734863,11.0,11.199999809265137,11.199999809265137,108564
2015-06-26,11.100000381469728,11.399999618530272,11.100000381469728,11.300000190734863,11.300000190734863,215817
2015-06-29,11.399999618530272,11.5,11.199999809265137,11.199999809265137,11.199999809265137,52525
2015-06-30,11.300000190734863,11.399999618530272,11.100000381469728,11.300000190734863,11.300000190734863,52972
2015-07-01,11.300000190734863,11.300000190734863,11.300000190734863,11.300000190734863,11.300000190734863,0
2015-07-02,11.300000190734863,11.5,10.899999618530272,11.399999618530272,11.399999618530272,128627
2015-07-06,11.399999618530272,11.850000381469728,11.300000190734863,11.800000190734863,11.800000190734863,86482
2015-07-07,11.399999618530272,11.800000190734863,11.199999809265137,11.699999809265137,11.699999809265137,228214
2015-07-08,11.800000190734863,11.800000190734863,11.399999618530272,11.399999618530272,11.399999618530272,119068
2015-07-09,11.699999809265137,11.800000190734863,11.300000190734863,11.5,11.5,160326
2015-07-10,11.600000381469728,11.600000381469728,11.0,11.100000381469728,11.100000381469728,138506
2015-07-13,11.199999809265137,11.399999618530272,10.899999618530272,10.899999618530272,10.899999618530272,716012
2015-07-14,11.0,11.399999618530272,11.0,11.399999618530272,11.399999618530272,99433
2015-07-15,11.199999809265137,11.300000190734863,11.0,11.100000381469728,11.100000381469728,67228
2015-07-16,11.100000381469728,11.300000190734863,11.0,11.199999809265137,11.199999809265137,33831
2015-07-17,11.100000381469728,11.100000381469728,10.600000381469728,10.600000381469728,10.600000381469728,137992
2015-07-20,10.300000190734863,10.399999618530272,8.5,8.5,8.5,416095
2015-07-21,9.100000381469728,10.199999809265137,9.0,10.199999809265137,10.199999809265137,282357
2015-07-22,9.899999618530272,10.399999618530272,9.699999809265137,10.399999618530272,10.399999618530272,417831
2015-07-23,10.5,10.600000381469728,9.300000190734863,9.600000381469728,9.600000381469728,352812
2015-07-24,9.5,10.5,9.100000381469728,10.5,10.5,544747
2015-07-27,10.399999618530272,11.199999809265137,10.199999809265137,10.699999809265137,10.699999809265137,175482
2015-07-28,10.600000381469728,11.0,10.300000190734863,10.5,10.5,62189
2015-07-29,10.5,10.800000190734863,10.350000381469728,10.800000190734863,10.800000190734863,82267
2015-07-30,10.600000381469728,11.199999809265137,10.600000381469728,11.100000381469728,11.100000381469728,124544
2015-07-31,11.300000190734863,11.300000190734863,11.0,11.199999809265137,11.199999809265137,115893
2015-08-03,11.199999809265137,11.199999809265137,11.199999809265137,11.199999809265137,11.199999809265137,0
2015-08-04,11.199999809265137,12.0,10.800000190734863,11.399999618530272,11.399999618530272,139742
2015-08-05,11.300000190734863,12.0,11.199999809265137,11.600000381469728,11.600000381469728,121839
2015-08-06,11.399999618530272,11.899999618530272,11.350000381469728,11.899999618530272,11.899999618530272,98997
2015-08-07,11.699999809265137,12.100000381469728,11.5,11.5,11.5,105949
2015-08-10,11.5,12.199999809265137,11.5,11.800000190734863,11.800000190734863,149168
2015-08-11,11.899999618530272,12.899999618530272,11.800000190734863,12.899999618530272,12.899999618530272,164477
2015-08-12,13.0,13.699999809265137,12.75,13.399999618530272,13.399999618530272,411532
2015-08-13,12.899999618530272,13.199999809265137,12.300000190734863,12.800000190734863,12.800000190734863,280399
2015-08-14,12.899999618530272,13.0,11.899999618530272,12.300000190734863,12.300000190734863,253638
2015-08-17,12.600000381469728,12.899999618530272,11.5,12.699999809265137,12.699999809265137,376792
2015-08-18,12.399999618530272,13.0,12.300000190734863,12.5,12.5,103848
2015-08-19,12.699999809265137,13.100000381469728,12.600000381469728,13.100000381469728,13.100000381469728,185788
2015-08-20,13.5,14.0,13.399999618530272,13.699999809265137,13.699999809265137,321892
2015-08-21,13.699999809265137,14.0,13.100000381469728,13.100000381469728,13.100000381469728,228501
2015-08-24,12.300000190734863,13.199999809265137,11.899999618530272,11.899999618530272,11.899999618530272,159530
2015-08-25,12.300000190734863,12.300000190734863,11.300000190734863,11.399999618530272,11.399999618530272,111858
2015-08-26,11.399999618530272,11.5,10.899999618530272,11.199999809265137,11.199999809265137,151031
2015-08-27,11.199999809265137,11.699999809265137,10.800000190734863,11.699999809265137,11.699999809265137,178594
2015-08-28,11.600000381469728,12.699999809265137,11.600000381469728,12.5,12.5,177083
2015-08-31,12.199999809265137,12.5,11.699999809265137,12.399999618530272,12.399999618530272,89285
2015-09-01,12.5,13.0,12.199999809265137,12.199999809265137,12.199999809265137,58276
2015-09-02,12.300000190734863,12.300000190734863,11.5,11.800000190734863,11.800000190734863,83064
2015-09-03,11.699999809265137,12.100000381469728,11.5,11.600000381469728,11.600000381469728,73048
2015-09-04,11.600000381469728,11.800000190734863,11.100000381469728,11.399999618530272,11.399999618530272,71576
2015-09-08,11.699999809265137,11.800000190734863,11.199999809265137,11.5,11.5,52472
2015-09-09,11.300000190734863,11.300000190734863,10.699999809265137,10.800000190734863,10.800000190734863,61745
2015-09-10,11.100000381469728,11.100000381469728,10.800000190734863,11.0,11.0,67522
2015-09-11,10.899999618530272,11.399999618530272,10.800000190734863,11.399999618530272,11.399999618530272,142102
2015-09-14,11.300000190734863,11.350000381469728,11.0,11.199999809265137,11.199999809265137,33946
2015-09-15,11.199999809265137,11.600000381469728,11.100000381469728,11.300000190734863,11.300000190734863,39740
2015-09-16,11.5,12.699999809265137,11.399999618530272,12.5,12.5,169336
2015-09-17,12.199999809265137,13.5,12.0,13.5,13.5,220647
2015-09-18,13.699999809265137,13.899999618530272,13.0,13.800000190734863,13.800000190734863,320482
2015-09-21,13.699999809265137,13.699999809265137,12.350000381469728,12.600000381469728,12.600000381469728,82399
2015-09-22,12.300000190734863,12.600000381469728,12.0,12.300000190734863,12.300000190734863,87316
2015-09-23,12.699999809265137,12.800000190734863,12.100000381469728,12.300000190734863,12.300000190734863,52505
2015-09-24,12.699999809265137,13.5,12.5,13.300000190734863,13.300000190734863,159765
2015-09-25,13.0,13.800000190734863,12.899999618530272,13.399999618530272,13.399999618530272,161422
2015-09-28,13.100000381469728,13.300000190734863,12.149999618530272,12.399999618530272,12.399999618530272,98531
2015-09-29,12.699999809265137,13.100000381469728,12.399999618530272,12.699999809265137,12.699999809265137,100597
2015-09-30,12.399999618530272,12.800000190734863,12.300000190734863,12.5,12.5,92028
2015-10-01,12.600000381469728,12.949999809265137,12.0,12.199999809265137,12.199999809265137,56538
2015-10-02,12.699999809265137,13.0,12.5,13.0,13.0,146570
2015-10-05,13.0,13.199999809265137,12.800000190734863,13.199999809265137,13.199999809265137,163781
2015-10-06,13.199999809265137,13.850000381469728,13.199999809265137,13.399999618530272,13.399999618530272,430758
2015-10-07,13.300000190734863,13.699999809265137,13.100000381469728,13.5,13.5,139516
2015-10-08,13.199999809265137,13.800000190734863,13.0,13.199999809265137,13.199999809265137,122428
2015-10-09,13.600000381469728,13.850000381469728,13.300000190734863,13.699999809265137,13.699999809265137,115908
2015-10-12,13.699999809265137,13.699999809265137,13.699999809265137,13.699999809265137,13.699999809265137,0
2015-10-13,13.699999809265137,14.5,13.300000190734863,13.5,13.5,184309
2015-10-14,13.800000190734863,14.5,13.699999809265137,14.300000190734863,14.300000190734863,214926
2015-10-15,14.100000381469728,14.5,13.899999618530272,13.899999618530272,13.899999618530272,184015
2015-10-16,14.100000381469728,14.199999809265137,13.600000381469728,13.600000381469728,13.600000381469728,96028
2015-10-19,13.699999809265137,13.800000190734863,12.800000190734863,13.0,13.0,164441
2015-10-20,13.0,13.600000381469728,13.0,13.600000381469728,13.600000381469728,128245
2015-10-21,13.399999618530272,13.5,12.699999809265137,12.899999618530272,12.899999618530272,276342
2015-10-22,13.0,13.300000190734863,12.699999809265137,12.800000190734863,12.800000190734863,107286
2015-10-23,13.100000381469728,13.199999809265137,12.600000381469728,12.899999618530272,12.899999618530272,198220
2015-10-26,12.899999618530272,13.100000381469728,12.100000381469728,12.100000381469728,12.100000381469728,217126
2015-10-27,12.100000381469728,12.600000381469728,11.899999618530272,12.600000381469728,12.600000381469728,171229
2015-10-28,12.800000190734863,13.0,12.100000381469728,12.399999618530272,12.399999618530272,181770
2015-10-29,12.199999809265137,12.550000190734863,12.100000381469728,12.5,12.5,141226
2015-10-30,12.199999809265137,12.699999809265137,12.199999809265137,12.399999618530272,12.399999618530272,53851
2015-11-02,12.399999618530272,12.800000190734863,12.0,12.300000190734863,12.300000190734863,131953
2015-11-03,12.199999809265137,12.5,12.100000381469728,12.399999618530272,12.399999618530272,62312
2015-11-04,12.5,12.5,12.199999809265137,12.399999618530272,12.399999618530272,64267
2015-11-05,12.5,12.5,11.800000190734863,12.0,12.0,221272
2015-11-06,11.699999809265137,12.0,11.600000381469728,11.800000190734863,11.800000190734863,46971
2015-11-09,11.800000190734863,12.300000190734863,11.699999809265137,12.300000190734863,12.300000190734863,106709
2015-11-10,12.100000381469728,12.600000381469728,12.0,12.600000381469728,12.600000381469728,159327
2015-11-11,12.399999618530272,12.800000190734863,12.100000381469728,12.5,12.5,121186
2015-11-12,12.100000381469728,12.600000381469728,12.100000381469728,12.300000190734863,12.300000190734863,59478
2015-11-13,12.300000190734863,12.699999809265137,12.100000381469728,12.100000381469728,12.100000381469728,143687
2015-11-16,12.399999618530272,12.5,12.149999618530272,12.399999618530272,12.399999618530272,79463
2015-11-17,12.199999809265137,12.300000190734863,11.699999809265137,12.0,12.0,118278
2015-11-18,12.100000381469728,12.300000190734863,11.800000190734863,12.199999809265137,12.199999809265137,106738
2015-11-19,12.199999809265137,12.5,12.100000381469728,12.399999618530272,12.399999618530272,133334
2015-11-20,12.600000381469728,12.699999809265137,11.899999618530272,11.899999618530272,11.899999618530272,166962
2015-11-23,12.0,12.199999809265137,11.899999618530272,12.199999809265137,12.199999809265137,59184
2015-11-24,12.199999809265137,12.600000381469728,11.800000190734863,12.100000381469728,12.100000381469728,239965
2015-11-25,12.0,12.199999809265137,11.899999618530272,11.899999618530272,11.899999618530272,63106
2015-11-27,11.800000190734863,11.899999618530272,11.5,11.5,11.5,66077
2015-11-30,11.600000381469728,12.0,11.600000381469728,11.800000190734863,11.800000190734863,87502
2015-12-01,11.899999618530272,12.0,11.600000381469728,11.699999809265137,11.699999809265137,78023
2015-12-02,11.5,11.899999618530272,11.399999618530272,11.600000381469728,11.600000381469728,205436
2015-12-03,11.699999809265137,12.0,11.5,11.600000381469728,11.600000381469728,148685
2015-12-04,11.699999809265137,12.199999809265137,11.600000381469728,12.199999809265137,12.199999809265137,153342
2015-12-07,12.0,12.100000381469728,10.899999618530272,11.5,11.5,277890
2015-12-08,11.399999618530272,11.800000190734863,11.300000190734863,11.300000190734863,11.300000190734863,73534
2015-12-09,11.5,11.600000381469728,11.0,11.100000381469728,11.100000381469728,44968
2015-12-10,11.100000381469728,11.300000190734863,11.0,11.300000190734863,11.300000190734863,49305
2015-12-11,11.100000381469728,11.800000190734863,11.0,11.800000190734863,11.800000190734863,109099
2015-12-14,11.699999809265137,11.699999809265137,11.100000381469728,11.300000190734863,11.300000190734863,109442
2015-12-15,11.399999618530272,11.5,10.899999618530272,11.100000381469728,11.100000381469728,138678
2015-12-16,11.199999809265137,12.0,11.0,12.0,12.0,477005
2015-12-17,11.5,12.0,11.300000190734863,11.800000190734863,11.800000190734863,146952
2015-12-18,11.899999618530272,13.100000381469728,11.800000190734863,12.899999618530272,12.899999618530272,423160
2015-12-21,13.0,13.100000381469728,12.399999618530272,13.100000381469728,13.100000381469728,55811
2015-12-22,13.0,13.100000381469728,12.5,12.600000381469728,12.600000381469728,52620
2015-12-23,12.600000381469728,13.0,12.399999618530272,13.0,13.0,86400
2015-12-24,12.899999618530272,13.199999809265137,12.899999618530272,13.199999809265137,13.199999809265137,26496
2015-12-28,13.199999809265137,13.199999809265137,13.199999809265137,13.199999809265137,13.199999809265137,0
2015-12-29,12.899999618530272,13.0,12.199999809265137,12.399999618530272,12.399999618530272,131106
2015-12-30,12.399999618530272,12.399999618530272,11.899999618530272,12.199999809265137,12.199999809265137,90222
2015-12-31,12.399999618530272,12.699999809265137,12.300000190734863,12.600000381469728,12.600000381469728,54821
2016-01-04,12.899999618530272,13.5,12.800000190734863,13.300000190734863,13.300000190734863,107207
2016-01-05,13.300000190734863,13.899999618530272,13.199999809265137,13.399999618530272,13.399999618530272,290472
2016-01-06,13.800000190734863,14.0,13.600000381469728,13.899999618530272,13.899999618530272,125068
2016-01-07,14.0,14.300000190734863,13.699999809265137,13.899999618530272,13.899999618530272,204340
2016-01-08,13.699999809265137,14.100000381469728,13.399999618530272,13.699999809265137,13.699999809265137,142527
2016-01-11,13.699999809265137,13.899999618530272,13.399999618530272,13.800000190734863,13.800000190734863,159996
2016-01-12,13.600000381469728,13.899999618530272,13.199999809265137,13.800000190734863,13.800000190734863,87514
2016-01-13,13.600000381469728,13.899999618530272,13.399999618530272,13.5,13.5,126258
2016-01-14,13.300000190734863,13.399999618530272,12.199999809265137,12.600000381469728,12.600000381469728,186900
2016-01-15,13.0,13.0,12.300000190734863,12.300000190734863,12.300000190734863,79460
2016-01-19,12.199999809265137,12.300000190734863,11.699999809265137,11.899999618530272,11.899999618530272,132478
2016-01-20,12.100000381469728,12.199999809265137,11.850000381469728,12.100000381469728,12.100000381469728,117629
2016-01-21,11.899999618530272,12.199999809265137,11.5,12.199999809265137,12.199999809265137,129765
2016-01-22,11.899999618530272,12.149999618530272,11.800000190734863,12.0,12.0,117530
2016-01-25,12.100000381469728,12.199999809265137,11.850000381469728,12.0,12.0,50272
2016-01-26,12.100000381469728,12.899999618530272,12.0,12.899999618530272,12.899999618530272,197110
2016-01-27,12.800000190734863,12.899999618530272,12.399999618530272,12.699999809265137,12.699999809265137,130104
2016-01-28,12.5,12.600000381469728,12.199999809265137,12.199999809265137,12.199999809265137,144440
2016-01-29,12.399999618530272,12.649999618530272,12.100000381469728,12.600000381469728,12.600000381469728,71411
2016-02-01,12.899999618530272,13.300000190734863,12.399999618530272,13.100000381469728,13.100000381469728,168031
2016-02-02,13.0,13.399999618530272,12.699999809265137,12.800000190734863,12.800000190734863,112119
2016-02-03,12.899999618530272,13.899999618530272,12.800000190734863,13.899999618530272,13.899999618530272,340593
2016-02-04,13.899999618530272,14.199999809265137,13.5,13.699999809265137,13.699999809265137,174579
2016-02-05,13.300000190734863,13.699999809265137,13.100000381469728,13.5,13.5,308346
2016-02-08,14.0,14.300000190734863,13.699999809265137,13.699999809265137,13.699999809265137,271240
2016-02-09,14.0,14.199999809265137,13.399999618530272,13.600000381469728,13.600000381469728,186622
2016-02-10,13.5,13.800000190734863,13.300000190734863,13.800000190734863,13.800000190734863,200290
2016-02-11,14.399999618530272,15.600000381469728,14.300000190734863,15.100000381469728,15.100000381469728,475825
2016-02-12,14.600000381469728,16.100000381469727,14.600000381469728,16.100000381469727,16.100000381469727,184210
2016-02-16,14.600000381469728,15.600000381469728,14.600000381469728,14.699999809265137,14.699999809265137,147014
2016-02-17,14.899999618530272,15.300000190734863,13.5,14.399999618530272,14.399999618530272,288954
2016-02-18,14.199999809265137,16.5,14.100000381469728,16.5,16.5,526982
2016-02-19,16.200000762939453,16.399999618530273,15.800000190734863,15.800000190734863,15.800000190734863,175900
2016-02-22,15.399999618530272,16.0,15.0,15.699999809265137,15.699999809265137,347279
2016-02-23,15.899999618530272,16.299999237060547,15.699999809265137,16.299999237060547,16.299999237060547,258980
2016-02-24,16.5,17.799999237060547,15.800000190734863,15.800000190734863,15.800000190734863,481719
2016-02-25,15.899999618530272,17.0,15.800000190734863,17.0,17.0,221857
2016-02-26,16.600000381469727,17.399999618530273,16.5,17.299999237060547,17.299999237060547,259130
2016-02-29,17.399999618530273,18.0,17.399999618530273,18.0,18.0,195436
2016-03-01,18.100000381469727,18.299999237060547,17.0,17.100000381469727,17.100000381469727,289970
2016-03-02,17.299999237060547,17.399999618530273,16.600000381469727,16.799999237060547,16.799999237060547,163784
2016-03-03,17.0,18.14999961853028,16.799999237060547,17.5,17.5,340637
2016-03-04,17.899999618530273,18.39999961853028,16.0,16.200000762939453,16.200000762939453,580793
2016-03-07,16.5,17.700000762939453,16.5,17.5,17.5,334287
2016-03-08,17.899999618530273,17.899999618530273,17.149999618530273,17.299999237060547,17.299999237060547,177694
2016-03-09,17.0,17.200000762939453,16.399999618530273,16.399999618530273,16.399999618530273,543377
2016-03-10,16.899999618530273,17.5,16.700000762939453,17.5,17.5,312820
2016-03-11,17.299999237060547,17.399999618530273,16.799999237060547,16.799999237060547,16.799999237060547,227604
2016-03-14,17.100000381469727,17.5,16.5,16.600000381469727,16.600000381469727,205902
2016-03-15,16.5,17.0,16.100000381469727,17.0,17.0,135306
2016-03-16,16.899999618530273,17.899999618530273,16.600000381469727,17.700000762939453,17.700000762939453,346089
2016-03-17,17.899999618530273,17.899999618530273,17.0,17.299999237060547,17.299999237060547,264793
2016-03-18,17.299999237060547,17.399999618530273,16.5,16.5,16.5,662340
2016-03-21,16.5,16.799999237060547,16.0,16.299999237060547,16.299999237060547,173065
2016-03-22,16.600000381469727,17.0,16.5,16.899999618530273,16.899999618530273,152997
2016-03-23,16.399999618530273,17.299999237060547,16.100000381469727,16.200000762939453,16.200000762939453,243317
2016-03-24,16.5,16.5,16.100000381469727,16.399999618530273,16.399999618530273,99480
2016-03-28,16.299999237060547,16.600000381469727,16.0,16.200000762939453,16.200000762939453,58023
2016-03-29,16.5,17.600000381469727,16.149999618530273,17.600000381469727,17.600000381469727,199415
2016-03-30,17.299999237060547,18.100000381469727,17.200000762939453,17.600000381469727,17.600000381469727,706390
2016-03-31,17.899999618530273,18.5,17.899999618530273,18.200000762939453,18.200000762939453,476160
2016-04-01,17.700000762939453,18.100000381469727,17.200000762939453,17.399999618530273,17.399999618530273,194139
2016-04-04,17.299999237060547,17.299999237060547,16.5,16.600000381469727,16.600000381469727,184111
2016-04-05,17.299999237060547,18.0,17.0,17.700000762939453,17.700000762939453,210216
2016-04-06,17.5,18.0,17.5,18.0,18.0,360528
2016-04-07,18.299999237060547,18.299999237060547,17.899999618530273,17.899999618530273,17.899999618530273,464430
2016-04-08,18.0,18.0,17.600000381469727,17.899999618530273,17.899999618530273,199710
2016-04-11,18.0,18.299999237060547,17.899999618530273,18.299999237060547,18.299999237060547,735957
2016-04-12,18.5,19.64999961853028,18.39999961853028,19.39999961853028,19.39999961853028,742198
2016-04-13,19.200000762939453,19.39999961853028,18.600000381469727,18.600000381469727,18.600000381469727,279982
2016-04-14,18.700000762939453,18.89999961853028,17.799999237060547,18.5,18.5,226716
2016-04-15,18.39999961853028,19.200000762939453,18.100000381469727,18.89999961853028,18.89999961853028,274854
2016-04-18,19.39999961853028,19.39999961853028,18.700000762939453,18.799999237060547,18.799999237060547,295486
2016-04-19,19.299999237060547,20.200000762939453,18.89999961853028,19.5,19.5,507015
2016-04-20,19.5,19.799999237060547,18.5,18.5,18.5,265470
2016-04-21,19.200000762939453,19.39999961853028,18.799999237060547,19.0,19.0,163678
2016-04-22,19.0,19.100000381469727,18.5,18.700000762939453,18.700000762939453,97755
2016-04-25,18.700000762939453,18.89999961853028,18.100000381469727,18.299999237060547,18.299999237060547,84608
2016-04-26,18.299999237060547,19.299999237060547,18.100000381469727,19.200000762939453,19.200000762939453,169458
2016-04-27,19.299999237060547,19.5,18.600000381469727,19.200000762939453,19.200000762939453,157346
2016-04-28,19.5,20.0,19.299999237060547,20.0,20.0,234554
2016-04-29,20.200000762939453,22.700000762939453,20.200000762939453,22.299999237060547,22.299999237060547,777373
2016-05-02,23.0,23.200000762939453,22.100000381469727,22.5,22.5,441403
2016-05-03,22.600000381469727,22.700000762939453,21.0,21.700000762939453,21.700000762939453,312645
2016-05-04,21.700000762939453,21.700000762939453,20.200000762939453,20.5,20.5,262082
2016-05-05,21.200000762939453,21.700000762939453,20.700000762939453,21.700000762939453,21.700000762939453,863726
2016-05-06,22.0,23.100000381469727,21.700000762939453,22.799999237060547,22.799999237060547,517153
2016-05-09,22.0,22.299999237060547,21.0,21.200000762939453,21.200000762939453,276610
2016-05-10,21.200000762939453,21.39999961853028,20.5,21.299999237060547,21.299999237060547,453530
2016-05-11,21.700000762939453,21.89999961853028,20.200000762939453,20.89999961853028,20.89999961853028,308876
2016-05-12,20.200000762939453,20.5,19.100000381469727,20.200000762939453,20.200000762939453,635794
2016-05-13,20.39999961853028,20.89999961853028,20.100000381469727,20.39999961853028,20.39999961853028,183272
2016-05-16,20.5,21.299999237060547,20.5,21.0,21.0,208668
2016-05-17,20.799999237060547,21.39999961853028,20.64999961853028,21.299999237060547,21.299999237060547,328954
2016-05-18,21.0,21.200000762939453,19.100000381469727,19.100000381469727,19.100000381469727,579902
2016-05-19,18.600000381469727,20.299999237060547,18.600000381469727,19.799999237060547,19.799999237060547,355749
2016-05-20,20.0,20.200000762939453,19.5,20.200000762939453,20.200000762939453,232789
2016-05-23,20.200000762939453,20.200000762939453,20.200000762939453,20.200000762939453,20.200000762939453,0
2016-05-24,19.5,19.600000381469727,18.100000381469727,18.5,18.5,261622
2016-05-25,18.100000381469727,19.100000381469727,17.799999237060547,18.89999961853028,18.89999961853028,362688
2016-05-26,19.299999237060547,19.700000762939453,18.799999237060547,19.700000762939453,19.700000762939453,278560
2016-05-27,19.299999237060547,19.600000381469727,18.299999237060547,18.299999237060547,18.299999237060547,305266
2016-05-31,18.299999237060547,19.200000762939453,18.100000381469727,18.89999961853028,18.89999961853028,436603
2016-06-01,19.100000381469727,19.600000381469727,18.89999961853028,19.5,19.5,261173
2016-06-02,19.5,19.89999961853028,19.0,19.700000762939453,19.700000762939453,237870
2016-06-03,20.700000762939453,22.299999237060547,20.600000381469727,21.799999237060547,21.799999237060547,675792
2016-06-06,21.799999237060547,22.100000381469727,21.299999237060547,21.600000381469727,21.600000381469727,390313
2016-06-07,21.299999237060547,21.799999237060547,21.200000762939453,21.5,21.5,183525
2016-06-08,22.100000381469727,23.200000762939453,22.100000381469727,22.5,22.5,499664
2016-06-09,22.700000762939453,23.600000381469727,22.39999961853028,23.299999237060547,23.299999237060547,473492
2016-06-10,23.700000762939453,24.0,22.89999961853028,23.0,23.0,424755
2016-06-13,24.0,24.0,21.799999237060547,22.5,22.5,1575204
2016-06-14,23.0,23.0,21.200000762939453,21.700000762939453,21.700000762939453,494754
2016-06-15,22.100000381469727,22.5,21.39999961853028,21.799999237060547,21.799999237060547,968727
2016-06-16,22.5,23.0,20.799999237060547,21.299999237060547,21.299999237060547,755611
2016-06-17,21.600000381469727,21.799999237060547,21.0,21.100000381469727,21.100000381469727,3566412
2016-06-20,20.39999961853028,21.799999237060547,20.39999961853028,21.700000762939453,21.700000762939453,317855
2016-06-21,20.799999237060547,21.450000762939453,20.799999237060547,21.100000381469727,21.100000381469727,222610
2016-06-22,21.100000381469727,22.0,21.100000381469727,21.600000381469727,21.600000381469727,366027
2016-06-23,21.600000381469727,21.89999961853028,21.200000762939453,21.600000381469727,21.600000381469727,169355
2016-06-24,23.5,24.0,21.799999237060547,21.799999237060547,21.799999237060547,664187
2016-06-27,22.200000762939453,22.200000762939453,21.299999237060547,22.0,22.0,448076
2016-06-28,22.0,22.5,21.5,22.200000762939453,22.200000762939453,175456
2016-06-29,22.39999961853028,23.200000762939453,22.200000762939453,22.700000762939453,22.700000762939453,331584
2016-06-30,22.89999961853028,23.100000381469727,22.299999237060547,23.100000381469727,23.100000381469727,270512
2016-07-01,23.100000381469727,23.100000381469727,23.100000381469727,23.100000381469727,23.100000381469727,0
2016-07-05,24.190000534057617,26.11000061035156,23.11000061035156,25.709999084472656,25.709999084472656,655215
2016-07-06,26.290000915527344,26.61000061035156,25.770000457763672,26.31999969482422,26.31999969482422,718712
2016-07-07,26.0,26.01000022888184,24.89999961853028,25.51000022888184,25.51000022888184,608101
2016-07-08,25.489999771118164,25.96999931335449,25.049999237060547,25.88999938964844,25.88999938964844,960727
2016-07-11,25.780000686645508,25.780000686645508,24.71999931335449,25.25,25.25,803447
2016-07-12,25.13999938964844,25.64999961853028,24.61000061035156,24.6200008392334,24.6200008392334,792566
2016-07-13,25.200000762939453,25.38999938964844,24.709999084472656,25.36000061035156,25.36000061035156,373544
2016-07-14,24.8799991607666,25.520000457763672,24.809999465942383,25.3799991607666,25.3799991607666,492458
2016-07-15,25.01000022888184,25.65999984741211,25.01000022888184,25.299999237060547,25.299999237060547,451736
2016-07-18,25.3700008392334,25.799999237060547,25.280000686645508,25.64999961853028,25.64999961853028,409406
2016-07-19,25.75,25.96999931335449,24.71999931335449,24.979999542236328,24.979999542236328,448496
2016-07-20,24.38999938964844,25.059999465942383,23.600000381469727,23.84000015258789,23.84000015258789,503316
2016-07-21,23.809999465942383,25.0,23.75,24.8700008392334,24.8700008392334,398716
2016-07-22,24.549999237060547,25.739999771118164,24.549999237060547,25.450000762939453,25.450000762939453,254806
2016-07-25,25.1299991607666,25.350000381469727,24.39999961853028,24.6200008392334,24.6200008392334,610669
2016-07-26,24.729999542236328,25.040000915527344,24.309999465942383,24.959999084472656,24.959999084472656,271138
2016-07-27,25.309999465942383,27.0,25.09000015258789,26.64999961853028,26.64999961853028,485900
2016-07-28,26.39999961853028,26.850000381469727,25.979999542236328,26.520000457763672,26.520000457763672,574627
2016-07-29,26.90999984741211,27.440000534057617,26.739999771118164,27.07999992370605,27.07999992370605,378625
2016-08-01,27.07999992370605,27.07999992370605,27.07999992370605,27.07999992370605,27.07999992370605,0
2016-08-02,27.11000061035156,27.38999938964844,26.489999771118164,26.81999969482422,26.81999969482422,655255
2016-08-03,26.799999237060547,27.15999984741211,26.21999931335449,26.780000686645508,26.780000686645508,459157
2016-08-04,27.18000030517578,27.64999961853028,26.93000030517578,27.040000915527344,27.040000915527344,599570
2016-08-05,26.309999465942383,26.709999084472656,26.0,26.51000022888184,26.51000022888184,435449
2016-08-08,26.520000457763672,27.82999992370605,26.489999771118164,27.07999992370605,27.07999992370605,402058
2016-08-09,27.540000915527344,27.559999465942383,26.940000534057617,27.190000534057617,27.190000534057617,466582
2016-08-10,27.600000381469727,27.63999938964844,27.1200008392334,27.25,27.25,348285
2016-08-11,27.88999938964844,30.39999961853028,27.88999938964844,29.6200008392334,29.6200008392334,672347
2016-08-12,30.020000457763672,32.2400016784668,30.020000457763672,32.02000045776367,32.02000045776367,947958
2016-08-15,32.25,32.29999923706055,31.709999084472656,31.93000030517578,31.93000030517578,856886
2016-08-16,32.02000045776367,32.9900016784668,31.850000381469727,32.72999954223633,32.72999954223633,631793
2016-08-17,32.349998474121094,33.529998779296875,31.59000015258789,32.81999969482422,32.81999969482422,1122690
2016-08-18,33.0,33.56999969482422,32.83000183105469,33.310001373291016,33.310001373291016,594689
2016-08-19,32.709999084472656,33.56999969482422,32.599998474121094,32.97999954223633,32.97999954223633,668994
2016-08-22,32.52000045776367,33.54999923706055,32.13999938964844,33.290000915527344,33.290000915527344,676330
2016-08-23,33.52000045776367,33.709999084472656,31.43000030517578,31.57999992370605,31.57999992370605,798632
2016-08-24,31.1299991607666,31.739999771118164,29.809999465942383,30.07999992370605,30.07999992370605,1104424
2016-08-25,29.920000076293945,32.279998779296875,29.21999931335449,31.61000061035156,31.61000061035156,867348
2016-08-26,32.0,32.939998626708984,31.1299991607666,31.82999992370605,31.82999992370605,868188
2016-08-29,31.170000076293945,32.75,31.170000076293945,32.27000045776367,32.27000045776367,534024
2016-08-30,31.950000762939453,31.950000762939453,30.15999984741211,30.709999084472656,30.709999084472656,523832
2016-08-31,30.36000061035156,30.93000030517578,29.059999465942383,30.040000915527344,30.040000915527344,654559
2016-09-01,29.729999542236328,32.41999816894531,29.170000076293945,31.65999984741211,31.65999984741211,957220
2016-09-02,32.66999816894531,33.630001068115234,31.959999084472656,33.41999816894531,33.41999816894531,721520
2016-09-06,33.959999084472656,35.16999816894531,33.90999984741211,35.099998474121094,35.099998474121094,605901
2016-09-07,35.0099983215332,35.150001525878906,33.720001220703125,34.45000076293945,34.45000076293945,672427
2016-09-08,34.2400016784668,34.880001068115234,33.5099983215332,34.25,34.25,558980
2016-09-09,33.83000183105469,33.88999938964844,31.030000686645508,31.440000534057617,31.440000534057617,725774
2016-09-12,30.88999938964844,32.619998931884766,30.26000022888184,32.189998626708984,32.189998626708984,1273766
2016-09-13,32.16999816894531,32.369998931884766,30.6299991607666,31.049999237060547,31.049999237060547,677113
2016-09-14,31.32999992370605,32.5,30.61000061035156,30.63999938964844,30.63999938964844,575573
2016-09-15,30.56999969482422,31.209999084472656,30.020000457763672,30.21999931335449,30.21999931335449,626942
2016-09-16,30.14999961853028,30.88999938964844,27.82999992370605,28.43000030517578,28.43000030517578,2452678
2016-09-19,28.90999984741211,29.76000022888184,28.90999984741211,29.51000022888184,29.51000022888184,457422
2016-09-20,29.39999961853028,30.25,29.13999938964844,29.96999931335449,29.96999931335449,515491
2016-09-21,30.56999969482422,32.40999984741211,30.43000030517578,32.2599983215332,32.2599983215332,644607
2016-09-22,32.75,32.75,30.63999938964844,31.229999542236328,31.229999542236328,441145
2016-09-23,31.21999931335449,31.32999992370605,30.059999465942383,30.3799991607666,30.3799991607666,386958
2016-09-26,30.989999771118164,31.030000686645508,30.14999961853028,30.38999938964844,30.38999938964844,289013
2016-09-27,29.940000534057617,31.06999969482422,29.51000022888184,29.64999961853028,29.64999961853028,553801
2016-09-28,29.729999542236328,30.0,28.690000534057617,29.549999237060547,29.549999237060547,565561
2016-09-29,29.14999961853028,29.36000061035156,28.299999237060547,28.88999938964844,28.88999938964844,441579
2016-09-30,29.040000915527344,29.31999969482422,28.1299991607666,28.3799991607666,28.3799991607666,352600
2016-10-03,28.280000686645508,28.6299991607666,26.59000015258789,27.559999465942383,27.559999465942383,563026
2016-10-04,26.790000915527344,26.790000915527344,23.770000457763672,23.84000015258789,23.84000015258789,765762
2016-10-05,24.26000022888184,24.479999542236328,22.86000061035156,23.8799991607666,23.8799991607666,824303
2016-10-06,23.440000534057617,23.5,22.07999992370605,22.59000015258789,22.59000015258789,751165
2016-10-07,23.270000457763672,24.489999771118164,23.0,23.75,23.75,815481
2016-10-10,23.75,23.75,23.75,23.75,23.75,0
2016-10-11,23.700000762939453,23.799999237060547,22.950000762939453,23.21999931335449,23.21999931335449,371365
2016-10-12,23.3700008392334,25.100000381469727,23.32999992370605,25.01000022888184,25.01000022888184,502370
2016-10-13,25.06999969482422,25.89999961853028,24.459999084472656,25.030000686645508,25.030000686645508,576273
2016-10-14,24.59000015258789,25.15999984741211,24.36000061035156,24.3799991607666,24.3799991607666,316071
2016-10-17,24.57999992370605,24.989999771118164,24.350000381469727,24.65999984741211,24.65999984741211,131997
2016-10-18,25.280000686645508,26.15999984741211,24.75,25.8799991607666,25.8799991607666,391013
2016-10-19,26.71999931335449,27.11000061035156,25.850000381469727,26.81999969482422,26.81999969482422,496428
2016-10-20,26.86000061035156,26.96999931335449,25.770000457763672,26.34000015258789,26.34000015258789,323229
2016-10-21,26.299999237060547,26.5,25.89999961853028,26.190000534057617,26.190000534057617,237832
2016-10-24,26.030000686645508,26.489999771118164,24.89999961853028,25.3799991607666,25.3799991607666,396197
2016-10-25,25.5,26.239999771118164,25.350000381469727,26.030000686645508,26.030000686645508,515183
2016-10-26,25.940000534057617,26.059999465942383,24.979999542236328,25.229999542236328,25.229999542236328,256795
2016-10-27,25.489999771118164,25.68000030517578,24.530000686645508,24.64999961853028,24.64999961853028,334924
2016-10-28,24.459999084472656,25.040000915527344,23.770000457763672,24.040000915527344,24.040000915527344,612477
2016-10-31,24.07999992370605,25.190000534057617,23.799999237060547,24.950000762939453,24.950000762939453,326375
2016-11-01,25.850000381469727,26.36000061035156,25.13999938964844,25.76000022888184,25.76000022888184,422118
2016-11-02,26.600000381469727,26.600000381469727,24.200000762939453,24.350000381469727,24.350000381469727,380463
2016-11-03,24.6299991607666,25.31999969482422,24.239999771118164,24.440000534057617,24.440000534057617,480826
2016-11-04,24.979999542236328,24.989999771118164,23.25,23.549999237060547,23.549999237060547,485997
2016-11-07,22.809999465942383,22.950000762939453,21.520000457763672,21.8799991607666,21.8799991607666,470936
2016-11-08,21.940000534057617,22.229999542236328,21.26000022888184,21.850000381469727,21.850000381469727,727961
2016-11-09,23.25,23.96999931335449,22.38999938964844,23.030000686645508,23.030000686645508,1155030
2016-11-10,22.84000015258789,22.84000015258789,20.209999084472656,20.40999984741211,20.40999984741211,768999
2016-11-11,20.290000915527344,20.56999969482422,18.6200008392334,18.850000381469727,18.850000381469727,721678
2016-11-14,18.43000030517578,19.920000076293945,18.229999542236328,19.39999961853028,19.39999961853028,569054
2016-11-15,19.520000457763672,20.56999969482422,19.309999465942383,20.450000762939453,20.450000762939453,462368
2016-11-16,20.01000022888184,20.34000015258789,19.770000457763672,20.1200008392334,20.1200008392334,717340
2016-11-17,20.0,20.84000015258789,19.64999961853028,19.90999984741211,19.90999984741211,533123
2016-11-18,19.739999771118164,20.09000015258789,19.43000030517578,20.01000022888184,20.01000022888184,389838
2016-11-21,20.01000022888184,20.450000762939453,19.780000686645508,20.18000030517578,20.18000030517578,426173
2016-11-22,20.350000381469727,20.549999237060547,19.90999984741211,20.3799991607666,20.3799991607666,382208
2016-11-23,19.709999084472656,19.96999931335449,18.63999938964844,18.76000022888184,18.76000022888184,789674
2016-11-25,19.350000381469727,19.489999771118164,19.040000915527344,19.06999969482422,19.06999969482422,359669
2016-11-28,19.440000534057617,20.56999969482422,18.90999984741211,20.40999984741211,20.40999984741211,741793
2016-11-29,20.07999992370605,20.86000061035156,19.76000022888184,20.82999992370605,20.82999992370605,452589
2016-11-30,20.6299991607666,20.76000022888184,19.75,20.1200008392334,20.1200008392334,709856
2016-12-01,20.1299991607666,20.88999938964844,19.799999237060547,20.450000762939453,20.450000762939453,661027
2016-12-02,20.76000022888184,21.030000686645508,20.420000076293945,20.89999961853028,20.89999961853028,610086
2016-12-05,20.489999771118164,21.6200008392334,20.43000030517578,21.489999771118164,21.489999771118164,563356
2016-12-06,21.530000686645508,21.65999984741211,20.8700008392334,21.170000076293945,21.170000076293945,526429
2016-12-07,21.63999938964844,22.14999961853028,21.15999984741211,21.3799991607666,21.3799991607666,468333
2016-12-08,21.350000381469727,21.65999984741211,21.280000686645508,21.489999771118164,21.489999771118164,536760
2016-12-09,21.36000061035156,21.479999542236328,20.709999084472656,20.780000686645508,20.780000686645508,885750
2016-12-12,20.989999771118164,21.350000381469727,20.739999771118164,21.030000686645508,21.030000686645508,626037
2016-12-13,21.0,21.489999771118164,20.959999084472656,21.299999237060547,21.299999237060547,606698
2016-12-14,21.530000686645508,21.530000686645508,20.46999931335449,20.6299991607666,20.6299991607666,982248
2016-12-15,19.940000534057617,20.01000022888184,18.25,18.489999771118164,18.489999771118164,727776
2016-12-16,18.459999084472656,18.989999771118164,17.799999237060547,17.799999237060547,17.799999237060547,2824625
2016-12-19,18.1299991607666,18.64999961853028,17.799999237060547,18.21999931335449,18.21999931335449,654398
2016-12-20,17.829999923706055,17.899999618530273,17.049999237060547,17.690000534057617,17.690000534057617,512803
2016-12-21,17.799999237060547,17.799999237060547,17.239999771118164,17.520000457763672,17.520000457763672,312825
2016-12-22,17.459999084472656,18.15999984741211,17.450000762939453,17.559999465942383,17.559999465942383,379214
2016-12-23,17.709999084472656,18.459999084472656,17.709999084472656,18.09000015258789,18.09000015258789,348570
2016-12-27,18.09000015258789,18.09000015258789,18.09000015258789,18.09000015258789,18.09000015258789,0
2016-12-28,18.290000915527344,19.549999237060547,18.0,19.36000061035156,19.36000061035156,434374
2016-12-29,19.6299991607666,21.89999961853028,19.170000076293945,21.799999237060547,21.799999237060547,830559
2016-12-30,21.71999931335449,22.36000061035156,20.670000076293945,20.790000915527344,20.790000915527344,585201
2017-01-03,20.89999961853028,21.6200008392334,20.450000762939453,21.57999992370605,21.57999992370605,545626
2017-01-04,21.82999992370605,22.39999961853028,21.770000457763672,22.030000686645508,22.030000686645508,543884
2017-01-05,23.89999961853028,27.26000022888184,23.770000457763672,26.75,26.75,2003584
2017-01-06,26.020000457763672,26.450000762939453,25.25,25.82999992370605,25.82999992370605,908406
2017-01-09,26.11000061035156,27.290000915527344,25.950000762939453,26.6200008392334,26.6200008392334,813579
2017-01-10,26.88999938964844,27.39999961853028,26.46999931335449,27.21999931335449,27.21999931335449,575312
2017-01-11,27.46999931335449,28.229999542236328,26.940000534057617,27.950000762939453,27.950000762939453,550454
2017-01-12,28.700000762939453,28.799999237060547,27.299999237060547,27.82999992370605,27.82999992370605,655567
2017-01-13,27.5,27.700000762939453,26.190000534057617,26.739999771118164,26.739999771118164,454403
2017-01-17,27.81999969482422,28.0,27.01000022888184,27.530000686645508,27.530000686645508,538076
2017-01-18,27.479999542236328,27.780000686645508,27.030000686645508,27.31999969482422,27.31999969482422,508934
2017-01-19,26.979999542236328,27.739999771118164,26.51000022888184,26.950000762939453,26.950000762939453,351836
2017-01-20,27.09000015258789,28.0,26.82999992370605,27.479999542236328,27.479999542236328,472488
2017-01-23,27.979999542236328,27.989999771118164,27.440000534057617,27.709999084472656,27.709999084472656,244509
2017-01-24,27.670000076293945,28.020000457763672,26.559999465942383,26.780000686645508,26.780000686645508,251279
2017-01-25,26.1200008392334,26.57999992370605,25.89999961853028,26.13999938964844,26.13999938964844,352127
2017-01-26,25.63999938964844,26.489999771118164,25.350000381469727,25.809999465942383,25.809999465942383,446457
2017-01-27,25.690000534057617,26.350000381469727,25.46999931335449,26.26000022888184,26.26000022888184,266066
2017-01-30,26.0,26.989999771118164,25.95499992370605,26.270000457763672,26.270000457763672,227028
2017-01-31,26.690000534057617,27.89999961853028,26.690000534057617,27.600000381469727,27.600000381469727,695529
2017-02-01,27.459999084472656,28.100000381469727,27.18000030517578,27.959999084472656,27.959999084472656,485089
2017-02-02,28.479999542236328,29.8700008392334,28.280000686645508,29.61000061035156,29.61000061035156,503236
2017-02-03,29.700000762939453,30.200000762939453,29.239999771118164,30.040000915527344,30.040000915527344,432495
2017-02-06,30.0,33.150001525878906,29.850000381469727,32.939998626708984,32.939998626708984,774867
2017-02-07,32.310001373291016,33.45000076293945,32.13999938964844,32.849998474121094,32.849998474121094,407362
2017-02-08,33.02000045776367,33.849998474121094,31.549999237060547,31.690000534057617,31.690000534057617,623694
2017-02-09,31.5,31.56999969482422,30.32999992370605,31.13999938964844,31.13999938964844,486252
2017-02-10,30.6200008392334,31.770000457763672,30.280000686645508,31.600000381469727,31.600000381469727,278863
2017-02-13,31.25,31.57999992370605,31.040000915527344,31.36000061035156,31.36000061035156,208798
2017-02-14,31.8799991607666,32.16999816894531,30.63999938964844,31.61000061035156,31.61000061035156,515946
2017-02-15,30.920000076293945,31.3700008392334,30.770000457763672,31.200000762939453,31.200000762939453,320687
2017-02-16,31.43000030517578,32.36000061035156,31.21999931335449,32.20000076293945,32.20000076293945,483147
2017-02-17,32.36000061035156,32.849998474121094,31.8700008392334,31.93000030517578,31.93000030517578,331096
2017-02-21,31.15999984741211,32.06999969482422,30.530000686645508,30.690000534057617,30.690000534057617,606004
2017-02-22,30.5,31.0,29.520000457763672,30.5,30.5,395353
2017-02-23,30.600000381469727,30.68000030517578,29.1200008392334,29.290000915527344,29.290000915527344,563908
2017-02-24,29.190000534057617,29.21999931335449,26.420000076293945,26.959999084472656,26.959999084472656,717312
2017-02-27,26.959999084472656,27.18000030517578,24.46999931335449,24.690000534057617,24.690000534057617,797720
2017-02-28,24.89999961853028,26.670000076293945,24.700000762939453,25.700000762939453,25.700000762939453,726415
2017-03-01,25.07999992370605,25.959999084472656,24.3700008392334,25.89999961853028,25.89999961853028,629932
2017-03-02,25.39999961853028,26.059999465942383,24.239999771118164,24.40999984741211,24.40999984741211,545244
2017-03-03,24.18000030517578,25.57999992370605,23.64999961853028,25.270000457763672,25.270000457763672,461301
2017-03-06,25.309999465942383,25.520000457763672,23.479999542236328,23.71999931335449,23.71999931335449,549705
2017-03-07,23.549999237060547,25.5,23.09000015258789,24.790000915527344,24.790000915527344,451596
2017-03-08,24.420000076293945,24.89999961853028,23.90999984741211,24.5,24.5,369850
2017-03-09,24.489999771118164,24.90999984741211,23.950000762939453,24.059999465942383,24.059999465942383,223570
2017-03-10,24.01000022888184,25.790000915527344,24.0,25.63999938964844,25.63999938964844,324441
2017-03-13,25.88999938964844,26.959999084472656,25.309999465942383,26.57999992370605,26.57999992370605,497869
2017-03-14,26.450000762939453,26.71999931335449,24.68000030517578,24.8700008392334,24.8700008392334,555942
2017-03-15,25.059999465942383,27.61000061035156,24.65999984741211,27.520000457763672,27.520000457763672,633708
2017-03-16,27.88999938964844,28.31999969482422,26.440000534057617,26.59000015258789,26.59000015258789,426912
2017-03-17,26.690000534057617,26.979999542236328,25.729999542236328,25.729999542236328,25.729999542236328,1192898
2017-03-20,25.950000762939453,27.25,25.940000534057617,27.0,27.0,366293
2017-03-21,27.26000022888184,27.989999771118164,27.26000022888184,27.43000030517578,27.43000030517578,368823
2017-03-22,27.920000076293945,28.0,27.020000457763672,27.290000915527344,27.290000915527344,309941
2017-03-23,27.190000534057617,27.540000915527344,26.07999992370605,26.920000076293945,26.920000076293945,430005
2017-03-24,26.770000457763672,27.25,26.5,26.76000022888184,26.76000022888184,245960
2017-03-27,27.450000762939453,27.450000762939453,26.88999938964844,27.170000076293945,27.170000076293945,350429
2017-03-28,27.170000076293945,27.26000022888184,25.14999961853028,25.65999984741211,25.65999984741211,512879
2017-03-29,25.75,26.989999771118164,25.75,26.489999771118164,26.489999771118164,306115
2017-03-30,26.489999771118164,26.489999771118164,25.1200008392334,25.32999992370605,25.32999992370605,233985
2017-03-31,25.56999969482422,26.71999931335449,25.36000061035156,26.21999931335449,26.21999931335449,359765
2017-04-03,26.479999542236328,27.1200008392334,26.170000076293945,26.59000015258789,26.59000015258789,301675
2017-04-04,26.06999969482422,26.88999938964844,26.06999969482422,26.780000686645508,26.780000686645508,267465
2017-04-05,26.549999237060547,26.88999938964844,25.799999237060547,26.63999938964844,26.63999938964844,360355
2017-04-06,26.40999984741211,26.600000381469727,25.700000762939453,25.75,25.75,351462
2017-04-07,26.270000457763672,26.36000061035156,25.1200008392334,25.780000686645508,25.780000686645508,730444
2017-04-10,25.540000915527344,25.96999931335449,25.100000381469727,25.770000457763672,25.770000457763672,367302
2017-04-11,26.21999931335449,26.25,25.229999542236328,25.63999938964844,25.63999938964844,758799
2017-04-12,25.6299991607666,26.309999465942383,25.200000762939453,26.200000762939453,26.200000762939453,669542
2017-04-13,26.01000022888184,26.709999084472656,25.61000061035156,26.38999938964844,26.38999938964844,531697
2017-04-17,26.21999931335449,26.56999969482422,25.600000381469727,26.200000762939453,26.200000762939453,705878
2017-04-18,26.200000762939453,27.290000915527344,25.489999771118164,26.6200008392334,26.6200008392334,631268
2017-04-19,26.229999542236328,26.520000457763672,25.290000915527344,25.82999992370605,25.82999992370605,686900
2017-04-20,25.950000762939453,26.18000030517578,25.32999992370605,25.3799991607666,25.3799991607666,357912
2017-04-21,25.59000015258789,26.030000686645508,25.32999992370605,25.61000061035156,25.61000061035156,375048
2017-04-24,25.170000076293945,25.270000457763672,24.600000381469727,24.63999938964844,24.63999938964844,426946
2017-04-25,24.21999931335449,24.21999931335449,22.770000457763672,23.34000015258789,23.34000015258789,714576
2017-04-26,23.34000015258789,24.13999938964844,22.729999542236328,23.59000015258789,23.59000015258789,751154
2017-04-27,23.549999237060547,23.90999984741211,22.780000686645508,23.020000457763672,23.020000457763672,501477
2017-04-28,23.040000915527344,23.459999084472656,22.82999992370605,23.1200008392334,23.1200008392334,461443
2017-05-01,22.86000061035156,23.09000015258789,22.200000762939453,22.690000534057617,22.690000534057617,434238
2017-05-02,22.51000022888184,22.770000457763672,22.0,22.14999961853028,22.14999961853028,394771
2017-05-03,22.01000022888184,22.6299991607666,21.59000015258789,21.809999465942383,21.809999465942383,589563
2017-05-04,21.26000022888184,21.280000686645508,20.440000534057617,20.96999931335449,20.96999931335449,562967
2017-05-05,20.940000534057617,21.93000030517578,20.940000534057617,21.39999961853028,21.39999961853028,386935
2017-05-08,21.420000076293945,21.600000381469727,21.040000915527344,21.51000022888184,21.51000022888184,276145
2017-05-09,21.3700008392334,21.709999084472656,20.780000686645508,21.690000534057617,21.690000534057617,460992
2017-05-10,22.01000022888184,22.3700008392334,21.690000534057617,22.309999465942383,22.309999465942383,462842
2017-05-11,22.440000534057617,22.920000076293945,22.18000030517578,22.63999938964844,22.63999938964844,400778
2017-05-12,23.06999969482422,23.350000381469727,22.84000015258789,23.25,23.25,459348
2017-05-15,23.709999084472656,23.709999084472656,22.57999992370605,23.170000076293945,23.170000076293945,452181
2017-05-16,23.239999771118164,23.59000015258789,22.979999542236328,23.530000686645508,23.530000686645508,326570
2017-05-17,24.14999961853028,24.14999961853028,23.309999465942383,23.670000076293945,23.670000076293945,366408
2017-05-18,23.34000015258789,23.520000457763672,22.799999237060547,23.3799991607666,23.3799991607666,423399
2017-05-19,23.6200008392334,23.670000076293945,23.13999938964844,23.32999992370605,23.32999992370605,344627
2017-05-22,23.32999992370605,23.32999992370605,23.32999992370605,23.32999992370605,23.32999992370605,0
2017-05-23,23.479999542236328,23.64999961853028,22.270000457763672,22.39999961853028,22.39999961853028,742607
2017-05-24,22.26000022888184,22.549999237060547,20.6299991607666,22.420000076293945,22.420000076293945,1079680
2017-05-25,22.200000762939453,22.200000762939453,21.3799991607666,21.950000762939453,21.950000762939453,477393
2017-05-26,22.209999084472656,22.450000762939453,22.059999465942383,22.32999992370605,22.32999992370605,242904
2017-05-30,22.09000015258789,22.459999084472656,21.82999992370605,22.200000762939453,22.200000762939453,416777
2017-05-31,22.239999771118164,22.84000015258789,22.1200008392334,22.57999992370605,22.57999992370605,406017
2017-06-01,22.309999465942383,22.770000457763672,22.15999984741211,22.5,22.5,277270
2017-06-02,22.809999465942383,23.479999542236328,22.40999984741211,23.299999237060547,23.299999237060547,392156
2017-06-05,23.309999465942383,23.38999938964844,22.3700008392334,22.850000381469727,22.850000381469727,406228
2017-06-06,23.299999237060547,24.299999237060547,23.200000762939453,24.18000030517578,24.18000030517578,642224
2017-06-07,23.88999938964844,24.0,23.32999992370605,23.600000381469727,23.600000381469727,412021
2017-06-08,23.51000022888184,23.51000022888184,22.770000457763672,23.07999992370605,23.07999992370605,369214
2017-06-09,22.57999992370605,22.88999938964844,22.25,22.38999938964844,22.38999938964844,356760
2017-06-12,21.920000076293945,22.6299991607666,21.920000076293945,22.290000915527344,22.290000915527344,475603
2017-06-13,22.14999961853028,22.950000762939453,22.1200008392334,22.64999961853028,22.64999961853028,369854
2017-06-14,23.18000030517578,23.18000030517578,21.239999771118164,21.440000534057617,21.440000534057617,1228668
2017-06-15,21.020000457763672,22.36000061035156,21.020000457763672,22.200000762939453,22.200000762939453,487751
2017-06-16,22.020000457763672,23.3799991607666,22.020000457763672,22.790000915527344,22.790000915527344,8523944
2017-06-19,22.709999084472656,23.68000030517578,22.290000915527344,23.56999969482422,23.56999969482422,664716
2017-06-20,23.61000061035156,24.39999961853028,23.520000457763672,24.200000762939453,24.200000762939453,528946
2017-06-21,24.18000030517578,25.670000076293945,24.18000030517578,25.479999542236328,25.479999542236328,462980
2017-06-22,25.700000762939453,26.06999969482422,25.450000762939453,25.709999084472656,25.709999084472656,343632
2017-06-23,25.920000076293945,26.229999542236328,25.799999237060547,26.18000030517578,26.18000030517578,259673
2017-06-26,25.790000915527344,26.06999969482422,25.6299991607666,25.739999771118164,25.739999771118164,322869
2017-06-27,25.950000762939453,25.950000762939453,25.1200008392334,25.229999542236328,25.229999542236328,240598
2017-06-28,25.43000030517578,25.43000030517578,24.88999938964844,25.280000686645508,25.280000686645508,189109
2017-06-29,25.06999969482422,25.38999938964844,24.59000015258789,24.6200008392334,24.6200008392334,214976
2017-06-30,24.39999961853028,25.020000457763672,24.309999465942383,24.729999542236328,24.729999542236328,167271
2017-07-03,24.729999542236328,24.729999542236328,24.729999542236328,24.729999542236328,24.729999542236328,0
2017-07-05,24.14999961853028,24.920000076293945,23.950000762939453,24.13999938964844,24.13999938964844,352513
2017-07-06,24.100000381469727,24.239999771118164,23.739999771118164,23.86000061035156,23.86000061035156,310804
2017-07-07,23.64999961853028,23.799999237060547,22.76000022888184,23.190000534057617,23.190000534057617,399301
2017-07-10,22.989999771118164,23.479999542236328,22.799999237060547,23.170000076293945,23.170000076293945,381998
2017-07-11,23.15999984741211,23.239999771118164,22.559999465942383,23.11000061035156,23.11000061035156,290864
2017-07-12,23.51000022888184,23.51000022888184,22.700000762939453,22.71999931335449,22.71999931335449,225584
2017-07-13,22.75,22.75,22.200000762939453,22.3700008392334,22.3700008392334,240728
2017-07-14,22.89999961853028,23.0,22.18000030517578,22.239999771118164,22.239999771118164,329445
2017-07-17,22.61000061035156,22.6299991607666,22.18000030517578,22.280000686645508,22.280000686645508,154580
2017-07-18,22.420000076293945,22.670000076293945,22.270000457763672,22.39999961853028,22.39999961853028,245342
2017-07-19,22.46999931335449,22.8700008392334,22.43000030517578,22.670000076293945,22.670000076293945,233736
2017-07-20,22.600000381469727,22.989999771118164,22.479999542236328,22.6299991607666,22.6299991607666,180298
2017-07-21,22.799999237060547,22.979999542236328,22.6299991607666,22.76000022888184,22.76000022888184,241407
2017-07-24,22.799999237060547,22.920000076293945,22.61000061035156,22.780000686645508,22.780000686645508,267692
2017-07-25,22.780000686645508,23.030000686645508,22.459999084472656,22.89999961853028,22.89999961853028,331359
2017-07-26,22.82999992370605,23.100000381469727,22.440000534057617,23.030000686645508,23.030000686645508,338408
2017-07-27,23.170000076293945,23.190000534057617,22.280000686645508,22.479999542236328,22.479999542236328,454864
2017-07-28,22.549999237060547,22.920000076293945,22.38999938964844,22.559999465942383,22.559999465942383,277096
2017-07-31,22.63999938964844,23.040000915527344,22.59000015258789,22.729999542236328,22.729999542236328,238051
2017-08-01,22.65999984741211,22.780000686645508,21.39999961853028,21.5,21.5,509875
2017-08-02,21.549999237060547,21.76000022888184,21.209999084472656,21.309999465942383,21.309999465942383,279121
2017-08-03,21.309999465942383,21.309999465942383,20.809999465942383,20.8799991607666,20.8799991607666,235636
2017-08-04,20.850000381469727,20.940000534057617,20.299999237060547,20.51000022888184,20.51000022888184,376489
2017-08-07,20.51000022888184,20.51000022888184,20.51000022888184,20.51000022888184,20.51000022888184,0
2017-08-08,20.71999931335449,20.799999237060547,20.06999969482422,20.209999084472656,20.209999084472656,319457
2017-08-09,20.559999465942383,20.57999992370605,20.14999961853028,20.229999542236328,20.229999542236328,390150
2017-08-10,19.989999771118164,20.34000015258789,19.030000686645508,20.190000534057617,20.190000534057617,876088
2017-08-11,20.11000061035156,20.13999938964844,19.1299991607666,19.239999771118164,19.239999771118164,553416
2017-08-14,19.06999969482422,19.290000915527344,18.89999961853028,19.170000076293945,19.170000076293945,204669
2017-08-15,18.81999969482422,19.040000915527344,18.770000457763672,18.850000381469727,18.850000381469727,249499
2017-08-16,18.850000381469727,19.07999992370605,18.709999084472656,18.8700008392334,18.8700008392334,306643
2017-08-17,18.979999542236328,19.25,18.89999961853028,19.21999931335449,19.21999931335449,350509
2017-08-18,19.489999771118164,19.75,19.21999931335449,19.350000381469727,19.350000381469727,464856
2017-08-21,19.3799991607666,19.690000534057617,19.209999084472656,19.309999465942383,19.309999465942383,294878
2017-08-22,19.229999542236328,19.280000686645508,19.01000022888184,19.049999237060547,19.049999237060547,155690
2017-08-23,19.13999938964844,19.36000061035156,19.0,19.32999992370605,19.32999992370605,216088
2017-08-24,19.25,19.56999969482422,19.21999931335449,19.38999938964844,19.38999938964844,294678
2017-08-25,19.43000030517578,19.68000030517578,19.290000915527344,19.5,19.5,162714
2017-08-28,19.64999961853028,20.13999938964844,19.56999969482422,20.049999237060547,20.049999237060547,332843
2017-08-29,20.31999969482422,21.25,20.26000022888184,20.68000030517578,20.68000030517578,737948
2017-08-30,20.540000915527344,20.81999969482422,20.46999931335449,20.559999465942383,20.559999465942383,301782
2017-08-31,20.5,21.1299991607666,20.36000061035156,21.07999992370605,21.07999992370605,507473
2017-09-01,21.13999938964844,21.299999237060547,20.8799991607666,21.07999992370605,21.07999992370605,333081
2017-09-05,21.309999465942383,21.84000015258789,21.059999465942383,21.809999465942383,21.809999465942383,333563
2017-09-06,21.75,22.0,21.440000534057617,21.530000686645508,21.530000686645508,493737
2017-09-07,21.71999931335449,22.01000022888184,21.59000015258789,21.739999771118164,21.739999771118164,239224
2017-09-08,21.690000534057617,21.739999771118164,21.38999938964844,21.64999961853028,21.64999961853028,249770
2017-09-11,21.350000381469727,21.75,21.059999465942383,21.100000381469727,21.100000381469727,273661
2017-09-12,21.030000686645508,21.56999969482422,21.030000686645508,21.43000030517578,21.43000030517578,249921
2017-09-13,21.43000030517578,21.43000030517578,20.56999969482422,20.59000015258789,20.59000015258789,223477
2017-09-14,20.39999961853028,20.8799991607666,20.26000022888184,20.59000015258789,20.59000015258789,195947
2017-09-15,20.56999969482422,20.600000381469727,20.1299991607666,20.26000022888184,20.26000022888184,503228
2017-09-18,20.170000076293945,20.170000076293945,19.239999771118164,19.299999237060547,19.299999237060547,374080
2017-09-19,19.36000061035156,20.049999237060547,19.36000061035156,19.86000061035156,19.86000061035156,533614
2017-09-20,19.88999938964844,20.200000762939453,19.3799991607666,19.46999931335449,19.46999931335449,281448
2017-09-21,19.270000457763672,19.790000915527344,19.270000457763672,19.3799991607666,19.3799991607666,224396
2017-09-22,19.530000686645508,19.729999542236328,19.350000381469727,19.65999984741211,19.65999984741211,163166
2017-09-25,19.600000381469727,20.200000762939453,19.459999084472656,20.030000686645508,20.030000686645508,195380
2017-09-26,19.809999465942383,20.0,19.549999237060547,19.729999542236328,19.729999542236328,232121
2017-09-27,19.51000022888184,19.68000030517578,19.450000762939453,19.6200008392334,19.6200008392334,223928
2017-09-28,19.59000015258789,19.88999938964844,19.549999237060547,19.799999237060547,19.799999237060547,166130
2017-09-29,19.809999465942383,19.88999938964844,19.540000915527344,19.549999237060547,19.549999237060547,164749
2017-10-02,19.479999542236328,19.81999969482422,19.479999542236328,19.770000457763672,19.770000457763672,187823
2017-10-03,19.780000686645508,19.950000762939453,19.540000915527344,19.57999992370605,19.57999992370605,235341
2017-10-04,19.709999084472656,19.920000076293945,19.549999237060547,19.809999465942383,19.809999465942383,191340
2017-10-06,19.84000015258789,20.479999542236328,19.780000686645508,20.3799991607666,20.3799991607666,289383
2017-10-09,20.3799991607666,20.3799991607666,20.3799991607666,20.3799991607666,20.3799991607666,0
2017-10-10,20.93000030517578,20.93000030517578,19.989999771118164,20.13999938964844,20.13999938964844,161001
2017-10-11,20.100000381469727,20.36000061035156,19.75,20.26000022888184,20.26000022888184,262543
2017-10-12,20.21999931335449,20.239999771118164,19.75,19.799999237060547,19.799999237060547,198859
2017-10-13,20.0,20.190000534057617,19.6200008392334,19.709999084472656,19.709999084472656,200173
2017-10-16,19.76000022888184,19.81999969482422,18.6299991607666,18.82999992370605,18.82999992370605,437805
2017-10-17,18.81999969482422,19.3700008392334,18.81999969482422,19.18000030517578,19.18000030517578,232691
2017-10-18,19.15999984741211,19.200000762939453,18.780000686645508,18.790000915527344,18.790000915527344,228224
2017-10-19,18.89999961853028,18.89999961853028,17.940000534057617,18.040000915527344,18.040000915527344,284059
2017-10-20,17.90999984741211,18.0,17.65999984741211,17.8799991607666,17.8799991607666,142634
2017-10-23,17.729999542236328,18.21999931335449,17.729999542236328,18.059999465942383,18.059999465942383,224347
2017-10-24,17.979999542236328,18.059999465942383,17.719999313354492,17.860000610351562,17.860000610351562,218666
2017-10-25,18.07999992370605,18.39999961853028,17.950000762939453,18.010000228881836,18.010000228881836,492119
2017-10-26,18.049999237060547,18.209999084472656,17.780000686645508,17.920000076293945,17.920000076293945,159913
2017-10-27,17.8799991607666,17.989999771118164,17.59000015258789,17.829999923706055,17.829999923706055,228042
2017-10-30,17.8700008392334,18.11000061035156,17.809999465942383,17.899999618530273,17.899999618530273,166073
2017-10-31,17.93000030517578,17.959999084472656,17.729999542236328,17.790000915527344,17.790000915527344,175652
2017-11-01,17.959999084472656,18.31999969482422,17.709999084472656,18.100000381469727,18.100000381469727,280036
2017-11-02,18.1299991607666,18.270000457763672,17.989999771118164,18.030000686645508,18.030000686645508,206840
2017-11-03,18.09000015258789,18.09000015258789,17.860000610351562,17.959999084472656,17.959999084472656,198248
2017-11-06,17.940000534057617,17.940000534057617,16.479999542236328,17.440000534057617,17.440000534057617,575970
2017-11-07,13.5,15.25,12.5,14.149999618530272,14.149999618530272,1208064
2017-11-08,14.369999885559082,14.850000381469728,13.920000076293944,13.960000038146973,13.960000038146973,841635
2017-11-09,12.420000076293944,13.9399995803833,12.420000076293944,13.699999809265137,13.699999809265137,542378
2017-11-10,13.720000267028809,13.729999542236328,13.114999771118164,13.359999656677246,13.359999656677246,309106
2017-11-13,13.329999923706056,13.449999809265137,13.149999618530272,13.350000381469728,13.350000381469728,167004
2017-11-14,13.390000343322754,13.510000228881836,13.140000343322754,13.170000076293944,13.170000076293944,341943
2017-11-15,13.329999923706056,13.800000190734863,13.1899995803833,13.760000228881836,13.760000228881836,153879
2017-11-16,13.619999885559082,14.130000114440918,13.619999885559082,14.010000228881836,14.010000228881836,234923
2017-11-17,14.050000190734863,14.40999984741211,13.9399995803833,14.369999885559082,14.369999885559082,213638
2017-11-20,14.25,14.260000228881836,13.770000457763672,13.989999771118164,13.989999771118164,233883
2017-11-21,14.020000457763672,14.520000457763672,13.979999542236328,14.25,14.25,291057
2017-11-22,14.380000114440918,14.420000076293944,14.170000076293944,14.210000038146973,14.210000038146973,160753
2017-11-24,14.3100004196167,14.40999984741211,13.90999984741211,14.029999732971191,14.029999732971191,166099
2017-11-27,14.06999969482422,14.1899995803833,13.880000114440918,14.119999885559082,14.119999885559082,203437
2017-11-28,14.06999969482422,14.15999984741211,13.34000015258789,13.390000343322754,13.390000343322754,321670
2017-11-29,13.329999923706056,13.329999923706056,12.760000228881836,12.800000190734863,12.800000190734863,365965
2017-11-30,12.760000228881836,12.890000343322754,12.56999969482422,12.770000457763672,12.770000457763672,385678
2017-12-01,12.729999542236328,12.880000114440918,12.510000228881836,12.5600004196167,12.5600004196167,318239
2017-12-04,12.5,12.84000015258789,12.5,12.720000267028809,12.720000267028809,260516
2017-12-05,12.59000015258789,12.68000030517578,12.09000015258789,12.579999923706056,12.579999923706056,346103
2017-12-06,12.529999732971191,12.869999885559082,12.489999771118164,12.800000190734863,12.800000190734863,257483
2017-12-07,12.449999809265137,12.649999618530272,12.15999984741211,12.3100004196167,12.3100004196167,271647
2017-12-08,12.350000381469728,12.68000030517578,12.34000015258789,12.619999885559082,12.619999885559082,171263
2017-12-11,12.670000076293944,12.949999809265137,12.100000381469728,12.600000381469728,12.600000381469728,460235
2017-12-12,12.520000457763672,12.56999969482422,11.529999732971191,11.869999885559082,11.869999885559082,472577
2017-12-13,11.869999885559082,12.199999809265137,11.539999961853027,12.149999618530272,12.149999618530272,577647
2017-12-14,12.199999809265137,12.199999809265137,11.550000190734863,11.720000267028809,11.720000267028809,388853
2017-12-15,12.18000030517578,12.18000030517578,11.6899995803833,11.989999771118164,11.989999771118164,1190959
2017-12-18,12.039999961853027,12.289999961853027,11.779999732971191,12.0600004196167,12.0600004196167,271526
2017-12-19,11.920000076293944,12.005000114440918,11.25,11.93000030517578,11.93000030517578,595484
2017-12-20,11.880000114440918,12.449999809265137,11.729999542236328,12.279999732971191,12.279999732971191,298855
2017-12-21,12.279999732971191,12.380000114440918,12.15999984741211,12.199999809265137,12.199999809265137,149414
2017-12-22,12.229999542236328,12.550000190734863,11.9399995803833,12.010000228881836,12.010000228881836,370909
2017-12-26,12.010000228881836,12.010000228881836,12.010000228881836,12.010000228881836,12.010000228881836,0
2017-12-27,12.020000457763672,12.109999656677246,11.329999923706056,11.420000076293944,11.420000076293944,449426
2017-12-28,11.470000267028809,11.579999923706056,11.270000457763672,11.390000343322754,11.390000343322754,275609
2017-12-29,11.479999542236328,12.15999984741211,11.460000038146973,11.93000030517578,11.93000030517578,312415
2018-01-02,12.010000228881836,12.15999984741211,11.359999656677246,11.470000267028809,11.470000267028809,513246
2018-01-03,11.520000457763672,11.520000457763672,10.5,10.65999984741211,10.65999984741211,840345
2018-01-04,10.68000030517578,10.699999809265137,10.199999809265137,10.329999923706056,10.329999923706056,897571
2018-01-05,10.119999885559082,10.44499969482422,10.119999885559082,10.350000381469728,10.350000381469728,906152
2018-01-08,10.489999771118164,11.619999885559082,10.489999771118164,11.600000381469728,11.600000381469728,934080
2018-01-09,11.460000038146973,11.949999809265137,11.010000228881836,11.520000457763672,11.520000457763672,858879
2018-01-10,11.579999923706056,11.8100004196167,11.4399995803833,11.739999771118164,11.739999771118164,374498
2018-01-11,11.710000038146973,11.779999732971191,11.609999656677246,11.649999618530272,11.649999618530272,547792
2018-01-12,11.729999542236328,12.010000228881836,11.59000015258789,11.699999809265137,11.699999809265137,501324
2018-01-16,12.65999984741211,12.84000015258789,12.18000030517578,12.649999618530272,12.649999618530272,567224
2018-01-17,12.93000030517578,13.5,12.869999885559082,12.979999542236328,12.979999542236328,707836
2018-01-18,13.010000228881836,13.020000457763672,12.369999885559082,12.529999732971191,12.529999732971191,414592
2018-01-19,12.630000114440918,12.630000114440918,12.18000030517578,12.460000038146973,12.460000038146973,413773
2018-01-22,12.550000190734863,12.550000190734863,11.979999542236328,12.09000015258789,12.09000015258789,272477
2018-01-23,12.039999961853027,12.3100004196167,11.829999923706056,12.239999771118164,12.239999771118164,345947
2018-01-24,12.489999771118164,12.579999923706056,12.140000343322754,12.350000381469728,12.350000381469728,459162
2018-01-25,12.420000076293944,12.579999923706056,12.149999618530272,12.270000457763672,12.270000457763672,729099
2018-01-26,12.34000015258789,12.34000015258789,11.420000076293944,12.06999969482422,12.06999969482422,626329
2018-01-29,12.729999542236328,14.579999923706056,12.710000038146973,14.109999656677246,14.109999656677246,1233806
2018-01-30,13.079999923706056,13.600000381469728,12.675000190734863,12.729999542236328,12.729999542236328,1981888
2018-02-22,11.649999618530272,11.84000015258789,11.260000228881836,11.710000038146973,11.710000038146973,466090
2019-09-12,54.0,58.0,51.0,52.75,52.75,7326300
2019-09-13,52.75,54.35499954223633,49.150001525878906,52.27000045776367,52.27000045776367,1025200
2019-09-16,52.45000076293945,56.0,52.0099983215332,55.20000076293945,55.20000076293945,269900
2019-09-17,56.209999084472656,60.900001525878906,55.42300033569336,56.77999877929688,56.77999877929688,602800
2019-09-18,56.84999847412109,62.27000045776367,55.650001525878906,62.0,62.0,1589600
2019-09-19,62.810001373291016,63.375,61.02999877929688,61.119998931884766,61.119998931884766,425200
2019-09-20,61.709999084472656,62.41999816894531,59.81999969482422,60.5,60.5,392000
2019-09-23,60.220001220703125,61.48500061035156,59.93999862670898,60.33000183105469,60.33000183105469,137200
2019-09-24,61.0,61.0,54.0,54.29999923706055,54.29999923706055,713800
2019-09-25,54.459999084472656,55.880001068115234,52.5629997253418,52.7599983215332,52.7599983215332,261200
2019-09-26,52.77999877929688,53.68999862670898,46.619998931884766,49.9900016784668,49.9900016784668,596300
2019-09-27,51.130001068115234,55.0,50.70000076293945,51.02999877929688,51.02999877929688,621300
2019-09-30,51.04999923706055,52.0,49.25,50.400001525878906,50.400001525878906,168900
2019-10-01,50.5099983215332,51.91999816894531,46.0,47.02999877929688,47.02999877929688,536300
2019-10-02,46.77999877929688,47.22999954223633,45.11000061035156,46.06999969482422,46.06999969482422,519600
2019-10-03,46.77000045776367,48.2400016784668,45.75,48.119998931884766,48.119998931884766,703900
2019-10-04,48.0,53.34000015258789,47.81999969482422,51.45000076293945,51.45000076293945,322400
2019-10-07,52.09999847412109,53.220001220703125,49.02999877929688,50.36000061035156,50.36000061035156,476600
2019-10-08,50.0,51.27000045776367,49.0,49.54999923706055,49.54999923706055,284100
2019-10-09,49.630001068115234,51.525001525878906,49.57500076293945,50.0099983215332,50.0099983215332,201100
2019-10-10,50.54999923706055,50.54999923706055,48.09999847412109,48.43999862670898,48.43999862670898,222100
2019-10-11,48.40999984741211,50.220001220703125,48.119998931884766,49.29999923706055,49.29999923706055,135700
2019-10-14,49.310001373291016,51.220001220703125,49.0,50.2599983215332,50.2599983215332,83600
2019-10-15,50.5,51.650001525878906,48.5099983215332,48.65999984741211,48.65999984741211,95100
2019-10-16,48.540000915527344,51.75,48.50299835205078,51.130001068115234,51.130001068115234,139500
2019-10-17,51.08000183105469,52.31999969482422,50.11000061035156,51.88999938964844,51.88999938964844,131000
2019-10-18,51.61000061035156,54.22999954223633,51.31999969482422,52.5,52.5,170000
2019-10-21,52.4900016784668,56.5,52.14599990844727,53.36000061035156,53.36000061035156,161600
2019-10-22,53.34999847412109,56.0,52.979000091552734,54.630001068115234,54.630001068115234,131000
2019-10-23,54.9900016784668,58.959999084472656,54.650001525878906,58.630001068115234,58.630001068115234,188400
2019-10-24,58.630001068115234,59.09999847412109,54.880001068115234,56.81999969482422,56.81999969482422,91100
2019-10-25,57.43999862670898,58.900001525878906,51.4900016784668,52.5,52.5,127600
2019-10-28,52.77999877929688,56.54999923706055,52.77999877929688,56.04999923706055,56.04999923706055,115800
2019-10-29,55.970001220703125,56.0,54.5,54.7599983215332,54.7599983215332,55200
2019-10-30,55.33000183105469,58.9900016784668,55.119998931884766,57.70000076293945,57.70000076293945,173200
2019-10-31,58.43999862670898,59.08399963378906,56.84199905395508,58.0,58.0,83400
2019-11-01,58.4900016784668,58.59999847412109,56.95500183105469,58.25,58.25,139900
2019-11-04,58.65999984741211,60.66999816894531,57.29999923706055,57.83000183105469,57.83000183105469,149100
2019-11-05,57.84000015258789,58.720001220703125,55.20000076293945,55.33000183105469,55.33000183105469,72300
2019-11-06,55.58000183105469,57.70100021362305,53.84999847412109,54.060001373291016,54.060001373291016,117800
2019-11-07,55.93000030517578,55.970001220703125,52.02999877929688,55.27999877929688,55.27999877929688,169600
2019-11-08,54.7400016784668,56.0099983215332,51.15499877929688,55.720001220703125,55.720001220703125,481400
2019-11-11,55.880001068115234,61.27999877929688,55.880001068115234,60.29999923706055,60.29999923706055,312600
2019-11-12,60.400001525878906,61.09000015258789,58.209999084472656,59.650001525878906,59.650001525878906,133700
2019-11-13,59.310001373291016,61.17599868774414,59.244998931884766,60.95000076293945,60.95000076293945,113500
2019-11-14,60.619998931884766,64.61000061035156,59.0,63.5,63.5,356600
2019-11-15,63.70000076293945,68.18499755859375,63.0,67.8499984741211,67.8499984741211,135300
2019-11-18,68.36399841308594,68.36399841308594,60.5099983215332,61.34000015258789,61.34000015258789,344400
2019-11-19,61.84999847412109,65.0,61.84999847412109,64.41000366210938,64.41000366210938,275400
2019-11-20,63.88999938964844,65.87999725341797,62.20000076293945,63.54999923706055,63.54999923706055,91500
2019-11-21,64.08000183105469,64.25,61.040000915527344,61.810001373291016,61.810001373291016,99000
2019-11-22,61.9900016784668,64.37999725341797,61.9900016784668,63.86000061035156,63.86000061035156,115700
2019-11-25,64.16000366210938,67.48999786376953,64.16000366210938,66.0,66.0,212500
2019-11-26,66.25,67.43599700927734,64.04000091552734,64.04000091552734,64.04000091552734,168600
2019-11-27,64.23999786376953,65.0,62.31999969482422,62.560001373291016,62.560001373291016,100700
2019-11-29,62.66999816894531,65.47000122070312,62.52999877929688,64.88999938964844,64.88999938964844,39800
2019-12-02,65.94000244140625,65.94999694824219,63.560001373291016,64.75,64.75,69200
2019-12-03,63.90999984741211,65.48999786376953,63.73400115966797,64.95999908447266,64.95999908447266,58400
2019-12-04,65.30000305175781,65.58999633789062,63.310001373291016,63.54999923706055,63.54999923706055,91200
2019-12-05,63.66999816894531,63.81999969482422,60.04999923706055,62.61000061035156,62.61000061035156,158400
2019-12-06,62.68999862670898,63.900001525878906,61.5099983215332,63.40999984741211,63.40999984741211,131800
2019-12-09,63.810001373291016,65.3499984741211,62.91999816894531,63.20000076293945,63.20000076293945,178200
2019-12-10,63.25,66.98999786376953,62.630001068115234,65.94999694824219,65.94999694824219,254600
2019-12-11,66.55000305175781,67.06900024414062,62.95000076293945,65.16000366210938,65.16000366210938,252900
2019-12-12,64.69999694824219,66.0719985961914,61.0,61.540000915527344,61.540000915527344,181000
2019-12-13,62.04999923706055,63.209999084472656,60.61000061035156,60.970001220703125,60.970001220703125,113100
2019-12-16,61.25,62.91999816894531,61.02999877929688,61.9900016784668,61.9900016784668,203200
2019-12-17,62.36000061035156,62.66999816894531,61.38999938964844,62.02000045776367,62.02000045776367,178900
2019-12-18,62.040000915527344,71.9800033569336,61.584999084472656,69.70999908447266,69.70999908447266,365000
2019-12-19,69.55999755859375,69.55999755859375,56.470001220703125,61.72999954223633,61.72999954223633,785400
2019-12-20,64.61000061035156,74.96099853515625,63.220001220703125,73.81999969482422,73.81999969482422,1224000
2019-12-23,74.0,88.9800033569336,72.22100067138672,79.54000091552734,79.54000091552734,970100
2019-12-24,78.66000366210938,80.9800033569336,78.02999877929688,79.44000244140625,79.44000244140625,107300
2019-12-26,79.51000213623047,81.95999908447266,74.26000213623047,74.44999694824219,74.44999694824219,188700
2019-12-27,74.94000244140625,80.6500015258789,74.94000244140625,78.1500015258789,78.1500015258789,322500
2019-12-30,78.1500015258789,79.16000366210938,74.54000091552734,76.12999725341797,76.12999725341797,149600
2019-12-31,76.0,77.24500274658203,74.62000274658203,76.25,76.25,164800
2020-01-02,76.91000366210938,77.98999786376953,71.4800033569336,72.83000183105469,72.83000183105469,220200
2020-01-03,71.5199966430664,76.18800354003906,70.58000183105469,75.55999755859375,75.55999755859375,288300
2020-01-06,75.2699966430664,77.3499984741211,73.55999755859375,75.55000305175781,75.55000305175781,220600
2020-01-07,76.0,77.27999877929688,75.31999969482422,75.9800033569336,75.9800033569336,182400
2020-01-08,76.08999633789062,76.94999694824219,72.73999786376953,74.83999633789062,74.83999633789062,172100
2020-01-09,75.58000183105469,77.94000244140625,75.5,77.16999816894531,77.16999816894531,183600
2020-01-10,77.63999938964844,83.55000305175781,77.13400268554688,79.75,79.75,295800
2020-01-13,80.8499984741211,84.70999908447266,80.52400207519531,83.72000122070312,83.72000122070312,196800
2020-01-14,83.80999755859375,85.13999938964844,81.63999938964844,84.61000061035156,84.61000061035156,152100
2020-01-15,85.45999908447266,90.37000274658205,85.13999938964844,85.80000305175781,85.80000305175781,308000
2020-01-16,86.81999969482422,87.1500015258789,84.01000213623047,85.88999938964844,85.88999938964844,126000
2020-01-17,86.11000061035156,87.75800323486328,80.2699966430664,83.62999725341797,83.62999725341797,140700
2020-01-21,84.98999786376953,88.86000061035156,83.01000213623047,87.75,87.75,207500
2020-01-22,89.54000091552734,96.73799896240234,89.19999694824219,91.80999755859376,91.80999755859376,395200
2020-01-23,92.3499984741211,95.05999755859376,90.0,95.05999755859376,95.05999755859376,197300
2020-01-24,95.45999908447266,101.0,94.15799713134766,100.79000091552734,100.79000091552734,328100
2020-01-27,99.76000213623048,104.89299774169922,97.0199966430664,103.20999908447266,103.20999908447266,334900
2020-01-28,104.62000274658205,108.2699966430664,103.2979965209961,106.62000274658205,106.62000274658205,245400
2020-01-29,107.77999877929688,108.35900115966795,98.02999877929688,99.29000091552734,99.29000091552734,284800
2020-01-30,99.0,99.2699966430664,89.68000030517578,93.5500030517578,93.5500030517578,370200
2020-01-31,93.8000030517578,96.73999786376952,89.11000061035156,91.38999938964844,91.38999938964844,214700
2020-02-03,91.25,96.66400146484376,91.0,93.81999969482422,93.81999969482422,141200
2020-02-04,95.45999908447266,96.01000213623048,90.2249984741211,90.72000122070312,90.72000122070312,152500
2020-02-05,91.12999725341795,93.11199951171876,90.02999877929688,92.01000213623048,92.01000213623048,114300
2020-02-06,92.2699966430664,95.33000183105467,90.5250015258789,91.19000244140624,91.19000244140624,125800
2020-02-07,92.6999969482422,93.0,86.16000366210938,88.9800033569336,88.9800033569336,222500
2020-02-10,89.45999908447266,91.41999816894533,87.49500274658203,88.37000274658203,88.37000274658203,97700
2020-02-11,88.87000274658203,90.01000213623047,83.52999877929688,87.25,87.25,286700
2020-02-12,86.55999755859375,87.20999908447266,84.89900207519531,86.66000366210938,86.66000366210938,137700
2020-02-13,87.69999694824219,90.7699966430664,86.04000091552734,86.7699966430664,86.7699966430664,121900
2020-02-14,87.66999816894531,94.27999877929688,86.3499984741211,92.56999969482422,92.56999969482422,265600
2020-02-18,93.0,93.86000061035156,86.64600372314453,90.22000122070312,90.22000122070312,288200
2020-02-19,86.41000366210938,93.8000030517578,82.0999984741211,90.5999984741211,90.5999984741211,992300
2020-02-20,90.38999938964844,90.98999786376952,84.0,85.44000244140625,85.44000244140625,279000
2020-02-21,85.05999755859375,85.4749984741211,78.68000030517578,82.0,82.0,618400
2020-02-24,78.0999984741211,80.61000061035156,75.54000091552734,79.94999694824219,79.94999694824219,306500
2020-02-25,79.23999786376953,80.0,72.75,73.56999969482422,73.56999969482422,559800
2020-02-26,73.95999908447266,80.2300033569336,73.01000213623047,75.18000030517578,75.18000030517578,434300
2020-02-27,73.48999786376953,76.5,71.16999816894531,72.7300033569336,72.7300033569336,225800
2020-02-28,70.02999877929688,79.83000183105469,70.02999877929688,79.69999694824219,79.69999694824219,314600
2020-03-02,80.44000244140625,81.4800033569336,75.0199966430664,79.37000274658203,79.37000274658203,418700
2020-03-03,79.5199966430664,81.13999938964844,75.0,76.94999694824219,76.94999694824219,331800
2020-03-04,78.70999908447266,78.70999908447266,72.87000274658203,77.41999816894531,77.41999816894531,354800
2020-03-05,77.30000305175781,78.1729965209961,71.58999633789062,72.58999633789062,72.58999633789062,340100
2020-03-06,69.41999816894531,71.5,62.060001373291016,71.27999877929688,71.27999877929688,3934700
2020-03-09,63.52000045776367,68.31999969482422,62.5099983215332,65.29000091552734,65.29000091552734,721000
2020-03-10,65.94999694824219,67.18000030517578,60.900001525878906,66.5,66.5,921800
2020-03-11,62.90999984741211,64.0,57.40999984741211,60.7599983215332,60.7599983215332,1066300
2020-03-12,55.119998931884766,59.994998931884766,50.810001373291016,59.59999847412109,59.59999847412109,661300
2020-03-13,60.0,62.68999862670898,55.560001373291016,57.36000061035156,57.36000061035156,726100
2020-03-16,51.0,60.9900016784668,51.0,55.54999923706055,55.54999923706055,693500
2020-03-17,55.470001220703125,61.709999084472656,53.84999847412109,59.880001068115234,59.880001068115234,430700
2020-03-18,57.54999923706055,59.4900016784668,54.38999938964844,58.0,58.0,584500
2020-03-19,57.06999969482422,58.5,51.96500015258789,55.0,55.0,1125800
2020-03-20,53.77999877929688,56.77999877929688,52.5099983215332,55.77999877929688,55.77999877929688,1342500
2020-03-23,55.560001373291016,55.98500061035156,48.77999877929688,51.56999969482422,51.56999969482422,1261400
2020-03-24,53.75,57.810001373291016,53.75,57.11000061035156,57.11000061035156,694200
2020-03-25,57.0099983215332,62.59000015258789,55.18000030517578,59.9900016784668,59.9900016784668,535100
2020-03-26,60.0,63.9900016784668,59.9900016784668,61.040000915527344,61.040000915527344,307400
2020-03-27,60.400001525878906,62.09999847412109,59.25,59.9900016784668,59.9900016784668,148500
2020-03-30,61.15999984741211,63.84000015258789,58.05500030517578,62.79999923706055,62.79999923706055,418800
2020-03-31,63.36000061035156,63.36000061035156,60.31999969482422,62.31999969482422,62.31999969482422,286200
2020-04-01,59.79999923706055,60.959999084472656,57.0099983215332,58.38999938964844,58.38999938964844,424500
2020-04-02,58.119998931884766,60.650001525878906,56.810001373291016,59.7400016784668,,344200
2020-04-03,59.45000076293945,61.400001525878906,58.040000915527344,58.68999862670898,,422200
2020-04-06,59.130001068115234,62.5,59.130001068115234,62.27000045776367,,628900
2020-04-07,62.959999084472656,63.04999923706055,58.11000061035156,60.84999847412109,,607200
2020-04-08,60.33000183105469,64.55000305175781,59.36000061035156,64.31999969482422,,494400
2020-04-09,64.98999786376953,66.30599975585938,62.777000427246094,65.91999816894531,,595100
2020-04-13,66.4000015258789,67.4800033569336,62.70000076293945,64.88999938964844,,353100
2020-04-14,64.22000122070312,67.0,62.869998931884766,66.75,,949900
2020-04-15,66.12000274658203,67.4800033569336,64.6500015258789,66.80000305175781,,396300
2020-04-16,67.4800033569336,68.72000122070312,66.26000213623047,68.5,,452100
2020-04-17,69.4800033569336,71.91000366210938,69.27999877929688,71.16000366210938,,676000
2020-04-20,68.41999816894531,74.9800033569336,67.75,74.19999694824219,,692400
2020-04-21,74.4800033569336,75.41999816894531,73.54499816894531,74.58000183105469,,738500
2020-04-22,76.56999969482422,76.56999969482422,75.01000213623047,76.0,,647800
2020-04-23,75.4000015258789,76.41999816894531,72.81999969482422,73.94000244140625,,631900
2020-04-24,73.08000183105469,74.5199966430664,72.7750015258789,74.0,,701700
2020-04-27,75.0,76.7699966430664,74.08999633789062,76.19000244140625,,1117800
2020-04-28,76.72000122070312,77.44000244140625,75.30500030517578,76.26000213623047,,522200
2020-04-29,77.4000015258789,82.36000061035156,76.25,81.75,,1096200
2020-04-30,81.05999755859375,82.4000015258789,78.66000366210938,79.87000274658203,,577000
2020-05-01,78.51000213623047,79.80000305175781,76.01000213623047,78.41000366210938,,614000
2020-05-04,78.33000183105469,78.94000244140625,76.81999969482422,77.91000366210938,,360200
2020-05-05,79.12999725341797,80.13899993896484,77.58999633789062,78.16999816894531,,664100
2020-05-06,78.29000091552734,79.5,77.02999877929688,78.69999694824219,,352100
2020-05-07,79.51000213623047,81.47000122070312,78.40499877929688,80.80999755859375,,599300
2020-05-08,80.9800033569336,84.4000015258789,80.5,82.95999908447266,,532900
2020-05-11,83.0,85.12000274658203,82.08000183105469,82.0999984741211,,786100
2020-05-12,79.55000305175781,83.0,74.0,82.58999633789062,,1392400
2020-05-13,81.01000213623047,83.5,78.37000274658203,80.08000183105469,,948600
2020-05-14,74.52999877929688,79.37000274658203,72.36000061035156,78.97000122070312,,1387800
2020-05-15,78.08000183105469,80.0,77.5999984741211,77.94999694824219,,520300
2020-05-18,78.0,80.97000122070312,76.91999816894531,77.19999694824219,,879500
2020-05-19,77.30000305175781,79.71399688720703,77.30000305175781,78.19999694824219,,1019600
2020-05-20,79.0,80.5,77.70999908447266,78.0,,1054300
2020-05-21,78.16000366210938,78.47000122070312,75.33000183105469,76.0,,512800
2020-05-22,75.58999633789062,75.58999633789062,72.04000091552734,74.8499984741211,,1056000
2020-05-26,75.88999938964844,78.79000091552734,74.8499984741211,76.0,,690600
2020-05-27,75.69999694824219,78.0,74.01000213623047,77.66000366210938,,535600
2020-05-28,78.27999877929688,79.38999938964844,76.26000213623047,76.29000091552734,,357700
2020-05-29,76.55999755859375,78.19000244140625,76.01000213623047,77.97000122070312,,877000
2020-06-01,77.9800033569336,82.36000061035156,76.59500122070312,81.94999694824219,,1226700
2020-06-02,81.91000366210938,82.23799896240234,79.94999694824219,80.5,,776600
2020-06-03,81.16999816894531,86.9000015258789,80.5999984741211,85.91000366210938,,1656000
2020-06-04,84.41000366210938,84.75,78.5199966430664,79.69999694824219,,1288300
2020-06-05,80.26000213623047,82.52999877929688,78.68000030517578,82.37999725341797,,722800
2020-06-08,83.29000091552734,83.31999969482422,80.59500122070312,81.0,,1183900
2020-06-09,80.91000366210938,85.52999877929688,80.41999816894531,83.08999633789062,,678500
2020-06-10,83.54000091552734,86.16000366210938,83.54000091552734,85.5,,604100
2020-06-11,84.1500015258789,85.20999908447266,81.56600189208984,81.98999786376953,,600100
2020-06-12,83.16000366210938,84.88999938964844,80.9000015258789,83.26000213623047,,894500
2020-06-15,82.76000213623047,89.06999969482422,80.9000015258789,88.41999816894531,,1658900
2020-06-16,89.9800033569336,90.66999816894533,87.12000274658203,88.45999908447266,,848200
2020-06-17,89.47000122070312,90.9000015258789,87.84500122070312,88.30000305175781,,1495800
2020-06-18,87.9000015258789,89.80999755859375,87.75,88.83999633789062,,1259500
2020-06-19,89.55000305175781,90.84500122070312,87.47000122070312,88.13999938964844,,1893700
2020-06-22,88.19999694824219,89.43000030517578,86.08999633789062,89.12999725341797,,1275700
2020-06-23,89.27999877929688,91.5,87.94000244140625,89.16999816894531,,1703000
2020-06-24,88.77999877929688,90.6500015258789,86.19000244140625,87.94999694824219,,588200
2020-06-25,88.43000030517578,89.26499938964844,86.08999633789062,87.08999633789062,,873300
2020-06-26,87.27999877929688,88.05000305175781,84.29000091552734,86.25,,4483900
2020-06-29,86.16000366210938,87.04000091552734,83.37000274658203,84.6500015258789,,451700
2020-06-30,84.6500015258789,89.37000274658203,83.77999877929688,89.30999755859375,,529000
2020-07-01,89.08000183105469,89.80000305175781,86.48999786376953,88.0,,626700
2020-07-02,88.88999938964844,90.02999877929688,87.63999938964844,89.98999786376953,,584200
2020-07-06,90.45999908447266,93.44000244140624,89.5999984741211,90.13999938964844,,395200
2020-07-07,90.27999877929688,90.4800033569336,88.62999725341797,88.66000366210938,,323400
2020-07-08,89.0,91.58000183105467,89.0,91.19000244140624,,641900
2020-07-09,92.0,92.4000015258789,89.66000366210938,92.29000091552734,,447100
2020-07-10,92.87000274658205,93.19000244140624,89.76000213623047,91.05999755859376,,354400
2020-07-13,91.88999938964844,92.98999786376952,87.0999984741211,87.44000244140625,,403700
2020-07-14,86.19000244140625,89.23999786376953,85.73999786376953,88.91000366210938,,496300
2020-07-15,90.06999969482422,91.37999725341795,88.58000183105469,90.93000030517578,,254300
2020-07-16,90.1500015258789,90.80999755859376,87.75,89.19000244140625,,195800
2020-07-17,89.5199966430664,92.5,88.56999969482422,91.87000274658205,,329200
2020-07-20,91.9000015258789,94.4800033569336,91.5199966430664,93.0,,573400
2020-07-21,93.0999984741211,95.2699966430664,91.86000061035156,95.20999908447266,,2306800
2020-07-22,95.4800033569336,96.87999725341795,93.58000183105467,94.61000061035156,,256500
2020-07-23,95.8000030517578,96.86000061035156,94.84500122070312,95.8499984741211,,492400
2020-07-24,95.76000213623048,95.76000213623048,93.12000274658205,94.6500015258789,,427500
2020-07-27,94.98999786376952,96.41999816894533,94.4800033569336,95.80999755859376,,521300
2020-07-28,96.72000122070312,98.7300033569336,95.15299987792967,95.5,,547900
2020-07-29,95.9499969482422,99.47000122070312,95.86000061035156,98.87999725341795,,702200
2020-07-30,96.51000213623048,98.79000091552734,94.70999908447266,97.51000213623048,,679100
2020-07-31,97.95999908447266,98.4800033569336,95.81999969482422,98.37000274658205,,926800
2020-08-03,99.0,101.45999908447266,98.0250015258789,99.01000213623048,,890500
2020-08-04,98.75,100.0,97.20999908447266,99.02999877929688,,273300
2020-08-05,99.79000091552734,100.1999969482422,99.0,100.0,,382300
2020-08-06,99.9000015258789,100.8290023803711,98.97000122070312,99.20999908447266,,206400
2020-08-07,98.9000015258789,99.3000030517578,95.37999725341795,96.12999725341795,,609400
2020-08-10,96.23999786376952,97.44000244140624,96.0500030517578,96.9000015258789,,498100
2020-08-11,96.69000244140624,98.27999877929688,94.48999786376952,96.9000015258789,,543100
2020-08-12,97.0199966430664,99.48999786376952,92.54000091552734,97.51000213623048,,1572200
2020-08-13,97.94000244140624,104.87999725341795,97.62000274658205,104.76499938964844,,1339100
2020-08-14,102.6500015258789,104.58000183105467,100.8499984741211,102.70999908447266,,652100
2020-08-17,103.66000366210938,105.86000061035156,102.20999908447266,105.61000061035156,,505000
2020-08-18,104.18000030517578,106.0,101.51000213623048,105.41999816894533,,712200
2020-08-19,105.61000061035156,109.98999786376952,104.76100158691406,108.77999877929688,,462900
2020-08-20,108.77999877929688,110.0,107.75,109.5,,352900
2020-08-21,109.77999877929688,110.66000366210938,108.70999908447266,109.62999725341795,,445600
2020-08-24,109.55999755859376,109.87000274658205,104.61000061035156,105.83000183105467,,290400
2020-08-25,108.33999633789062,110.27999877929688,107.26000213623048,108.41999816894533,,387300
2020-08-26,109.01000213623048,111.43000030517578,108.62000274658205,110.33000183105467,,298900
2020-08-27,109.87999725341795,111.43000030517578,108.2300033569336,110.29000091552734,,317700
2020-08-28,110.0,110.69000244140624,109.22000122070312,110.30999755859376,,310800
2020-08-31,110.5,115.70999908447266,110.0,114.62000274658205,,508900
2020-09-01,115.25,115.9000015258789,112.12000274658205,113.7300033569336,,651700
2020-09-02,114.38999938964844,115.12000274658205,110.5999984741211,111.37999725341795,,703000
2020-09-03,109.0,110.9800033569336,106.52999877929688,107.7699966430664,,776000
2020-09-04,107.8499984741211,109.97000122070312,100.4499969482422,106.33000183105467,,497000
2020-09-08,104.05999755859376,111.38999938964844,103.61000061035156,108.2699966430664,,816000
2020-09-09,105.01000213623048,115.51000213623048,104.5999984741211,113.0,,936700
2020-09-10,114.0,115.53199768066406,112.50499725341795,113.51000213623048,,688600
2020-09-11,112.0,125.3000030517578,112.0,125.0,,4890800
2020-09-14,124.19000244140624,125.91500091552734,120.87000274658205,120.91000366210938,,1391900
2020-09-15,121.01000213623048,122.91999816894533,116.5,118.79000091552734,,794400
2020-09-16,117.91999816894533,123.9800033569336,117.91999816894533,122.38999938964844,,974400
2020-09-17,117.01000213623048,121.62999725341795,115.38999938964844,120.13999938964844,,1062100
2020-09-18,121.93000030517578,122.43000030517578,118.38999938964844,121.88999938964844,,3169400
2020-09-21,121.06999969482422,122.43000030517578,118.12000274658205,121.87000274658205,,392900
2020-09-22,122.31999969482422,123.16999816894533,121.43000030517578,122.62000274658205,,710500
2020-09-23,123.83000183105467,123.83000183105467,120.16000366210938,120.3000030517578,,698500
2020-09-24,121.1999969482422,122.58000183105467,118.4800033569336,121.4000015258789,,481800
2020-09-25,121.8499984741211,124.62000274658205,120.31999969482422,124.27999877929688,,772200
2020-09-28,124.94000244140624,126.66899871826172,123.7249984741211,124.81999969482422,,880600
2020-09-29,125.77999877929688,126.63999938964844,124.47000122070312,124.97000122070312,,430500
2020-09-30,123.11000061035156,125.5999984741211,122.26100158691406,124.68000030517578,,481600
2020-10-01,126.87999725341795,126.87999725341795,123.55999755859376,126.47000122070312,,691200
2020-10-02,124.47000122070312,129.66000366210938,123.33599853515624,128.1199951171875,,796600
2020-10-05,129.75,132.24000549316406,128.8699951171875,130.74000549316406,,829700
2020-10-06,131.41000366210938,137.66000366210938,131.0399932861328,136.77999877929688,,871900
2020-10-07,138.02000427246094,146.1699981689453,136.49000549316406,145.83999633789062,,885200
2020-10-08,148.02999877929688,152.47000122070312,147.47999572753906,152.00999450683594,,724900
2020-10-09,151.9199981689453,155.00999450683594,146.39999389648438,154.49000549316406,,921500
2020-10-12,155.14999389648438,159.02000427246094,155.0,157.0399932861328,,861400
2020-10-13,156.14999389648438,162.38999938964844,156.14999389648438,160.92999267578125,,1012600
2020-10-14,162.5,164.72000122070312,158.66000366210938,161.47000122070312,,567700
2020-10-15,161.22000122070312,163.5189971923828,158.39500427246094,161.9499969482422,,424900
2020-10-16,163.99000549316406,165.6300048828125,163.11300659179688,163.6999969482422,,332700
2020-10-19,163.2100067138672,166.30999755859375,162.0399932861328,163.07000732421875,,586200
2020-10-20,163.2100067138672,164.86000061035156,152.25,152.9600067138672,,985100
2020-10-21,153.5800018310547,157.69000244140625,141.75999450683594,143.0,,1388900
2020-10-22,144.8000030517578,147.39999389648438,141.3300018310547,145.64999389648438,,542400
2020-10-23,147.99000549316406,147.99000549316406,142.0800018310547,142.27000427246094,,669500
2020-10-26,142.0,144.55999755859375,139.52999877929688,141.24000549316406,,480200
2020-10-27,143.2100067138672,146.4499969482422,140.5189971923828,142.92999267578125,,671400
2020-10-28,141.4600067138672,142.80999755859375,138.36000061035156,141.02999877929688,,333800
2020-10-29,142.50999450683594,143.69000244140625,140.42999267578125,140.74000549316406,,420700
2020-10-30,139.61000061035156,140.6199951171875,135.74000549316406,136.89999389648438,,249500
2020-11-02,137.5,139.8300018310547,134.6300048828125,136.0500030517578,,414400
2020-11-03,136.08999633789062,139.00999450683594,135.08999633789062,137.32000732421875,,416100
2020-11-04,138.97999572753906,142.36000061035156,136.5399932861328,141.8000030517578,,516900
2020-11-05,145.77999877929688,149.11000061035156,140.88999938964844,148.58999633789062,,588900
2020-11-06,148.5800018310547,150.1300048828125,145.0,147.6999969482422,,504300
2020-11-09,147.6199951171875,147.6199951171875,133.5,134.16000366210938,,1039500
2020-11-10,133.1999969482422,138.5500030517578,125.83999633789062,129.0,,1550300
2020-11-11,137.99000549316406,139.30999755859375,133.1020050048828,136.6199951171875,,1133300
2020-11-12,137.02000427246094,141.1300048828125,134.3000030517578,139.97000122070312,,555200
2020-11-13,140.0,142.0,136.9600067138672,138.5500030517578,,482600
2020-11-16,137.0399932861328,137.55999755859375,131.08999633789062,135.25,,695700
2020-11-17,133.2100067138672,138.8699951171875,132.57000732421875,135.6699981689453,,478400
2020-11-18,135.00999450683594,141.75999450683594,135.00999450683594,139.89999389648438,,747300
2020-11-19,140.0,141.50999450683594,137.19000244140625,137.77000427246094,,580600
2020-11-20,138.60000610351562,141.08999633789062,137.5800018310547,139.72000122070312,,443100
2020-11-23,140.0,140.86500549316406,136.1699981689453,137.5399932861328,,419000
2020-11-24,136.07000732421875,137.7100067138672,134.50999450683594,136.14999389648438,,996600
2020-11-25,137.1300048828125,140.97999572753906,136.3699951171875,140.83999633789062,,949700
2020-11-27,141.8800048828125,150.8000030517578,141.77999877929688,150.6699981689453,,764600
2020-11-30,154.85000610351562,157.47999572753906,149.46299743652344,153.11000061035156,,4558600
2020-12-01,152.24000549316406,154.30999755859375,149.36000061035156,149.83999633789062,,1018300
2020-12-02,148.60000610351562,148.60000610351562,141.0500030517578,144.80999755859375,,582000
2020-12-03,144.82000732421875,148.50999450683594,143.8000030517578,145.22000122070312,,548600
2020-12-04,144.8300018310547,149.49000549316406,144.25999450683594,149.0399932861328,,661500
2020-12-07,151.1999969482422,154.1199951171875,147.86000061035156,148.77999877929688,,554100
2020-12-08,149.89999389648438,155.1649932861328,147.1699981689453,154.75999450683594,,650200
2020-12-09,152.77000427246094,152.97500610351562,141.5800018310547,144.32000732421875,,1292800
2020-12-10,143.35000610351562,151.38999938964844,143.1199951171875,149.4600067138672,,545400
2020-12-11,148.63999938964844,151.27999877929688,145.97999572753906,147.9499969482422,,405200
2020-12-14,148.61000061035156,154.99000549316406,148.61000061035156,151.75,,766000
2020-12-15,152.92999267578125,153.5,148.63999938964844,149.5399932861328,,625000
2020-12-16,151.4499969482422,151.4499969482422,145.52000427246094,148.66000366210938,,438000
2020-12-17,150.14999389648438,152.4949951171875,148.8699951171875,151.3000030517578,,411000
2020-12-18,153.4499969482422,162.77000427246094,140.80999755859375,152.89999389648438,,2433200
2020-12-21,144.8000030517578,152.0749969482422,144.0,149.91000366210938,,660100
2020-12-22,151.4499969482422,152.1999969482422,148.02999877929688,149.63999938964844,,546300
2020-12-23,150.6300048828125,150.6699981689453,147.25999450683594,148.9499969482422,,894900
2020-12-24,150.7899932861328,152.6999969482422,148.75,151.3300018310547,,263600
2020-12-28,152.72000122070312,153.0500030517578,144.56100463867188,147.02999877929688,,443000
2020-12-29,147.36000061035156,149.97999572753906,140.8300018310547,142.19000244140625,,564100
2020-12-30,142.3000030517578,145.24000549316406,141.3300018310547,142.61000061035156,,853000
2020-12-31,144.47999572753906,145.72000122070312,140.7899932861328,141.60000610351562,,652800
2021-01-04,141.61000061035156,142.92999267578125,137.85000610351562,140.55999755859375,,808900
2021-01-05,140.64999389648438,142.0500030517578,138.86000061035156,141.64999389648438,,405200
2021-01-06,142.02999877929688,143.0,137.77099609375,140.25,,2757900
2021-01-07,146.64999389648438,158.99000549316406,146.05999755859375,158.7899932861328,,1710900
2021-01-08,161.0,162.0,154.05999755859375,159.3699951171875,,1291100
2021-01-11,160.0,170.88999938964844,156.8000030517578,167.5,,868900
2021-01-12,162.50999450683594,168.5500030517578,161.6699981689453,167.69000244140625,,616200
2021-01-13,167.94000244140625,178.39999389648438,166.57000732421875,175.52000427246094,,631100
2021-01-14,176.0,184.1300048828125,175.44000244140625,179.88999938964844,,723900
2021-01-15,181.1699981689453,184.16900634765625,175.4499969482422,179.6699981689453,,550700
2021-01-19,177.9499969482422,182.97999572753903,174.0800018310547,182.22000122070312,,998100
2021-01-20,183.8300018310547,191.2400054931641,178.0,181.0399932861328,,776700
2021-01-21,183.6300048828125,186.2949981689453,178.1999969482422,185.52999877929688,,701100
2021-01-22,185.3000030517578,189.22999572753903,183.3800048828125,187.0,,571300
2021-01-25,188.6699981689453,190.0,179.10000610351562,183.25,,443900
2021-01-26,182.9900054931641,182.9900054931641,171.5,171.75,,776700
2021-01-27,170.02000427246094,172.58999633789062,161.1300048828125,163.22000122070312,,724900
2021-01-28,168.02999877929688,180.0,166.47999572753906,173.32000732421875,,584700
2021-01-29,172.86000061035156,178.4499969482422,168.72900390625,171.14999389648438,,559300
2021-02-01,175.44000244140625,179.67999267578125,172.8699951171875,176.8300018310547,,897100
2021-02-02,180.0,184.66000366210935,179.0399932861328,182.55999755859372,,765800
2021-02-03,185.05999755859372,187.9900054931641,178.3000030517578,180.8699951171875,,485900
2021-02-04,182.25999450683597,184.8300018310547,179.89999389648438,181.83999633789065,,278400
2021-02-05,183.9199981689453,185.8000030517578,179.52999877929688,185.5399932861328,,414700
2021-02-08,187.2700042724609,187.5970001220703,180.07000732421875,181.6999969482422,,677700
2021-02-09,183.1300048828125,187.6300048828125,182.3699951171875,182.77999877929688,,547700
2021-02-10,186.07000732421875,192.4499969482422,180.02999877929688,185.27999877929688,,494100
2021-02-11,185.63999938964844,190.27999877929688,184.72999572753903,190.1199951171875,,437500
2021-02-12,189.16000366210935,198.0,188.1150054931641,196.8600006103516,,507100
2021-02-16,200.0,201.6999969482422,188.8800048828125,192.42999267578125,,643400
2021-02-17,190.0850067138672,191.42999267578125,181.83999633789065,187.5500030517578,,456000
2021-02-18,183.44000244140625,188.82000732421875,176.16000366210938,186.3699951171875,,962100
2021-02-19,191.4499969482422,195.0,188.44000244140625,190.72999572753903,,651300
2021-02-22,185.44000244140625,189.97000122070312,177.64999389648438,178.6999969482422,,775200
2021-02-23,173.7100067138672,179.5500030517578,165.3300018310547,176.08999633789062,,836400
2021-02-24,176.6699981689453,184.9499969482422,174.52000427246094,179.42999267578125,,585900
2021-02-25,177.11000061035156,180.0,168.69000244140625,173.10000610351562,,605400
2021-02-26,175.52000427246094,179.49000549316406,169.60800170898438,177.99000549316406,,802700
2021-03-01,179.3800048828125,187.1100006103516,178.00999450683594,186.75,,897500
2021-03-02,188.25999450683597,193.82000732421875,185.57000732421875,186.72000122070312,,904700
2021-03-03,185.3600006103516,187.3979949951172,171.19000244140625,173.2100067138672,,663300
2021-03-04,171.5500030517578,173.6649932861328,146.3800048828125,147.39999389648438,,1418500
2021-03-05,152.00999450683594,157.03799438476562,140.84500122070312,155.5800018310547,,1612300
2021-03-08,151.4759979248047,155.0,140.55599975585938,141.08999633789062,,1134300
2021-03-09,146.3699951171875,152.89999389648438,145.35000610351562,150.61000061035156,,999600
2021-03-10,155.0,158.5399932861328,150.91000366210938,151.5800018310547,,739700
2021-03-11,157.27999877929688,165.7899932861328,156.8000030517578,164.6300048828125,,583300
2021-03-12,158.77999877929688,160.99000549316406,153.81500244140625,160.02000427246094,,540400
2021-03-15,163.3800048828125,172.1699981689453,161.0,169.5,,966000
2021-03-16,170.1999969482422,172.64500427246094,165.19000244140625,168.77000427246094,,766100
2021-03-17,165.13999938964844,174.9499969482422,163.7169952392578,170.19000244140625,,811300
2021-03-18,166.88999938964844,173.39999389648438,166.0399932861328,168.50999450683594,,949800
2021-03-19,170.1300048828125,180.05999755859375,166.14999389648438,177.75999450683594,,1377700
2021-03-22,176.5500030517578,181.5050048828125,174.80999755859375,179.2100067138672,,757400
2021-03-23,178.3699951171875,179.24000549316406,172.60000610351562,174.16000366210938,,343500
2021-03-24,173.1300048828125,176.08999633789062,168.19000244140625,169.0500030517578,,592100
2021-03-25,165.52999877929688,168.0,157.5500030517578,166.2100067138672,,792300
2021-03-26,166.77000427246094,171.1999969482422,160.64100646972656,166.08999633789062,,492100
2021-03-29,166.30999755859375,168.89999389648438,157.60000610351562,161.52999877929688,,565200
2021-03-30,160.7100067138672,169.77999877929688,158.67999267578125,168.22000122070312,,516300
2021-03-31,171.0,183.18499755859372,170.7100067138672,181.0,,862300
2021-04-01,181.55999755859372,186.1699981689453,176.52000427246094,185.7899932861328,,855400
2021-04-05,188.16000366210935,191.16000366210935,185.4199981689453,190.7100067138672,,443700
2021-04-06,189.9499969482422,199.4900054931641,189.5800018310547,197.2400054931641,,861900
2021-04-07,192.52999877929688,193.91000366210935,182.30999755859372,185.33999633789065,,1172900
2021-04-08,189.25,192.88499450683597,187.52999877929688,190.2400054931641,,806500
2021-04-09,188.9199981689453,194.9600067138672,186.6499938964844,194.63999938964844,,504500
2021-04-12,192.5200042724609,193.11300659179688,180.16000366210935,188.30999755859372,,988400
2021-04-13,187.97999572753903,198.2400054931641,186.4499969482422,197.3600006103516,,655500
2021-04-14,196.6100006103516,203.1999969482422,190.3300018310547,192.22000122070312,,634300
2021-04-15,196.72999572753903,197.88999938964844,192.0,196.1300048828125,,565200
2021-04-16,196.1300048828125,196.77999877929688,189.02999877929688,194.1000061035156,,327200
2021-04-19,191.80999755859372,195.8000030517578,183.3300018310547,186.97000122070312,,375300
2021-04-20,187.38999938964844,189.97000122070312,178.47999572753906,180.7400054931641,,496600
2021-04-21,179.8800048828125,188.8500061035156,176.95199584960938,187.5500030517578,,323800
2021-04-22,187.80999755859372,195.6699981689453,187.80999755859372,191.80999755859372,,562300
2021-04-23,191.6300048828125,195.4199981689453,188.0200042724609,193.9499969482422,,566200
2021-04-26,195.3300018310547,203.25,194.0,202.3699951171875,,814800
2021-04-27,201.0,202.0,196.6300048828125,198.6999969482422,,354600
2021-04-28,197.0500030517578,199.0,190.50999450683597,197.22000122070312,,434000
2021-04-29,198.72999572753903,198.9499969482422,193.3000030517578,197.3999938964844,,796900
2021-04-30,195.9499969482422,200.4290008544922,193.00999450683597,197.8000030517578,,589200
2021-05-03,198.08999633789065,198.5200042724609,188.52999877929688,192.5800018310547,,549900
2021-05-04,188.8800048828125,189.9600067138672,179.02000427246094,184.8999938964844,,621900
2021-05-05,188.02999877929688,189.4499969482422,181.25,182.8999938964844,,710700
2021-05-06,166.32000732421875,169.57200622558594,141.4199981689453,144.4499969482422,,3487200
2021-05-07,147.17999267578125,151.8300018310547,145.75999450683594,146.36000061035156,,1090400
2021-05-10,146.00999450683594,146.97000122070312,134.66000366210938,134.83999633789062,,1145600
2021-05-11,129.2100067138672,140.42999267578125,128.14999389648438,137.25,,868500
2021-05-12,135.3800048828125,138.13499450683594,133.1199951171875,134.22000122070312,,1215800
2021-05-13,136.69000244140625,140.91000366210938,134.67999267578125,136.61000061035156,,1772100
2021-05-14,136.55999755859375,145.63999938964844,136.33399963378906,143.7899932861328,,980900
2021-05-17,142.49000549316406,145.27999877929688,138.50999450683594,143.8300018310547,,1254500
2021-05-18,145.3300018310547,153.1699981689453,142.9600067138672,150.3800048828125,,1273100
2021-05-19,145.0,151.64999389648438,143.1699981689453,151.02000427246094,,1185600
2021-05-20,152.5500030517578,159.0659942626953,150.4949951171875,158.66000366210938,,694400
2021-05-21,159.5399932861328,160.5399932861328,153.52000427246094,158.1699981689453,,823900
2021-05-24,160.9199981689453,167.42999267578125,159.13999938964844,166.1699981689453,,609400
2021-05-25,167.6699981689453,169.02499389648438,164.3000030517578,166.13999938964844,,758700
2021-05-26,165.99000549316406,170.8300018310547,165.36000061035156,169.38999938964844,,724200
2021-05-27,168.36000061035156,179.4600067138672,166.13099670410156,176.05999755859375,,1927800
2021-05-28,177.19000244140625,184.0,177.19000244140625,180.0,,679000
2021-06-01,180.0,180.6699981689453,170.8800048828125,176.25,,951700
2021-06-02,176.5,180.47999572753903,175.4600067138672,178.92999267578125,,592400
2021-06-03,177.02999877929688,178.5,171.42999267578125,173.0,,509000
2021-06-04,172.99000549316406,182.1699981689453,172.57000732421875,180.17999267578125,,498400
2021-06-07,179.3300018310547,187.9550018310547,178.76499938964844,185.27999877929688,,924900
2021-06-08,185.72000122070312,188.4600067138672,183.0200042724609,187.0500030517578,,889100
2021-06-09,187.1699981689453,189.8600006103516,181.16000366210935,186.25,,873800
2021-06-10,185.72999572753903,192.80999755859372,184.3000030517578,191.16000366210935,,890200
2021-06-11,192.92999267578125,194.77999877929688,190.3000030517578,193.50999450683597,,636800
2021-06-14,192.9900054931641,194.3300018310547,188.00999450683597,191.1699981689453,,785000
2021-06-15,191.88999938964844,194.19000244140625,187.6999969482422,190.19000244140625,,824700
2021-06-16,186.75,193.55999755859372,186.75,192.27999877929688,,767800
2021-06-17,190.97000122070312,203.63999938964844,190.97000122070312,198.7700042724609,,1571700
2021-06-18,198.75,200.35499572753903,192.75999450683597,194.42999267578125,,1869600
2021-06-21,194.3999938964844,198.33999633789065,191.8800048828125,197.8800048828125,,692000
2021-06-22,197.7700042724609,201.17999267578125,196.3600006103516,197.1499938964844,,554300
2021-06-23,197.2100067138672,202.3500061035156,196.8800048828125,201.41000366210935,,784700
2021-06-24,199.0500030517578,201.0,193.8500061035156,194.1100006103516,,901100
2021-06-25,195.3999938964844,197.7100067138672,187.1100006103516,189.72999572753903,,2450800
2021-06-28,192.8699951171875,201.4600067138672,192.7899932861328,201.3999938964844,,1127500
2021-06-29,201.4600067138672,208.9900054931641,200.41000366210935,201.3300018310547,,942100
2021-06-30,199.82000732421875,200.1499938964844,195.55999755859372,195.82000732421875,,724300
2021-07-01,195.82000732421875,196.3000030517578,189.08999633789065,189.94000244140625,,604400
2021-07-02,191.58999633789065,193.1649932861328,189.2899932861328,190.94000244140625,,313400
2021-07-06,190.47999572753903,197.08999633789065,189.5399932861328,192.13999938964844,,493500
2021-07-07,194.22000122070312,195.85499572753903,185.00999450683597,185.0500030517578,,552800
2021-07-08,181.6499938964844,189.8300018310547,179.3800048828125,188.25,,538600
2021-07-09,188.07000732421875,191.26499938964844,183.59500122070312,190.41000366210935,,328700
2021-07-12,190.8800048828125,192.9199981689453,184.3800048828125,185.5,,392300
2021-07-13,184.94000244140625,185.4900054931641,179.14999389648438,181.32000732421875,,439000
2021-07-14,182.50999450683597,184.28500366210935,168.69000244140625,169.0,,625100
2021-07-15,168.50999450683594,171.83999633789062,166.0,170.0500030517578,,526900
2021-07-16,170.94000244140625,172.3000030517578,167.4199981689453,171.17999267578125,,350600
2021-07-19,168.4199981689453,175.0,167.99000549316406,172.52000427246094,,496500
2021-07-20,173.9600067138672,182.47999572753903,171.2899932861328,181.97999572753903,,746500
2021-07-21,181.42999267578125,184.19000244140625,177.72000122070312,184.05999755859372,,346100
2021-07-22,185.27999877929688,189.4600067138672,185.2700042724609,185.88999938964844,,392800
2021-07-23,186.30999755859372,188.30999755859372,181.69000244140625,183.47000122070312,,263900
2021-07-26,183.3600006103516,184.9900054931641,178.14999389648438,179.57000732421875,,297700
2021-07-27,179.22000122070312,180.3699951171875,173.1199951171875,179.75,,507600
2021-07-28,179.72999572753906,190.8300018310547,179.72999572753906,187.0,,566700
2021-07-29,187.8699951171875,189.72999572753903,183.3800048828125,184.1100006103516,,386500
2021-07-30,183.08999633789065,185.47000122070312,181.6100006103516,183.22999572753903,,421000
2021-08-02,184.9900054931641,185.1699981689453,177.75,178.24000549316406,,526900
2021-08-03,178.24000549316406,179.94000244140625,175.61000061035156,178.5500030517578,,459700
2021-08-04,179.22999572753906,187.47999572753903,178.36000061035156,184.82000732421875,,603200
2021-08-05,177.38999938964844,180.25,169.02000427246094,175.25999450683594,,1629800
2021-08-06,174.22999572753906,174.49000549316406,169.60000610351562,170.97000122070312,,696900
2021-08-09,171.30999755859375,176.19000244140625,167.1999969482422,172.7100067138672,,564000
2021-08-10,174.47999572753906,174.47999572753906,163.0,164.77000427246094,,482000
2021-08-11,164.07000732421875,164.66000366210938,158.00999450683594,161.41000366210938,,587400
2021-08-12,161.16000366210938,162.3699951171875,156.4499969482422,161.2100067138672,,721500
2021-08-13,162.0399932861328,162.8699951171875,157.75999450683594,160.27999877929688,,452800
2021-08-16,161.0,162.35000610351562,156.24000549316406,160.0800018310547,,753900
2021-08-17,157.77000427246094,162.77999877929688,155.6300048828125,162.75,,825500
2021-08-18,163.89999389648438,165.19000244140625,157.52000427246094,157.80999755859375,,482400
2021-08-19,156.1699981689453,158.67100524902344,153.3000030517578,154.16000366210938,,423000
2021-08-20,154.3800048828125,158.2100067138672,154.3800048828125,155.72000122070312,,343700
2021-08-23,157.32000732421875,164.33999633789062,157.16400146484375,163.6699981689453,,530500
2021-08-24,163.9199981689453,169.2899932861328,161.6300048828125,169.11000061035156,,608300
2021-08-25,169.60000610351562,170.0,166.00999450683594,166.72999572753906,,300200
2021-08-26,166.60000610351562,167.9199981689453,159.67999267578125,160.07000732421875,,309600
2021-08-27,160.3800048828125,165.1199951171875,158.80999755859375,164.2100067138672,,467800
2021-08-30,165.60000610351562,175.5,165.60000610351562,173.75,,941400
2021-08-31,174.2100067138672,176.24000549316406,172.35499572753906,175.9199981689453,,731600
2021-09-01,176.38999938964844,179.63999938964844,174.08999633789062,179.5399932861328,,612100
2021-09-02,179.99000549316406,185.0,178.19500732421875,183.55999755859372,,490300
2021-09-03,183.6199951171875,186.1000061035156,181.00999450683597,185.2100067138672,,524300
2021-09-07,184.58999633789065,191.1529998779297,183.6199951171875,190.9199981689453,,579400
2021-09-08,189.6999969482422,189.77999877929688,182.44500732421875,184.07000732421875,,423900
2021-09-09,184.8800048828125,187.66000366210935,183.5800018310547,184.1300048828125,,435900
2021-09-10,184.6199951171875,186.47999572753903,183.0500030517578,184.5,,429300
2021-09-13,184.32000732421875,184.67999267578125,168.52999877929688,169.0,,782500
2021-09-14,165.0,166.86099243164062,155.36500549316406,155.6699981689453,,1230900
2021-09-15,155.0,158.73500061035156,151.16000366210938,156.14999389648438,,1316300
2021-09-16,156.17999267578125,160.47000122070312,153.84500122070312,159.99000549316406,,608700
2021-09-17,160.27000427246094,165.63999938964844,155.40499877929688,163.49000549316406,,1939200
2021-09-20,159.3699951171875,165.8300018310547,158.1199951171875,161.8000030517578,,823100
2021-09-21,162.25999450683594,165.90699768066406,160.2100067138672,160.99000549316406,,411200
2021-09-22,161.07000732421875,162.83999633789062,157.61000061035156,158.75,,430100
2021-09-23,159.63999938964844,160.5,154.98500061035156,158.52999877929688,,434600
2021-09-24,160.88999938964844,161.0,153.2949981689453,154.16000366210938,,454500
2021-09-27,152.44000244140625,153.1999969482422,146.47999572753906,152.3800048828125,,388500
2021-09-28,150.0800018310547,150.0800018310547,144.72999572753906,146.0399932861328,,611000
2021-09-29,146.72000122070312,147.97000122070312,144.97500610351562,145.94000244140625,,453000
2021-09-30,146.92999267578125,148.83999633789062,145.05999755859375,145.5800018310547,,448200
2021-10-01,145.0,145.32000732421875,141.4199981689453,143.77999877929688,,452700
2021-10-04,142.77999877929688,144.61000061035156,137.3699951171875,144.0,,910800
2021-10-05,144.38999938964844,146.30999755859375,141.9499969482422,142.2899932861328,,776300
2021-10-06,141.02999877929688,146.6199951171875,139.74000549316406,145.32000732421875,,418400
2021-10-07,145.8699951171875,157.8000030517578,145.8699951171875,154.02999877929688,,839000
2021-10-08,154.1300048828125,156.08999633789062,151.92999267578125,155.3300018310547,,1127700
2021-10-11,154.5399932861328,156.72999572753906,153.02000427246094,156.02000427246094,,585500
2021-10-12,158.69000244140625,159.08999633789062,155.61000061035156,158.92999267578125,,620000
2021-10-13,160.0,160.86000061035156,153.19000244140625,153.92999267578125,,624100
2021-10-14,156.0,161.5500030517578,153.5800018310547,153.72999572753906,,650800
2021-10-15,153.99000549316406,154.57000732421875,150.5850067138672,152.27000427246094,,398700
2021-10-18,151.67999267578125,154.6300048828125,149.14999389648438,154.08999633789062,,392400
2021-10-19,155.0,160.9600067138672,154.83999633789062,160.74000549316406,,544200
2021-10-20,160.6199951171875,162.58999633789062,158.61000061035156,161.61000061035156,,548600
2021-10-21,162.99000549316406,164.38999938964844,160.8000030517578,163.85000610351562,,319100
2021-10-22,162.9499969482422,164.10000610351562,159.4149932861328,164.02999877929688,,429900
2021-10-25,164.57000732421875,169.31500244140625,163.5050048828125,168.75,,474600
2021-10-26,169.7100067138672,170.47000122070312,164.6999969482422,165.6300048828125,,463900
2021-10-27,163.17999267578125,165.93499755859375,158.75,158.94000244140625,,420100
2021-10-28,159.69000244140625,165.4600067138672,159.25999450683594,164.42999267578125,,341900
2021-10-29,163.88999938964844,163.88999938964844,159.80999755859375,161.27000427246094,,420600
2021-11-01,161.52000427246094,165.2899932861328,160.0,163.6999969482422,,514900
2021-11-02,163.13999938964844,163.5050048828125,159.27699279785156,162.0,,529400
2021-11-03,160.75,165.39999389648438,158.63999938964844,164.16000366210938,,741900
2021-11-04,175.0,187.8500061035156,167.21499633789062,182.58999633789065,,1418800
2021-11-05,179.1199951171875,181.3040008544922,173.72000122070312,177.97999572753906,,673700
2021-11-08,176.1699981689453,179.88999938964844,173.75999450683594,174.4199981689453,,468000
2021-11-09,174.72999572753906,175.2899932861328,167.11000061035156,168.19000244140625,,421600
2021-11-10,167.6300048828125,170.2100067138672,165.63999938964844,167.02000427246094,,644100
2021-11-11,170.22999572753906,173.97300720214844,166.86000061035156,167.89999389648438,,424600
2021-11-12,168.33999633789062,168.57000732421875,162.47999572753906,166.6300048828125,,399400
2021-11-15,167.1199951171875,167.49000549316406,157.66000366210938,158.0,,534500
2021-11-16,158.19000244140625,160.58999633789062,156.47000122070312,160.5800018310547,,476300
2021-11-17,160.60000610351562,160.9199981689453,153.1699981689453,160.27000427246094,,726600
2021-11-18,160.8000030517578,160.8000030517578,147.00999450683594,149.74000549316406,,658500
2021-11-19,149.77000427246094,156.75999450683594,149.5399932861328,149.9600067138672,,590400
2021-11-22,150.0,151.99000549316406,145.27999877929688,147.75,,780500
2021-11-23,145.88999938964844,148.74000549316406,143.35000610351562,147.27000427246094,,736000
2021-11-24,146.5800018310547,151.42999267578125,141.80999755859375,150.99000549316406,,759900
2021-11-26,150.91000366210938,154.07000732421875,148.43499755859375,148.85000610351562,,384000
2021-11-29,149.08999633789062,149.08999633789062,139.77000427246094,144.4499969482422,,3013200
2021-11-30,144.8699951171875,153.72000122070312,144.8699951171875,152.80999755859375,,2459700
2021-12-01,156.0,157.73500061035156,142.83900451660156,144.2899932861328,,890300
2021-12-02,142.6199951171875,151.94000244140625,142.6199951171875,148.4199981689453,,822300
2021-12-03,148.4600067138672,149.32000732421875,136.75,137.9199981689453,,1688100
2021-12-06,137.17999267578125,137.8699951171875,129.0,135.0500030517578,,1115900
2021-12-07,138.75,148.9550018310547,138.4149932861328,147.16000366210938,,822400
2021-12-08,147.9199981689453,154.8000030517578,142.8699951171875,152.11000061035156,,438900
2021-12-09,152.10000610351562,152.10000610351562,141.19000244140625,143.57000732421875,,659000
2021-12-10,144.32000732421875,150.42999267578125,138.63999938964844,139.50999450683594,,593400
2021-12-13,138.82000732421875,142.9949951171875,136.89999389648438,139.39999389648438,,640900
2021-12-14,136.7899932861328,140.27000427246094,134.58999633789062,136.32000732421875,,591100
2021-12-15,136.52999877929688,140.55999755859375,135.75,140.42999267578125,,755000
2021-12-16,142.0800018310547,142.0800018310547,135.10000610351562,136.13999938964844,,523100
2021-12-17,135.1300048828125,143.92999267578125,131.0,143.4499969482422,,868100
2021-12-20,142.5399932861328,143.4499969482422,136.99000549316406,138.8000030517578,,616200
2021-12-21,139.60000610351562,146.49000549316406,138.86000061035156,146.22000122070312,,524400
2021-12-22,145.49000549316406,148.77000427246094,143.75,146.32000732421875,,417800
2021-12-23,146.8699951171875,147.00999450683594,143.16000366210938,146.08999633789062,,336000
2021-12-27,145.27999877929688,149.0,143.1300048828125,144.4499969482422,,341800
2021-12-28,144.6199951171875,148.36000061035156,143.26100158691406,144.5500030517578,,481700
2021-12-29,144.82000732421875,146.36000061035156,143.7100067138672,144.72999572753906,,503700
2021-12-30,144.13999938964844,153.18499755859375,143.86000061035156,150.8800048828125,,442600
2021-12-31,149.86000061035156,154.10000610351562,148.57000732421875,148.9600067138672,,462400
2022-01-03,148.66000366210938,149.99899291992188,143.64100646972656,145.7899932861328,,690300
2022-01-04,145.05999755859375,145.77499389648438,138.14999389648438,141.30999755859375,,736400
2022-01-05,139.57000732421875,144.08999633789062,130.47999572753906,131.3000030517578,,591900
2022-01-06,130.35000610351562,135.66000366210938,127.0,130.77000427246094,,698300
2022-01-07,130.8300018310547,135.14999389648438,125.5999984741211,127.79000091552734,,600500
2022-01-10,125.62999725341795,135.47500610351562,121.30999755859376,127.72000122070312,,1200800
2022-01-11,127.31999969482422,127.31999969482422,117.01000213623048,121.93000030517578,,1453000
2022-01-12,122.0999984741211,125.0,116.83999633789062,118.80999755859376,,1174600
2022-01-13,117.02999877929688,117.11000061035156,104.68499755859376,104.81999969482422,,2447600
2022-01-14,104.41000366210938,106.80500030517578,98.73999786376952,104.0,,2044200
2022-01-18,101.70999908447266,103.33999633789062,92.68000030517578,92.69000244140624,,1233600
2022-01-19,94.16000366210938,96.47000122070312,89.19000244140625,89.63999938964844,,1110500
2022-01-20,92.22000122070312,97.23999786376952,91.31999969482422,93.02999877929688,,1383300
2022-01-21,92.70999908447266,95.61000061035156,88.54000091552734,89.29000091552734,,1430400
2022-01-24,87.55000305175781,94.95999908447266,81.54000091552734,94.66000366210938,,1655900
2022-01-25,92.19000244140624,94.4000015258789,88.5,90.62999725341795,,1161000
2022-01-26,92.2699966430664,95.98999786376952,87.5199966430664,88.44999694824219,,1296700
2022-01-27,89.62000274658203,91.86000061035156,85.61000061035156,85.86000061035156,,827600
2022-01-28,86.11000061035156,87.44000244140625,83.12999725341797,87.4000015258789,,2636400
2022-01-31,89.3499984741211,96.37000274658205,88.13200378417969,96.2699966430664,,1665600
2022-02-01,98.16000366210938,99.87200164794922,93.8000030517578,99.45999908447266,,1068500
2022-02-02,99.97000122070312,100.0,95.79499816894533,96.95999908447266,,688000
2022-02-03,95.40499877929688,96.33000183105467,89.91999816894531,90.41999816894533,,617700
2022-02-04,90.4800033569336,91.66000366210938,87.58300018310547,90.29000091552734,,751700
2022-02-07,90.33999633789062,96.45999908447266,89.94499969482422,90.83999633789062,,609700
2022-02-08,90.0,91.6999969482422,87.62999725341797,90.58000183105467,,408000
2022-02-09,91.6999969482422,97.05999755859376,91.6999969482422,96.0999984741211,,609600
2022-02-10,92.62999725341795,99.13999938964844,91.31999969482422,93.81999969482422,,897900
2022-02-11,93.76000213623048,97.7300033569336,92.91999816894533,93.08000183105467,,1161500
2022-02-14,93.51000213623048,94.2750015258789,88.88999938964844,89.41999816894531,,1009900
2022-02-15,91.31999969482422,95.87000274658205,90.93000030517578,95.3000030517578,,1159000
2022-02-16,94.02999877929688,95.5,91.16000366210938,94.9800033569336,,1458200
2022-02-17,75.87000274658203,86.37000274658203,75.87000274658203,80.98999786376953,,9799700
2022-02-18,80.56999969482422,81.77999877929688,75.87999725341797,81.55999755859375,,2490700
2022-02-22,80.13999938964844,81.83000183105469,76.1500015258789,78.5999984741211,,1982400
2022-02-23,79.44999694824219,79.88999938964844,69.69000244140625,70.33000183105469,,2102000
2022-02-24,67.61000061035156,77.98999786376953,66.58000183105469,77.23999786376953,,1600700
2022-02-25,77.16000366210938,81.46499633789062,75.05000305175781,81.2699966430664,,995100
2022-02-28,81.0,83.51000213623047,79.95500183105469,81.47000122070312,,1108300
2022-03-01,80.7300033569336,83.98999786376953,79.43000030517578,80.91000366210938,,862900
2022-03-02,80.87999725341797,81.13500213623047,74.70999908447266,76.8499984741211,,840300
2022-03-03,77.56999969482422,78.2699966430664,72.69999694824219,74.04000091552734,,636000
2022-03-04,73.68000030517578,76.16999816894531,69.04000091552734,69.7699966430664,,910100
2022-03-07,70.37999725341797,71.79000091552734,66.4000015258789,68.54000091552734,,825400
2022-03-08,67.9800033569336,71.05999755859375,65.1500015258789,67.66999816894531,,792900
2022-03-09,70.1500015258789,72.69000244140625,69.81199645996094,70.4800033569336,,601900
2022-03-10,68.5999984741211,68.80000305175781,66.27999877929688,67.1500015258789,,991800
2022-03-11,68.4000015258789,68.86000061035156,61.40999984741211,61.66999816894531,,707500
2022-03-14,61.33000183105469,63.36000061035156,55.27999877929688,55.70000076293945,,1398700
2022-03-15,56.400001525878906,57.54999923706055,54.720001220703125,56.20000076293945,,1611100
2022-03-16,57.97999954223633,63.45000076293945,57.619998931884766,63.380001068115234,,1583200
2022-03-17,62.86000061035156,67.30999755859375,61.54100036621094,67.05000305175781,,1013100
2022-03-18,67.0199966430664,71.72000122070312,67.01000213623047,69.83000183105469,,1743500
2022-03-21,69.18000030517578,70.02999877929688,65.62000274658203,66.56999969482422,,753700
2022-03-22,66.1500015258789,70.36499786376953,66.1500015258789,69.55999755859375,,1076600
2022-03-23,68.93000030517578,71.0,66.33999633789062,68.33000183105469,,596900
2022-03-24,68.44999694824219,69.12000274658203,65.01000213623047,68.98999786376953,,567900
2022-03-25,69.5999984741211,70.11000061035156,65.88999938964844,67.79000091552734,,788300
2022-03-28,67.98999786376953,71.7699966430664,67.58000183105469,70.41000366210938,,584800
2022-03-29,71.98999786376953,77.36000061035156,71.91999816894531,77.25,,1139600
2022-03-30,76.27999877929688,79.56999969482422,74.44999694824219,74.73999786376953,,1111800
2022-03-31,74.55999755859375,77.1500015258789,74.5,76.06999969482422,,1407600
2022-04-01,76.31999969482422,81.61000061035156,76.31999969482422,81.12000274658203,,1779500
2022-04-04,80.69000244140625,83.33999633789062,80.66000366210938,82.41000366210938,,1197700
2022-04-05,82.41999816894531,82.95999908447266,75.13999938964844,76.37999725341797,,1443100
2022-04-06,75.01000213623047,75.41000366210938,69.65499877929688,73.56999969482422,,874600
2022-04-07,73.5,75.37999725341797,71.04000091552734,73.30000305175781,,659900
2022-04-08,72.81999969482422,75.24299621582031,70.2699966430664,71.5,,620300
2022-04-11,70.22000122070312,73.27999877929688,67.71499633789062,72.55000305175781,,810700
2022-04-12,74.20999908447266,77.45500183105469,70.20999908447266,71.4800033569336,,803900
2022-04-13,69.47000122070312,71.12999725341797,66.51000213623047,68.4000015258789,,1171800
2022-04-14,68.7699966430664,68.7699966430664,64.22000122070312,64.87999725341797,,821800
2022-04-18,64.54000091552734,64.9800033569336,61.70000076293945,62.18999862670898,,1002600
2022-04-19,61.93000030517578,65.19000244140625,60.66999816894531,63.709999084472656,,1057400
2022-04-20,64.37999725341797,64.70999908447266,60.04999923706055,61.58000183105469,,870100
2022-04-21,63.310001373291016,64.5,55.36000061035156,55.709999084472656,,998800
2022-04-22,55.45000076293945,57.63999938964844,53.75,53.900001525878906,,1320100
2022-04-25,53.45000076293945,56.41999816894531,53.0099983215332,55.04999923706055,,1111900
2022-04-26,54.43000030517578,54.95000076293945,50.79999923706055,52.400001525878906,,1676000
2022-04-27,52.93999862670898,54.31999969482422,50.650001525878906,50.790000915527344,,1645400
2022-04-28,50.84999847412109,51.88999938964844,46.04999923706055,49.9900016784668,,1909800
2022-04-29,49.959999084472656,51.130001068115234,47.70000076293945,47.7599983215332,,1193100
2022-05-02,46.88999938964844,50.97999954223633,46.08000183105469,50.84999847412109,,1835600
2022-05-03,50.84999847412109,51.42499923706055,49.220001220703125,50.65999984741211,,1431100
2022-05-04,50.72999954223633,53.720001220703125,47.83000183105469,52.4900016784668,,1768200
2022-05-05,53.380001068115234,54.4900016784668,47.2400016784668,50.40999984741211,,3641100
2022-05-06,49.7599983215332,51.4900016784668,45.31999969482422,51.18999862670898,,3667300
2022-05-09,49.43999862670898,50.79499816894531,46.58000183105469,47.400001525878906,,4107500
2022-05-10,49.93000030517578,51.33000183105469,42.52999877929688,45.34999847412109,,1929600
2022-05-11,44.29999923706055,44.58000183105469,39.45000076293945,39.650001525878906,,2165800
2022-05-12,38.84999847412109,42.43999862670898,36.7599983215332,40.91999816894531,,2834800
2022-05-13,42.90299987792969,47.66999816894531,42.36600112915039,47.630001068115234,,2413600
2022-05-16,47.45000076293945,48.810001373291016,45.38999938964844,46.29999923706055,,1934600
2022-05-17,47.83000183105469,49.7400016784668,47.2400016784668,49.459999084472656,,1518200
2022-05-18,48.959999084472656,50.31999969482422,47.25,47.33000183105469,,1818600
2022-05-19,47.130001068115234,51.09999847412109,47.0,49.869998931884766,,1917200
2022-05-20,50.63999938964844,51.52000045776367,46.34999847412109,50.15999984741211,,1600100
2022-05-23,49.90999984741211,50.40999984741211,47.880001068115234,49.7599983215332,,1326900
2022-05-24,48.41999816894531,48.75,45.220001220703125,45.720001220703125,,1031500
2022-05-25,45.36000061035156,47.150001525878906,44.52000045776367,45.869998931884766,,1203100
2022-05-26,45.63999938964844,47.709999084472656,44.84999847412109,47.34999847412109,,1313000
2022-05-27,47.83000183105469,53.810001373291016,47.47999954223633,52.9900016784668,,1792000
2022-05-31,52.27000045776367,53.2599983215332,48.59999847412109,51.18999862670898,,5176900
2022-06-01,51.09999847412109,51.68000030517578,45.380001068115234,46.13999938964844,,1470100
2022-06-02,46.290000915527344,50.790000915527344,45.45000076293945,50.220001220703125,,1013300
2022-06-03,48.58000183105469,49.20000076293945,45.08000183105469,45.27000045776367,,1390300
2022-06-06,46.61000061035156,47.34000015258789,44.43999862670898,44.970001220703125,,1036600
2022-06-07,44.0,47.16999816894531,43.59000015258789,46.34999847412109,,1023700
2022-06-08,46.59000015258789,47.20500183105469,45.09999847412109,45.369998931884766,,1310200
2022-06-09,44.68999862670898,44.68999862670898,42.150001525878906,42.5,,1025400
2022-06-10,41.060001373291016,42.41999816894531,39.59999847412109,40.38999938964844,,1429900
2022-06-13,38.04999923706055,39.119998931884766,36.22499847412109,36.95000076293945,,1394500
2022-06-14,37.11000061035156,37.75,35.56999969482422,37.04999923706055,,1595200
2022-06-15,38.0099983215332,40.63999938964844,37.38999938964844,39.619998931884766,,1792500
2022-06-16,37.52999877929688,37.63999938964844,35.150001525878906,37.11000061035156,,1203900
2022-06-17,38.0099983215332,39.709999084472656,37.40800094604492,38.400001525878906,,1608900
2022-06-21,39.209999084472656,41.209999084472656,39.209999084472656,40.0,,1036500
2022-06-22,39.09000015258789,42.560001373291016,38.72999954223633,41.720001220703125,,1488400
2022-06-23,41.900001525878906,47.040000915527344,41.900001525878906,46.470001220703125,,1597400
2022-06-24,46.38999938964844,49.68999862670898,45.84000015258789,49.630001068115234,,2597600
2022-06-27,49.45000076293945,49.79999923706055,47.4900016784668,48.95000076293945,,1512700
2022-06-28,48.95000076293945,49.31999969482422,46.415000915527344,46.880001068115234,,1368600
2022-06-29,46.220001220703125,47.09999847412109,45.220001220703125,46.20000076293945,,1291100
2022-06-30,45.68000030517578,46.38999938964844,44.63999938964844,45.25,,1233800
2022-07-01,45.4900016784668,47.63999938964844,44.63999938964844,46.86000061035156,,864000
2022-07-05,46.66999816894531,50.15999984741211,44.88999938964844,49.9900016784668,,1310000
2022-07-06,49.77000045776367,53.310001373291016,49.43999862670898,49.58000183105469,,1417400
2022-07-07,49.43000030517578,52.790000915527344,49.09000015258789,52.59000015258789,,1666300
2022-07-08,50.79999923706055,52.93000030517578,50.625,51.70000076293945,,2128900
2022-07-11,51.5099983215332,51.93399810791016,46.810001373291016,47.04999923706055,,1147300
2022-07-12,47.43000030517578,49.619998931884766,46.209999084472656,47.68000030517578,,759000
2022-07-13,45.97999954223633,48.31999969482422,45.130001068115234,46.91999816894531,,779300
2022-07-14,46.77999877929688,47.119998931884766,42.400001525878906,43.290000915527344,,1402700
2022-07-15,33.869998931884766,36.150001525878906,33.29999923706055,35.900001525878906,,9266900
2022-07-18,36.77999877929688,38.720001220703125,34.95500183105469,35.36000061035156,,1777500
2022-07-19,36.540000915527344,37.0,35.560001373291016,36.66999816894531,,1293800
2022-07-20,37.2599983215332,38.58000183105469,34.59000015258789,34.650001525878906,,2997300
2022-07-21,35.0,37.2400016784668,34.59000015258789,36.68999862670898,,2513300
2022-07-22,36.880001068115234,37.27000045776367,34.650001525878906,35.11000061035156,,1748100
2022-07-25,35.939998626708984,35.939998626708984,34.349998474121094,35.41999816894531,,815300
2022-07-26,34.93000030517578,36.369998931884766,34.26499938964844,35.91999816894531,,916300
2022-07-27,36.4900016784668,38.43999862670898,35.84000015258789,38.40999984741211,,1128200
2022-07-28,38.540000915527344,40.369998931884766,37.65999984741211,39.900001525878906,,1415000
2022-07-29,39.65999984741211,40.310001373291016,38.400001525878906,40.150001525878906,,1100600
2022-08-01,39.81999969482422,40.59000015258789,39.09000015258789,39.84000015258789,,741600
2022-08-02,39.130001068115234,41.720001220703125,39.119998931884766,40.79999923706055,,683000
2022-08-03,41.20000076293945,42.650001525878906,41.20000076293945,42.400001525878906,,1036500
2022-08-04,42.459999084472656,42.8849983215332,41.400001525878906,42.560001373291016,,918400
2022-08-05,41.02999877929688,42.900001525878906,39.86000061035156,42.619998931884766,,677100
2022-08-08,42.630001068115234,45.86000061035156,41.77000045776367,43.4900016784668,,1846200
2022-08-09,43.58000183105469,47.18000030517578,42.04999923706055,44.93999862670898,,2680300
2022-08-10,46.27000045776367,47.34999847412109,44.79499816894531,46.93999862670898,,1220700
2022-08-11,47.540000915527344,53.76499938964844,47.540000915527344,48.31999969482422,,2397400
2022-08-12,48.5099983215332,49.02999877929688,47.02000045776367,48.2400016784668,,811200
2022-08-15,48.0,49.09999847412109,46.04999923706055,47.58000183105469,,856300
2022-08-16,47.40999984741211,47.40999984741211,45.209999084472656,46.369998931884766,,999700
2022-08-17,45.650001525878906,46.58000183105469,42.5099983215332,42.88999938964844,,2107400
2022-08-18,40.61000061035156,41.09999847412109,38.52000045776367,39.369998931884766,,1747900
2022-08-19,38.380001068115234,39.11000061035156,36.25,36.34000015258789,,852100
2022-08-22,35.43000030517578,36.40999984741211,34.58000183105469,35.0099983215332,,976400
2022-08-23,35.09000015258789,36.16999816894531,34.2400016784668,35.43000030517578,,1066100
2022-08-24,35.66999816894531,38.77999877929688,35.66999816894531,38.02999877929688,,940900
2022-08-25,38.65999984741211,39.130001068115234,37.84000015258789,38.68000030517578,,668500
2022-08-26,38.43000030517578,38.869998931884766,34.7400016784668,34.88999938964844,,863300
2022-08-29,34.2599983215332,35.709999084472656,33.77000045776367,33.81999969482422,,675400
2022-08-30,34.290000915527344,34.505001068115234,32.540000915527344,32.90999984741211,,801700
2022-08-31,33.61000061035156,34.040000915527344,32.56999969482422,32.9900016784668,,870800
2022-09-01,32.5099983215332,32.58000183105469,31.01000022888184,32.2599983215332,,1222800
2022-09-02,32.83000183105469,32.84000015258789,30.51000022888184,30.76000022888184,,1396800
2022-09-06,30.84000015258789,31.690000534057617,30.1200008392334,31.190000534057617,,933000
2022-09-07,31.1299991607666,32.790000915527344,30.81999969482422,32.38999938964844,,880600
2022-09-08,31.68000030517578,34.22999954223633,31.299999237060547,34.0,,1196600
2022-09-09,34.630001068115234,35.9900016784668,34.16999816894531,35.900001525878906,,754800
2022-09-12,36.0,36.900001525878906,35.59000015258789,36.86000061035156,,611000
2022-09-13,34.59000015258789,34.88999938964844,32.7400016784668,32.959999084472656,,988200
2022-09-14,32.81999969482422,33.709999084472656,31.799999237060547,33.66999816894531,,1060100
2022-09-15,33.369998931884766,35.31999969482422,32.814998626708984,33.4900016784668,,1413400
2022-09-16,32.56999969482422,32.95000076293945,30.18000030517578,30.68000030517578,,1674200
2022-09-19,30.229999542236328,31.559999465942383,29.170000076293945,31.459999084472656,,2075900
2022-09-20,30.940000534057617,32.470001220703125,30.940000534057617,31.979999542236328,,1539400
2022-09-21,31.950000762939453,32.790000915527344,30.229999542236328,30.229999542236328,,1150900
2022-09-22,29.979999542236328,30.049999237060547,28.489999771118164,29.1200008392334,,971900
2022-09-23,29.06999969482422,29.68000030517578,28.209999084472656,28.90999984741211,,1002500
2022-09-26,28.899999618530277,30.395000457763672,28.57999992370605,28.75,,941200
2022-09-27,29.700000762939453,30.239999771118164,28.63999938964844,29.309999465942383,,876600
2022-09-28,29.68000030517578,32.209999084472656,29.68000030517578,31.65999984741211,,1255600
2022-09-29,31.239999771118164,31.36000061035156,29.645000457763672,29.93000030517578,,1074100
2022-09-30,29.770000457763672,30.950000762939453,28.43000030517578,28.479999542236328,,1511400
2022-10-03,28.959999084472656,29.040000915527344,27.51000022888184,28.32999992370605,,862400
2022-10-04,29.209999084472656,32.40999984741211,29.209999084472656,32.119998931884766,,1389100
2022-10-05,31.3799991607666,32.099998474121094,30.100000381469727,32.09000015258789,,1022900
2022-10-06,32.119998931884766,32.54999923706055,30.55500030517578,31.350000381469727,,645100
2022-10-07,30.21999931335449,30.280000686645508,28.399999618530277,28.56999969482422,,787200
2022-10-10,28.530000686645508,28.899999618530277,26.520000457763672,26.90999984741211,,820400
2022-10-11,26.850000381469727,27.799999237060547,25.583999633789062,26.71999931335449,,1159800
2022-10-12,26.700000762939453,27.63999938964844,26.0,27.32999992370605,,675600
2022-10-13,25.489999771118164,27.96999931335449,24.825000762939453,27.420000076293945,,1070100
2022-10-14,28.01000022888184,28.399999618530277,25.420000076293945,25.57999992370605,,914800
2022-10-17,26.65999984741211,27.770000457763672,26.36000061035156,26.809999465942383,,1302000
2022-10-18,28.190000534057617,28.799999237060547,26.38500022888184,26.75,,1364500
2022-10-19,25.940000534057617,26.01000022888184,24.415000915527344,25.57999992370605,,1279700
2022-10-20,25.549999237060547,27.06999969482422,25.100000381469727,25.739999771118164,,860200
2022-10-21,25.899999618530277,25.899999618530277,24.399999618530277,25.68000030517578,,828600
2022-10-24,25.280000686645508,25.280000686645508,23.809999465942383,24.399999618530277,,1401600
2022-10-25,24.649999618530277,26.63999938964844,24.290000915527344,26.5,,2027600
2022-10-26,26.239999771118164,28.770000457763672,26.01000022888184,27.809999465942383,,958200
2022-10-27,27.57999992370605,28.19499969482422,26.6200008392334,26.770000457763672,,998900
2022-10-28,26.420000076293945,27.399999618530277,25.690000534057617,27.3799991607666,,1159600
2022-10-31,26.989999771118164,27.82999992370605,26.59000015258789,27.18000030517578,,1513900
2022-11-01,28.21999931335449,29.36000061035156,27.6299991607666,28.21999931335449,,2034200
2022-11-02,28.1200008392334,28.979999542236328,26.76000022888184,26.920000076293945,,2185400
2022-11-03,29.170000076293945,32.650001525878906,27.38999938964844,31.899999618530277,,3877700
2022-11-04,32.900001525878906,32.970001220703125,30.51000022888184,31.90999984741211,,1558500
2022-11-07,31.790000915527344,32.25,30.229999542236328,30.899999618530277,,1650200
2022-11-08,31.6299991607666,32.970001220703125,30.709999084472656,32.380001068115234,,2265200
2022-11-09,31.770000457763672,32.33000183105469,30.190000534057617,30.40999984741211,,1768000
2022-11-10,32.83000183105469,37.84000015258789,32.83000183105469,37.81999969482422,,2702600
2022-11-11,37.68999862670898,41.959999084472656,37.56999969482422,41.29999923706055,,2765000
2022-11-14,40.41999816894531,41.729000091552734,38.79999923706055,38.93999862670898,,1446200
2022-11-15,41.02999877929688,41.81999969482422,39.744998931884766,40.5,,1330400
2022-11-16,40.040000915527344,40.52999877929688,38.89500045776367,39.7400016784668,,1042000
2022-11-17,38.130001068115234,38.71500015258789,36.525001525878906,37.54999923706055,,832900
2022-11-18,38.630001068115234,38.66999816894531,35.15999984741211,35.310001373291016,,1026300
2022-11-21,35.189998626708984,35.7400016784668,34.2599983215332,35.29999923706055,,747700
2022-11-22,34.77000045776367,35.279998779296875,33.08000183105469,35.15999984741211,,993900
2022-11-23,35.4900016784668,37.209999084472656,35.380001068115234,36.43999862670898,,711600
2022-11-25,35.45000076293945,36.124000549316406,34.880001068115234,35.84000015258789,,294100
2022-11-28,35.5,36.380001068115234,34.54999923706055,34.720001220703125,,727500
2022-11-29,34.959999084472656,35.209999084472656,34.18000030517578,34.9900016784668,,787400
2022-11-30,35.060001373291016,38.7400016784668,34.90999984741211,38.65999984741211,,1384300
2022-12-01,39.09000015258789,40.34999847412109,38.435001373291016,39.56999969482422,,859700
2022-12-02,38.380001068115234,39.369998931884766,37.56999969482422,38.970001220703125,,1712200
2022-12-05,38.43000030517578,38.90999984741211,35.97999954223633,36.56999969482422,,768100
2022-12-06,36.70000076293945,36.70000076293945,34.59000015258789,35.029998779296875,,829400
2022-12-07,34.79999923706055,35.83000183105469,34.165000915527344,34.2599983215332,,832300
2022-12-08,34.900001525878906,37.415000915527344,33.83000183105469,36.75,,1508400
2022-12-09,37.18999862670898,38.310001373291016,34.689998626708984,34.93000030517578,,1846100
2022-12-12,34.91999816894531,35.869998931884766,34.65700149536133,35.099998474121094,,1264100
2022-12-13,37.56999969482422,38.869998931884766,33.8849983215332,35.209999084472656,,1419000
2022-12-14,35.86000061035156,36.58000183105469,34.2400016784668,34.959999084472656,,4133500
2022-12-15,34.060001373291016,37.81499862670898,34.060001373291016,35.779998779296875,,1336400
2022-12-16,35.08000183105469,36.25,34.400001525878906,35.599998474121094,,1459200
2022-12-19,35.81999969482422,36.68000030517578,34.5099983215332,35.150001525878906,,731700
2022-12-20,34.56999969482422,35.970001220703125,34.42300033569336,35.689998626708984,,782900
2022-12-21,35.83000183105469,37.630001068115234,35.689998626708984,36.93999862670898,,927800
2022-12-22,36.34000015258789,36.54999923706055,34.88999938964844,36.5,,512100
2022-12-23,36.619998931884766,36.619998931884766,34.0,34.2400016784668,,791100
2022-12-27,33.900001525878906,33.95000076293945,31.8700008392334,31.88999938964844,,881400
2022-12-28,31.59000015258789,32.560001373291016,31.280000686645508,31.68000030517578,,980100
2022-12-29,32.41999816894531,36.83000183105469,32.02000045776367,36.63999938964844,,1615000
2022-12-30,36.0099983215332,36.63999938964844,35.029998779296875,36.43999862670898,,985700
2023-01-03,37.4900016784668,38.07500076293945,34.779998779296875,35.33000183105469,,1221200
2023-01-04,36.0,36.7400016784668,34.779998779296875,36.310001373291016,,652800
2023-01-05,35.77000045776367,38.0099983215332,35.04999923706055,37.56999969482422,,1062700
2023-01-06,37.810001373291016,38.34999847412109,34.849998474121094,37.77999877929688,,1259300
2023-01-09,38.52000045776367,40.970001220703125,38.22200012207031,40.02999877929688,,2222400
2023-01-10,39.630001068115234,42.310001373291016,39.06999969482422,41.16999816894531,,1464400
2023-01-11,41.58000183105469,43.310001373291016,40.61000061035156,41.93999862670898,,1498800
2023-01-12,42.18000030517578,42.25,39.63999938964844,41.709999084472656,,1064900
2023-01-13,41.36000061035156,43.43000030517578,41.1349983215332,43.220001220703125,,1411800
2023-01-17,43.150001525878906,44.82500076293945,42.34999847412109,43.369998931884766,,1173600
2023-01-18,44.150001525878906,46.40999984741211,43.99100112915039,45.650001525878906,,1339400
2023-01-19,44.5,45.31999969482422,43.619998931884766,44.97999954223633,,1297400
2023-01-20,45.09999847412109,47.81999969482422,44.47999954223633,47.33000183105469,,1498500
2023-01-23,47.27999877929688,49.459999084472656,47.0099983215332,47.91999816894531,,1509300
2023-01-24,47.20000076293945,48.290000915527344,45.02999877929688,45.52999877929688,,1103800
2023-01-25,44.29999923706055,46.040000915527344,43.209999084472656,46.0,,1164500
2023-01-26,47.209999084472656,48.2400016784668,46.41999816894531,48.02999877929688,,880400
2023-01-27,47.70000076293945,48.775001525878906,46.93999862670898,48.650001525878906,,696700
2023-01-30,48.0099983215332,48.02000045776367,45.130001068115234,45.369998931884766,,909500
2023-01-31,45.13999938964844,47.05500030517578,45.125,46.83000183105469,,623500
2023-02-01,47.25,48.18000030517578,45.20000076293945,47.59000015258789,,824400
2023-02-02,48.91999816894531,51.90999984741211,48.91999816894531,49.720001220703125,,1373900
2023-02-03,47.38999938964844,49.52999877929688,46.915000915527344,47.84000015258789,,875500
2023-02-06,46.86000061035156,48.47999954223633,46.25,47.459999084472656,,653000
2023-02-07,47.31999969482422,48.4900016784668,46.43999862670898,48.31999969482422,,651000
2023-02-08,48.16999816894531,49.04999923706055,45.84999847412109,45.869998931884766,,713400
2023-02-09,46.09000015258789,47.5,43.900001525878906,44.150001525878906,,618200
2023-02-10,43.15999984741211,43.95000076293945,41.9900016784668,43.415000915527344,,1019400
2023-02-13,43.369998931884766,45.220001220703125,42.81999969482422,44.7599983215332,,1036000
2023-02-14,44.2599983215332,45.11000061035156,42.56999969482422,44.790000915527344,,993800
2023-02-15,44.290000915527344,46.40999984741211,43.869998931884766,46.27000045776367,,1243200
2023-02-16,49.790000915527344,53.0,48.0,51.43000030517578,,2565900
2023-02-17,50.18999862670898,52.09999847412109,49.54999923706055,51.61000061035156,,1314600
2023-02-21,49.40999984741211,49.88999938964844,47.61000061035156,48.09999847412109,,1605900
2023-02-22,47.72999954223633,49.27000045776367,46.5,48.869998931884766,,1353900
2023-02-23,49.86000061035156,50.5,47.11000061035156,48.0099983215332,,825500
2023-02-24,45.959999084472656,47.9900016784668,45.959999084472656,47.060001373291016,,632000
2023-02-27,47.45000076293945,48.209999084472656,46.77000045776367,47.72999954223633,,623300
2023-02-28,47.5,49.38999938964844,47.06999969482422,47.52000045776367,,950300
2023-03-01,47.95000076293945,47.97999954223633,45.650001525878906,46.630001068115234,,788700
2023-03-02,45.619998931884766,48.77000045776367,45.15999984741211,48.2599983215332,,984300
2023-03-03,48.86000061035156,51.16999816894531,48.52000045776367,51.0,,953400
2023-03-06,51.34000015258789,51.34000015258789,48.22499847412109,48.43000030517578,,619700
2023-03-07,48.220001220703125,49.83000183105469,47.540000915527344,48.220001220703125,,859400
2023-03-08,47.5099983215332,49.540000915527344,47.310001373291016,48.9900016784668,,490100
2023-03-09,48.68999862670898,50.09000015258789,46.97999954223633,47.060001373291016,,741200
2023-03-10,46.65999984741211,46.65999984741211,43.25,45.0,,1286000
2023-03-13,44.619998931884766,49.34000015258789,44.560001373291016,47.52999877929688,,871400
2023-03-14,48.9900016784668,49.70500183105469,48.09999847412109,48.66999816894531,,1614800
2023-03-15,47.560001373291016,49.380001068115234,47.38999938964844,48.58000183105469,,936900
2023-03-16,48.20000076293945,50.97999954223633,47.7400016784668,50.31999969482422,,1015800
2023-03-17,49.4900016784668,49.97999954223633,47.709999084472656,48.130001068115234,,1160300
2023-03-20,47.70000076293945,48.650001525878906,46.84999847412109,47.790000915527344,,681500
2023-03-21,48.43000030517578,50.310001373291016,48.0,50.09999847412109,,948900
2023-03-22,50.11000061035156,51.18000030517578,48.66999816894531,48.7599983215332,,672700
2023-03-23,49.47999954223633,51.54999923706055,48.59999847412109,49.040000915527344,,707600
2023-03-24,48.380001068115234,50.36000061035156,47.69499969482422,50.22999954223633,,620800
2023-03-27,50.56999969482422,51.54999923706055,49.34000015258789,49.7599983215332,,588100
2023-03-28,49.70000076293945,49.70000076293945,48.29999923706055,48.900001525878906,,622000
2023-03-29,49.84999847412109,51.02999877929688,49.1349983215332,50.7400016784668,,725200
2023-03-30,51.18999862670898,52.369998931884766,51.09999847412109,52.04999923706055,,821400
2023-03-31,52.470001220703125,56.220001220703125,52.33000183105469,55.790000915527344,,1572800
2023-04-03,55.18999862670898,55.540000915527344,52.505001068115234,53.68000030517578,,1013000
2023-04-04,53.959999084472656,54.98500061035156,53.150001525878906,54.0099983215332,,613500
2023-04-05,53.540000915527344,53.91999816894531,51.15999984741211,51.31999969482422,,1093300
2023-04-06,51.060001373291016,52.744998931884766,50.84000015258789,52.060001373291016,,686400
2023-04-10,51.06999969482422,52.73500061035156,50.56999969482422,52.59999847412109,,713700
2023-04-11,52.68999862670898,54.18000030517578,52.369998931884766,52.540000915527344,,800600
2023-04-12,53.970001220703125,54.28499984741211,52.11000061035156,52.7599983215332,,506500
2023-04-13,53.34999847412109,55.18999862670898,53.23500061035156,54.77999877929688,,641300
2023-04-14,54.45000076293945,55.58000183105469,53.09000015258789,54.02999877929688,,476300
2023-04-17,54.209999084472656,54.95000076293945,53.619998931884766,53.70000076293945,,582000
2023-04-18,54.27999877929688,54.61000061035156,53.63999938964844,54.47999954223633,,519100
2023-04-19,53.7400016784668,55.43000030517578,53.198001861572266,55.0,,714500
2023-04-20,54.060001373291016,54.16999816894531,52.290000915527344,53.16999816894531,,664500
2023-04-21,53.11000061035156,54.02000045776367,52.4900016784668,53.709999084472656,,763900
2023-04-24,53.709999084472656,54.41999816894531,52.86000061035156,54.27000045776367,,778700
2023-04-25,53.5099983215332,54.11000061035156,50.4900016784668,50.959999084472656,,850300
2023-04-26,51.27000045776367,52.27999877929688,50.220001220703125,51.04999923706055,,871000
2023-04-27,51.41999816894531,52.06999969482422,50.33000183105469,51.36000061035156,,503700
2023-04-28,51.11000061035156,53.27999877929688,50.48500061035156,52.43000030517578,,1030500
2023-05-01,52.209999084472656,52.83000183105469,51.18999862670898,52.40999984741211,,1054900
2023-05-02,52.310001373291016,52.41999816894531,51.36000061035156,51.65999984741211,,569000
2023-05-03,52.0,55.70000076293945,52.0,54.0,,1457400
2023-05-04,56.220001220703125,56.220001220703125,51.65999984741211,54.70000076293945,,3046400
2023-05-05,54.58000183105469,54.810001373291016,51.869998931884766,54.27000045776367,,1415400
2023-05-08,53.84000015258789,54.52999877929688,51.470001220703125,54.47999954223633,,958600
2023-05-09,53.84999847412109,54.18000030517578,52.68000030517578,53.22999954223633,,726900
2023-05-10,54.83000183105469,56.130001068115234,54.2599983215332,54.380001068115234,,692600
2023-05-11,53.59999847412109,53.83000183105469,51.970001220703125,52.630001068115234,,779200
2023-05-12,52.59000015258789,52.95000076293945,51.41999816894531,52.63999938964844,,917000
2023-05-15,52.81999969482422,54.09999847412109,52.06999969482422,53.810001373291016,,679500
2023-05-16,52.88999938964844,52.88999938964844,51.220001220703125,52.18000030517578,,579000
2023-05-17,52.36000061035156,52.77999877929688,51.45000076293945,52.540000915527344,,536200
2023-05-18,52.25,55.119998931884766,52.21500015258789,55.0099983215332,,995100
2023-05-19,55.11000061035156,56.16999816894531,55.04999923706055,55.34999847412109,,800700
2023-05-22,55.709999084472656,58.29800033569336,54.90999984741211,57.09999847412109,,1238800
2023-05-23,55.93000030517578,57.09999847412109,52.59000015258789,53.31999969482422,,1270300
2023-05-24,52.119998931884766,53.125,50.84999847412109,52.75,,915700
2023-05-25,53.709999084472656,53.810001373291016,51.13999938964844,51.2400016784668,,1126900
2023-05-26,51.65999984741211,53.36000061035156,51.31999969482422,52.880001068115234,,719300
2023-05-30,54.060001373291016,55.13999938964844,53.290000915527344,54.08000183105469,,971700
2023-05-31,53.59000015258789,54.68000030517578,51.79999923706055,52.459999084472656,,1341800
2023-06-01,52.25,53.84999847412109,52.060001373291016,53.20000076293945,,735400
2023-06-02,54.4900016784668,55.36000061035156,53.58000183105469,54.59999847412109,,923100
2023-06-05,54.04999923706055,55.380001068115234,54.04999923706055,54.97999954223633,,514800
2023-06-06,55.02999877929688,56.400001525878906,54.58000183105469,55.18999862670898,,1861100
2023-06-07,55.18000030517578,55.38999938964844,52.79999923706055,54.02000045776367,,1503100
2023-06-08,53.68999862670898,55.185001373291016,53.119998931884766,54.31999969482422,,670600
2023-06-09,54.81999969482422,55.15999984741211,53.8849983215332,53.95000076293945,,457300
2023-06-12,54.56999969482422,56.47999954223633,53.709999084472656,55.84999847412109,,694200
2023-06-13,55.95000076293945,58.040000915527344,55.95000076293945,57.90999984741211,,1109900
2023-06-14,58.650001525878906,59.310001373291016,56.98500061035156,57.619998931884766,,1399200
2023-06-15,57.209999084472656,58.900001525878906,57.01499938964844,58.720001220703125,,881500
2023-06-16,59.36000061035156,59.56100082397461,57.84999847412109,58.11000061035156,,1069100
2023-06-20,57.41999816894531,58.310001373291016,56.77000045776367,57.90999984741211,,1108900
2023-06-21,57.65999984741211,57.88999938964844,55.68000030517578,55.720001220703125,,773300
2023-06-22,55.290000915527344,55.290000915527344,54.11000061035156,54.7400016784668,,731200
2023-06-23,54.060001373291016,54.88999938964844,52.43000030517578,54.619998931884766,,1282300
2023-06-26,54.15999984741211,55.2599983215332,53.65999984741211,54.84000015258789,,804900
2023-06-27,55.0,55.21500015258789,53.665000915527344,54.59999847412109,,842700
2023-06-28,54.59000015258789,57.61000061035156,54.09999847412109,57.2599983215332,,1031000
2023-06-29,57.0,58.0,56.21500015258789,56.70000076293945,,809600
2023-06-30,57.5,58.2400016784668,55.5099983215332,55.84000015258789,,821500
2023-07-03,56.18999862670898,57.060001373291016,55.9900016784668,56.7400016784668,,360000
2023-07-05,56.56999969482422,56.56999969482422,53.810001373291016,53.900001525878906,,740100
2023-07-06,52.81999969482422,53.56999969482422,52.0099983215332,52.970001220703125,,586800
2023-07-07,52.93999862670898,54.560001373291016,52.93999862670898,53.900001525878906,,635900
2023-07-10,54.02000045776367,58.86000061035156,54.02000045776367,58.040000915527344,,1220400
2023-07-11,58.09999847412109,58.81600189208984,57.11000061035156,58.56999969482422,,940100
2023-07-12,59.9900016784668,60.0,58.880001068115234,59.540000915527344,,971000
2023-07-13,58.75,58.75,56.68999862670898,57.619998931884766,,1154200
2023-07-14,57.68000030517578,58.75,56.9900016784668,58.09999847412109,,1059400
2023-07-17,57.810001373291016,59.11000061035156,57.08000183105469,59.0,,633100
2023-07-18,59.27999877929688,59.540000915527344,57.27000045776367,58.40999984741211,,696500
2023-07-19,58.68999862670898,60.16999816894531,58.5,60.130001068115234,,937500
2023-07-20,59.61000061035156,60.61899948120117,58.29999923706055,58.5,,871100
2023-07-21,59.13999938964844,60.17499923706055,58.18999862670898,59.959999084472656,,527700
2023-07-24,60.08000183105469,61.18999862670898,59.66999816894531,59.86000061035156,,963300
2023-07-25,59.38999938964844,61.91999816894531,59.38999938964844,60.86000061035156,,664600
2023-07-26,60.40999984741211,60.900001525878906,59.27000045776367,60.7400016784668,,717200
2023-07-27,61.70000076293945,61.77000045776367,60.2400016784668,60.709999084472656,,761800
2023-07-28,61.83000183105469,63.52000045776367,61.34999847412109,62.90999984741211,,908200
2023-07-31,63.04999923706055,63.56999969482422,62.39500045776367,62.97999954223633,,1029200
2023-08-01,62.150001525878906,62.755001068115234,61.08000183105469,62.25,,684300
2023-08-02,61.04999923706055,61.04999923706055,58.16999816894531,58.70000076293945,,1673000
2023-08-03,58.060001373291016,60.01499938964844,57.369998931884766,58.4900016784668,,1141800
2023-08-04,56.2400016784668,57.68000030517578,54.84999847412109,56.040000915527344,,3398100
2023-08-07,56.470001220703125,57.040000915527344,54.810001373291016,55.70000076293945,,1517400
2023-08-08,54.310001373291016,54.52000045776367,52.85499954223633,54.20000076293945,,1142000
2023-08-09,54.209999084472656,54.810001373291016,52.209999084472656,52.34999847412109,,645300
2023-08-10,52.5,53.11000061035156,51.494998931884766,51.90999984741211,,787400
2023-08-11,51.0,51.80500030517578,50.494998931884766,50.58000183105469,,517800
2023-08-14,49.93999862670898,50.459999084472656,49.43999862670898,50.119998931884766,,476100
2023-08-15,49.66999816894531,49.775001525878906,48.560001373291016,48.72999954223633,,984900
2023-08-16,48.5,48.5,47.41999816894531,47.880001068115234,,770700
2023-08-17,47.61000061035156,47.7599983215332,46.18000030517578,46.209999084472656,,777500
2023-08-18,45.41999816894531,46.43999862670898,44.88999938964844,45.68000030517578,,1186300
2023-08-21,45.75,46.55500030517578,45.27999877929688,46.31999969482422,,889000
2023-08-22,46.4900016784668,46.65999984741211,45.22499847412109,46.27999877929688,,982700
2023-08-23,46.5,48.16999816894531,46.310001373291016,47.72999954223633,,531900
2023-08-24,47.959999084472656,49.060001373291016,47.58000183105469,47.68000030517578,,1251700
2023-08-25,47.59999847412109,48.25,47.06999969482422,47.88999938964844,,915400
2023-08-28,48.290000915527344,48.290000915527344,46.81999969482422,47.2400016784668,,474300
2023-08-29,47.22999954223633,49.845001220703125,46.790000915527344,49.380001068115234,,589200
2023-08-30,49.33000183105469,51.619998931884766,48.8650016784668,51.54999923706055,,1119300
2023-08-31,51.70000076293945,52.54999923706055,51.18999862670898,51.84999847412109,,905300
2023-09-01,52.720001220703125,54.869998931884766,52.65999984741211,54.04999923706055,,1269600
2023-09-05,53.47999954223633,54.29999923706055,52.29999923706055,52.47999954223633,,1144400
2023-09-06,52.5099983215332,52.72999954223633,51.4900016784668,52.16999816894531,,770500
2023-09-07,51.5099983215332,51.595001220703125,49.93999862670898,50.18000030517578,,1016900
2023-09-08,49.83000183105469,49.97999954223633,47.2599983215332,47.36000061035156,,1079900
2023-09-11,47.709999084472656,48.540000915527344,47.459999084472656,48.0,,581600
2023-09-12,47.2400016784668,49.7599983215332,47.2400016784668,49.630001068115234,,788100
2023-09-13,49.0,51.34999847412109,48.7599983215332,48.790000915527344,,991500
2023-09-14,49.0,49.95000076293945,48.65999984741211,49.4900016784668,,777800
2023-09-15,49.459999084472656,49.900001525878906,48.52999877929688,49.72999954223633,,1463600
2023-09-18,49.13999938964844,49.310001373291016,46.09999847412109,46.18999862670898,,1377700
2023-09-19,45.5099983215332,47.13999938964844,45.34799957275391,46.5099983215332,,1118900
2023-09-20,47.130001068115234,47.130001068115234,45.43000030517578,45.43999862670898,,539300
2023-09-21,44.43999862670898,44.43999862670898,41.84000015258789,41.90999984741211,,1263000
2023-09-22,42.11000061035156,42.5,41.244998931884766,41.34999847412109,,1051300
2023-09-25,41.0,41.92900085449219,40.810001373291016,41.209999084472656,,1039300
2023-09-26,41.08000183105469,41.70000076293945,40.18000030517578,40.86000061035156,,798700
2023-09-27,41.36000061035156,41.68999862670898,40.45000076293945,41.290000915527344,,712900
2023-09-28,41.02999877929688,42.02999877929688,40.33000183105469,41.25,,577000
2023-09-29,41.27999877929688,41.91999816894531,40.755001068115234,41.25,,1041400
2023-10-02,41.06999969482422,41.119998931884766,40.11000061035156,40.4900016784668,,782900
2023-10-03,40.0,40.720001220703125,39.45000076293945,39.77999877929688,,856300
2023-10-04,40.119998931884766,40.130001068115234,38.7400016784668,39.7599983215332,,978000
2023-10-05,39.7400016784668,39.7400016784668,38.06999969482422,38.790000915527344,,847900
2023-10-06,38.16999816894531,38.92300033569336,37.75,38.66999816894531,,696800
2023-10-09,38.27000045776367,39.119998931884766,37.4900016784668,39.09000015258789,,473200
2023-10-10,39.29999923706055,41.66999816894531,39.29999923706055,40.970001220703125,,799300
2023-10-11,41.18999862670898,41.61000061035156,40.02000045776367,40.9900016784668,,718600
2023-10-12,40.900001525878906,40.94499969482422,38.80500030517578,38.95000076293945,,1029700
2023-10-13,38.81999969482422,38.834999084472656,37.994998931884766,38.5099983215332,,470100
2023-10-16,38.75,39.52999877929688,37.86000061035156,38.97999954223633,,485600
2023-10-17,38.27999877929688,42.63999938964844,38.27999877929688,41.84999847412109,,1367000
2023-10-18,41.34000015258789,41.34000015258789,39.22499847412109,39.68000030517578,,939800
2023-10-19,39.810001373291016,40.540000915527344,39.39500045776367,39.72999954223633,,708300
2023-10-20,39.68999862670898,39.96500015258789,38.75,39.43999862670898,,1088600
2023-10-23,38.72999954223633,40.2599983215332,38.040000915527344,39.86000061035156,,802300
2023-10-24,40.08000183105469,41.11000061035156,39.88999938964844,40.41999816894531,,701000
2023-10-25,39.63999938964844,39.63999938964844,36.91999816894531,37.02000045776367,,1191300
2023-10-26,37.04999923706055,38.040000915527344,36.79999923706055,37.290000915527344,,851800
2023-10-27,37.61000061035156,37.61000061035156,36.29999923706055,36.40999984741211,,590600
2023-10-30,36.959999084472656,36.959999084472656,34.040000915527344,35.75,,1422300
2023-10-31,36.02000045776367,36.5,35.165000915527344,35.279998779296875,,1422000
2023-11-01,35.060001373291016,35.1619987487793,33.790000915527344,34.31999969482422,,1467900
2023-11-02,35.72999954223633,36.61000061035156,35.0,36.52999877929688,,1953200
2023-11-03,36.0,39.9900016784668,36.0,39.720001220703125,,2647500
2023-11-06,39.619998931884766,39.9900016784668,38.36000061035156,38.650001525878906,,1361500
2023-11-07,38.27000045776367,39.5,37.415000915527344,39.02000045776367,,1283900
2023-11-08,39.02000045776367,39.02000045776367,37.40999984741211,37.93000030517578,,1009300
2023-11-09,38.18000030517578,38.47999954223633,36.459999084472656,36.47999954223633,,959400
2023-11-10,36.15999984741211,36.15999984741211,34.189998626708984,35.47999954223633,,1428100
2023-11-13,35.220001220703125,36.400001525878906,34.75,36.31999969482422,,844700
2023-11-14,38.88999938964844,40.08000183105469,38.88999938964844,39.869998931884766,,1216600
2023-11-15,40.02000045776367,41.59999847412109,39.52000045776367,40.40999984741211,,865000
2023-11-16,40.060001373291016,40.59999847412109,39.630001068115234,39.93999862670898,,452100
2023-11-17,40.36000061035156,42.25,39.95500183105469,42.16999816894531,,1050500
2023-11-20,42.470001220703125,44.09999847412109,42.0,43.41999816894531,,1337400
2023-11-21,42.9900016784668,44.2599983215332,42.7599983215332,42.810001373291016,,1030300
2023-11-22,43.20000076293945,44.27000045776367,42.68999862670898,43.34999847412109,,795200
2023-11-24,42.95000076293945,43.91999816894531,42.90999984741211,43.36000061035156,,285800
2023-11-27,42.630001068115234,43.36000061035156,42.119998931884766,42.709999084472656,,524200
2023-11-28,42.02999877929688,42.2599983215332,41.22999954223633,42.15999984741211,,678400
2023-11-29,43.13999938964844,44.75,42.709999084472656,43.31999969482422,,1001000
2023-11-30,43.5,43.68999862670898,42.66999816894531,43.52000045776367,,793800
2023-12-01,43.02000045776367,45.84999847412109,42.834999084472656,45.75,,754100
2023-12-04,46.0,46.88999938964844,45.18000030517578,46.290000915527344,,1000500
2023-12-05,45.77999877929688,46.03499984741211,44.56800079345703,45.33000183105469,,748900
2023-12-06,46.220001220703125,47.435001373291016,45.61000061035156,46.20000076293945,,639200
2023-12-07,46.20000076293945,47.77000045776367,46.0099983215332,47.56999969482422,,798900
2023-12-08,47.15999984741211,49.20000076293945,46.84000015258789,48.84000015258789,,1076700
2023-12-11,48.709999084472656,48.720001220703125,47.08000183105469,48.13999938964844,,1034800
2023-12-12,49.27000045776367,49.733001708984375,48.18999862670898,48.63999938964844,,808800
2023-12-13,48.84999847412109,51.68000030517578,47.76499938964844,51.20000076293945,,1160700
2023-12-14,53.56999969482422,55.77000045776367,53.5,55.16999816894531,,2517500
2023-12-15,54.59999847412109,55.310001373291016,53.20000076293945,53.470001220703125,,1546400
2023-12-18,53.119998931884766,54.34000015258789,53.119998931884766,53.93000030517578,,710200
2023-12-19,54.91999816894531,57.2400016784668,53.70000076293945,57.06999969482422,,1522100
2023-12-20,57.06999969482422,57.900001525878906,54.52000045776367,54.54999923706055,,985100
2023-12-21,55.79999923706055,57.04499816894531,55.54999923706055,56.25,,728600
2023-12-22,56.810001373291016,57.42599868774414,55.93999862670898,56.58000183105469,,648600
2023-12-26,57.119998931884766,57.56999969482422,56.38999938964844,56.540000915527344,,675700
2023-12-27,56.970001220703125,57.41999816894531,56.43000030517578,57.130001068115234,,507300
2023-12-28,57.0099983215332,57.75,56.97999954223633,57.54999923706055,,413200
2023-12-29,57.209999084472656,57.77999877929688,55.560001373291016,55.959999084472656,,494500
2024-01-02,54.7599983215332,55.959999084472656,53.900001525878906,54.29999923706055,,1120900
2024-01-03,53.31999969482422,53.58000183105469,50.869998931884766,50.93999862670898,,1571800
2024-01-04,50.40999984741211,51.959999084472656,50.40999984741211,51.09999847412109,,1757000
2024-01-05,50.540000915527344,51.95000076293945,50.23500061035156,51.63999938964844,,1091200
2024-01-08,51.540000915527344,54.72499847412109,50.0099983215332,53.40999984741211,,2040600
2024-01-09,52.38999938964844,52.8849983215332,49.88999938964844,50.7599983215332,,2458700
2024-01-10,50.65999984741211,50.84000015258789,48.7400016784668,49.25,,1866000
2024-01-11,49.0,49.02999877929688,45.95000076293945,47.81999969482422,,2371300
2024-01-12,48.13999938964844,48.70000076293945,46.5,46.9900016784668,,1342500
2024-01-16,45.9900016784668,46.0,44.43000030517578,44.5099983215332,,1454100
2024-01-17,43.0099983215332,43.2400016784668,40.51399993896485,41.900001525878906,,2803300
2024-01-18,42.400001525878906,42.540000915527344,41.18000030517578,42.0099983215332,,1630500
2024-01-19,42.29999923706055,42.40999984741211,40.91999816894531,41.79999923706055,,1689900
2024-01-22,42.5,44.52999877929688,42.150001525878906,43.15999984741211,,1724300
2024-01-23,44.22999954223633,44.22999954223633,41.900001525878906,42.2400016784668,,1071300
2024-01-24,43.33000183105469,43.33000183105469,41.459999084472656,41.560001373291016,,823900
2024-01-25,42.220001220703125,42.65999984741211,40.970001220703125,42.400001525878906,,1333800
2024-01-26,43.18999862670898,44.04999923706055,42.88999938964844,43.220001220703125,,872600
2024-01-29,43.18999862670898,45.43999862670898,43.0099983215332,45.25,,1287000
2024-01-30,45.08000183105469,45.36399841308594,42.70000076293945,43.22999954223633,,994500
2024-01-31,42.81999969482422,43.540000915527344,41.45500183105469,41.66999816894531,,939900
2024-02-01,41.90999984741211,43.72999954223633,41.72999954223633,43.58000183105469,,1091700
2024-02-02,42.43000030517578,44.095001220703125,42.119998931884766,43.59999847412109,,1061000
2024-02-05,42.84999847412109,43.77000045776367,42.68000030517578,43.02999877929688,,1066300
2024-02-06,43.20000076293945,46.20000076293945,43.08000183105469,45.790000915527344,,1397600
2024-02-07,45.77999877929688,46.560001373291016,44.04999923706055,46.04999923706055,,1784300
2024-02-08,46.09000015258789,48.540000915527344,45.88999938964844,48.470001220703125,,1296900
2024-02-09,48.86000061035156,49.97999954223633,48.380001068115234,49.540000915527344,,1264600
2024-02-12,49.619998931884766,50.4900016784668,48.40999984741211,49.11000061035156,,1496000
2024-02-13,46.54999923706055,47.25,45.40999984741211,46.77999877929688,,1406500
2024-02-14,47.68000030517578,48.5,47.41999816894531,48.08000183105469,,1706100
2024-02-15,48.18999862670898,49.68999862670898,47.77000045776367,48.06999969482422,,2154700
2024-02-16,47.11000061035156,51.220001220703125,46.85499954223633,48.45000076293945,,2487800
2024-02-20,47.56999969482422,48.34000015258789,46.36000061035156,47.459999084472656,,1462200
2024-02-21,46.66999816894531,47.26499938964844,45.7599983215332,46.61000061035156,,1303700
2024-02-22,46.81999969482422,47.14500045776367,45.4900016784668,45.560001373291016,,1316600
2024-02-23,45.290000915527344,45.7400016784668,44.470001220703125,44.97999954223633,,705700
2024-02-26,44.68000030517578,45.64500045776367,44.290000915527344,45.45000076293945,,1044500
2024-02-27,45.619998931884766,48.0,44.970001220703125,47.15999984741211,,1361200
2024-02-28,47.130001068115234,47.89899826049805,46.52000045776367,46.68999862670898,,797900
2024-02-29,47.560001373291016,48.41999816894531,46.54999923706055,46.63999938964844,,964700
2024-03-01,46.65999984741211,46.86000061035156,45.22999954223633,45.560001373291016,,995000
2024-03-04,45.59999847412109,45.59999847412109,43.459999084472656,44.790000915527344,,1159900
2024-03-05,44.02999877929688,44.43000030517578,43.08000183105469,43.459999084472656,,1337000
2024-03-06,43.95000076293945,44.209999084472656,41.2599983215332,41.310001373291016,,1516000
2024-03-07,41.34999847412109,42.33000183105469,40.83000183105469,40.970001220703125,,1519000
2024-03-08,41.619998931884766,42.84999847412109,39.5099983215332,39.810001373291016,,2234100
2024-03-11,39.720001220703125,40.84000015258789,39.58000183105469,40.34000015258789,,1861200
2024-03-12,40.20000076293945,40.29999923706055,38.7400016784668,39.16999816894531,,1418000
2024-03-13,38.84000015258789,39.70000076293945,38.2400016784668,38.52000045776367,,1177100
2024-03-14,38.2400016784668,38.59999847412109,36.59000015258789,37.220001220703125,,1657200
2024-03-15,36.97999954223633,37.334999084472656,36.220001220703125,36.33000183105469,,1061100
2024-03-18,36.5,36.79999923706055,35.849998474121094,36.08000183105469,,1299600
2024-03-19,35.630001068115234,37.52999877929688,35.41999816894531,37.43000030517578,,1568100
2024-03-20,37.38999938964844,37.880001068115234,36.310001373291016,37.58000183105469,,1035100
2024-03-21,38.27000045776367,39.29999923706055,37.98500061035156,38.0,,1617900
2024-03-22,38.09000015258789,38.09000015258789,36.16999816894531,36.290000915527344,,1318500
2024-03-25,36.31999969482422,36.58000183105469,35.380001068115234,36.310001373291016,,1161400
2024-03-26,36.91999816894531,36.91999816894531,36.060001373291016,36.25,,1329500
2024-03-27,36.880001068115234,36.93000030517578,36.0,36.88999938964844,,1078400
2024-03-28,37.02999877929688,38.4900016784668,36.95000076293945,37.52999877929688,,1527800
2024-04-01,37.84000015258789,37.86000061035156,36.33000183105469,37.04999923706055,,1018100
2024-04-02,36.18000030517578,36.2400016784668,35.619998931884766,36.11000061035156,,1454100
2024-04-03,35.709999084472656,36.369998931884766,35.529998779296875,36.34999847412109,,1582200
2024-04-04,36.93000030517578,37.310001373291016,35.599998474121094,35.7400016784668,,1192300
2024-04-05,35.369998931884766,36.5099983215332,35.279998779296875,36.25,,1294700
2024-04-08,36.52000045776367,36.959999084472656,36.27000045776367,36.5,,1044500
2024-04-09,36.79999923706055,37.73500061035156,36.70000076293945,37.369998931884766,,731700
2024-04-10,35.33000183105469,36.10499954223633,35.150001525878906,35.310001373291016,,1204300
2024-04-11,35.720001220703125,36.459999084472656,34.93000030517578,36.34999847412109,,1583000
2024-04-12,36.0099983215332,36.150001525878906,34.47999954223633,34.54999923706055,,1186300
2024-04-15,34.66999816894531,34.66999816894531,32.68000030517578,32.86000061035156,,1309100
2024-04-16,32.0,32.18199920654297,30.299999237060547,30.799999237060547,,2278400
2024-04-17,30.959999084472656,31.13999938964844,29.1200008392334,29.15999984741211,,3063000
2024-04-18,27.0,29.25,26.75,28.950000762939453,,2956100
2024-04-19,29.049999237060547,29.450000762939453,27.59000015258789,27.940000534057617,,2078500
2024-04-22,28.030000686645508,28.350000381469727,27.399999618530277,27.799999237060547,,1792100
2024-04-23,27.86000061035156,29.0,27.48500061035156,27.57999992370605,,1991600
2024-04-24,27.84000015258789,27.959999084472656,26.93000030517578,27.520000457763672,,1800400
2024-04-25,26.93000030517578,27.13999938964844,26.299999237060547,26.899999618530277,,1133300
2024-04-26,27.020000457763672,27.93899917602539,26.600000381469727,27.59000015258789,,1337600
2024-04-29,28.07999992370605,29.01000022888184,27.82999992370605,28.399999618530277,,1459000
2024-04-30,27.56999969482422,29.3700008392334,27.34000015258789,29.280000686645508,,2596800
2024-05-01,26.5,27.489999771118164,24.600000381469727,26.920000076293945,,6513000
2024-05-02,27.520000457763672,27.57999992370605,25.239999771118164,26.290000915527344,,2019300
2024-05-03,27.32999992370605,27.92200088500977,26.979999542236328,27.479999542236328,,2385300
2024-05-06,27.65999984741211,28.25,27.170000076293945,27.25,,1389400
2024-05-07,27.26000022888184,27.48500061035156,25.739999771118164,26.13999938964844,,1603200
2024-05-08,25.68000030517578,25.864999771118164,25.209999084472656,25.36000061035156,,1662300
2024-05-09,25.440000534057617,26.875,25.030000686645508,26.38999938964844,,2613500
2024-05-10,26.59000015258789,27.399999618530277,25.86899948120117,25.989999771118164,,1248600
2024-05-13,26.229999542236328,27.989999771118164,26.21999931335449,26.96999931335449,,1974200
2024-05-14,27.56999969482422,28.25,26.399999618530277,26.559999465942383,,1598500
2024-05-15,27.290000915527344,27.489999771118164,25.520000457763672,26.38999938964844,,1299900
2024-05-16,26.18000030517578,26.18000030517578,25.459999084472656,25.59000015258789,,1407600
2024-05-17,25.649999618530277,25.649999618530277,24.899999618530277,25.01000022888184,,1569800
2024-05-20,25.200000762939453,25.549999237060547,24.520000457763672,24.82999992370605,,1547100
2024-05-21,24.540000915527344,24.850000381469727,23.899999618530277,23.950000762939453,,1248600
2024-05-22,23.899999618530277,24.75,23.69099998474121,24.06999969482422,,1660300
2024-05-23,23.920000076293945,23.93000030517578,22.799999237060547,22.950000762939453,,1560600
2024-05-24,22.96999931335449,23.045000076293945,22.5049991607666,22.59000015258789,,1646100
2024-05-28,22.82999992370605,22.899999618530277,22.239999771118164,22.700000762939453,,1414100
2024-05-29,22.229999542236328,22.3799991607666,21.739999771118164,22.11000061035156,,1268800
2024-05-30,22.200000762939453,22.450000762939453,22.0,22.40999984741211,,1255800
2024-05-31,22.530000686645508,22.86000061035156,22.049999237060547,22.420000076293945,,1381400
2024-06-03,22.989999771118164,22.989999771118164,21.979999542236328,22.190000534057617,,1361800
2024-06-04,22.059999465942383,22.059999465942383,21.13999938964844,21.51000022888184,,1426100
2024-06-05,21.6200008392334,22.34000015258789,21.18000030517578,22.190000534057617,,1163200
2024-06-06,22.0,22.71999931335449,21.934999465942383,22.530000686645508,,858800
2024-06-07,22.0,22.350000381469727,21.545000076293945,21.8700008392334,,1143600
2024-06-10,21.6299991607666,22.274999618530277,21.40999984741211,22.18000030517578,,998900
2024-06-11,21.90999984741211,21.96999931335449,21.26000022888184,21.57999992370605,,900400
2024-06-12,22.34000015258789,22.74099922180176,21.31999969482422,21.350000381469727,,1103600
2024-06-13,21.34000015258789,21.3700008392334,19.68000030517578,19.71999931335449,,1521000
2024-06-14,19.61000061035156,20.295000076293945,19.34000015258789,20.25,,1245600
2024-06-17,20.1200008392334,20.600000381469727,19.364999771118164,19.979999542236328,,977300
2024-06-18,19.90999984741211,20.36000061035156,19.399999618530277,19.770000457763672,,722300
2024-06-20,19.68000030517578,20.01000022888184,19.200000762939453,19.959999084472656,,1167000
2024-06-21,20.020000457763672,20.18000030517578,19.56999969482422,19.63999938964844,,1465800
2024-06-24,19.649999618530277,20.13500022888184,19.5,19.8799991607666,,1346800
2024-06-25,19.399999618530277,19.86000061035156,19.270000457763672,19.59000015258789,,1690800
2024-06-26,19.549999237060547,19.864999771118164,19.36000061035156,19.5,,1439000
2024-06-27,19.170000076293945,19.920000076293945,18.38999938964844,19.850000381469727,,1888500
2024-06-28,20.0,20.36000061035156,19.26000022888184,19.450000762939453,,3293600
2024-07-01,19.530000686645508,19.718000411987305,18.40999984741211,18.59000015258789,,1737600
2024-07-02,18.93000030517578,19.31800079345703,18.530000686645508,18.8700008392334,,1730200
2024-07-03,19.09000015258789,19.100000381469727,18.545000076293945,18.75,,1357100
2024-07-05,18.90999984741211,19.030000686645508,18.450000762939453,18.71999931335449,,1430700
2024-07-08,18.739999771118164,18.75,18.309999465942383,18.450000762939453,,1388500
2024-07-09,18.420000076293945,18.45400047302246,17.729999542236328,18.25,,1430800
2024-07-10,16.690000534057617,16.979999542236328,15.279999732971191,15.710000038146973,,7620800
2024-07-11,16.15999984741211,17.229999542236328,15.960000038146973,16.989999771118164,,4440000
2024-07-12,17.450000762939453,17.815000534057617,17.059999465942383,17.489999771118164,,3366800
2024-07-15,17.520000457763672,17.65999984741211,16.93000030517578,17.31999969482422,,1927700
2024-07-16,17.40999984741211,20.020000457763672,17.299999237060547,20.0,,2630800
2024-07-17,19.68000030517578,20.13999938964844,19.26000022888184,19.84000015258789,,2192600
2024-07-18,18.90999984741211,19.149999618530277,16.549999237060547,16.559999465942383,,2944400
2024-07-19,16.56999969482422,16.889999389648438,16.25,16.700000762939453,,1880500
2024-07-22,17.5,18.13999938964844,17.100000381469727,18.11000061035156,,2961000
2024-07-23,18.229999542236328,19.40999984741211,18.100000381469727,18.96999931335449,,3505700
2024-07-24,18.950000762939453,19.549999237060547,18.61000061035156,18.96999931335449,,2127100
2024-07-25,18.96999931335449,20.950000762939453,18.82999992370605,19.920000076293945,,1967100
2024-07-26,20.149999618530277,20.799999237060547,19.709999084472656,20.21999931335449,,1648200
2024-07-29,20.38999938964844,20.93000030517578,20.089000701904297,20.309999465942383,,1497800
2024-07-30,20.43000030517578,20.989999771118164,20.01000022888184,20.40999984741211,,1282200
2024-07-31,20.40999984741211,21.59000015258789,20.11000061035156,20.670000076293945,,1498800
2024-08-01,20.76000022888184,20.96999931335449,19.59000015258789,19.68000030517578,,1454600
2024-08-02,18.854999542236328,19.479999542236328,18.059999465942383,19.239999771118164,,1890500
2024-08-05,17.850000381469727,18.5,17.700000762939453,18.32999992370605,,2092800
2024-08-06,18.6299991607666,19.270000457763672,18.270000457763672,18.8700008392334,,1246100
2024-08-07,19.18000030517578,19.46999931335449,18.01499938964844,18.1299991607666,,1559300
2024-08-08,18.200000762939453,19.600000381469727,18.1200008392334,19.549999237060547,,1681000
2024-08-09,21.440000534057617,21.899999618530277,19.84499931335449,20.43000030517578,,3271600
2024-08-12,20.399999618530277,21.0,19.46999931335449,19.649999618530277,,1753400
2024-08-13,19.8799991607666,21.61000061035156,19.530000686645508,21.530000686645508,,1962200
2024-08-14,21.63999938964844,21.649999618530277,19.68000030517578,19.76000022888184,,1605200
2024-08-15,20.5,22.80500030517578,20.374000549316406,22.63999938964844,,2519300
2024-08-16,22.420000076293945,22.90999984741211,21.59000015258789,21.75,,1624100
2024-08-19,22.049999237060547,22.86000061035156,21.864999771118164,22.40999984741211,,1398300
2024-08-20,22.309999465942383,23.09000015258789,22.209999084472656,22.540000915527344,,1583100
2024-08-21,22.56999969482422,23.200000762939453,22.25,23.01000022888184,,1074800
2024-08-22,23.1200008392334,23.229999542236328,22.18000030517578,22.25,,1844800
2024-08-23,22.479999542236328,23.65999984741211,22.26000022888184,23.489999771118164,,1292200
2024-08-26,23.6299991607666,23.6299991607666,22.75,22.799999237060547,,1209200
2024-08-27,22.489999771118164,22.84499931335449,21.88599967956543,22.56999969482422,,1164600
2024-08-28,22.459999084472656,22.63999938964844,21.530000686645508,22.290000915527344,,1229100
2024-08-29,22.549999237060547,23.20400047302246,22.225000381469727,22.809999465942383,,960600
2024-08-30,23.07999992370605,23.670000076293945,22.76000022888184,23.350000381469727,,2348200
2024-09-03,23.51000022888184,24.76000022888184,22.90999984741211,23.030000686645508,,1202600
2024-09-04,22.850000381469727,23.614999771118164,22.55500030517578,22.8700008392334,,817200
2024-09-05,22.8700008392334,23.649999618530277,22.770000457763672,23.13999938964844,,840600
2024-09-06,23.11000061035156,23.350000381469727,21.09000015258789,21.540000915527344,,1862600
2024-09-09,21.559999465942383,22.36000061035156,21.450000762939453,21.81999969482422,,1294500
2024-09-10,21.81999969482422,21.88999938964844,20.940000534057617,21.65999984741211,,1198800
2024-09-11,21.51000022888184,22.1200008392334,21.170000076293945,22.100000381469727,,1049900
2024-09-12,22.200000762939453,22.989999771118164,21.68000030517578,22.549999237060547,,1255400
2024-09-13,22.93000030517578,23.584999084472656,22.30500030517578,22.3700008392334,,995800
2024-09-16,22.38999938964844,22.459999084472656,21.299999237060547,21.520000457763672,,1060400
2024-09-17,21.670000076293945,22.07999992370605,21.170000076293945,21.40999984741211,,1079900
2024-09-18,21.46999931335449,23.520000457763672,21.450000762939453,22.07999992370605,,1607500
2024-09-19,22.940000534057617,24.3799991607666,22.850000381469727,23.479999542236328,,1886100
2024-09-20,23.479999542236328,23.53499984741211,21.93000030517578,22.68000030517578,,2595600
2024-09-23,22.780000686645508,22.780000686645508,22.118000030517575,22.209999084472656,,1095400
2024-09-24,22.36000061035156,23.15999984741211,22.315000534057617,22.96999931335449,,1229400
2024-09-25,22.84000015258789,22.899999618530277,21.06999969482422,21.25,,1354000
2024-09-26,21.88999938964844,22.5,21.54400062561035,22.299999237060547,,959900
2024-09-27,22.68000030517578,23.065000534057617,22.21999931335449,22.670000076293945,,1365500
2024-09-30,22.399999618530277,22.88999938964844,22.18000030517578,22.57999992370605,,915800
2024-10-01,22.549999237060547,22.549999237060547,21.270000457763672,21.309999465942383,,1208500
2024-10-02,21.270000457763672,21.46999931335449,19.11000061035156,20.1299991607666,,2988300
2024-10-03,19.88999938964844,20.25,19.51000022888184,19.61000061035156,,1436900
2024-10-04,19.8799991607666,20.299999237060547,19.709999084472656,20.020000457763672,,956900
2024-10-07,19.809999465942383,19.8700008392334,19.399999618530277,19.82999992370605,,1123800
2024-10-08,19.850000381469727,20.920000076293945,19.670000076293945,20.11000061035156,,955100
2024-10-09,20.11000061035156,20.825000762939453,19.950000762939453,20.809999465942383,,1906500
2024-10-10,14.949999809265137,15.9399995803833,14.020000457763672,15.670000076293944,,14534900
2024-10-11,15.760000228881836,16.649999618530273,15.460000038146973,16.260000228881836,,3415200
2024-10-14,16.219999313354492,16.410999298095703,15.710000038146973,16.270000457763672,,2101200
2024-10-15,16.229999542236328,16.774999618530273,15.890000343322754,15.90999984741211,,1951200
2024-10-16,16.0,16.360000610351562,15.460000038146973,15.739999771118164,,2198000
2024-10-17,15.75,15.789999961853027,14.789999961853027,14.859999656677246,,2199300
2024-10-18,15.109999656677246,15.505000114440918,14.9399995803833,15.4399995803833,,1808000
2024-10-21,15.3100004196167,15.654999732971191,15.100000381469728,15.369999885559082,,1701400
2024-10-22,15.359999656677246,15.510000228881836,14.9350004196167,15.140000343322754,,1572300
2024-10-23,15.06999969482422,15.300000190734863,14.710000038146973,15.100000381469728,,1519000
2024-10-24,15.350000381469728,15.600000381469728,15.199999809265137,15.470000267028809,,1590200
2024-10-25,15.600000381469728,15.739999771118164,15.399999618530272,15.489999771118164,,1088500
2024-10-28,15.6899995803833,16.09000015258789,15.529999732971191,15.859999656677246,,1504000
2024-10-29,15.779999732971191,16.14900016784668,15.43000030517578,15.789999961853027,,1835000
2024-10-30,15.359999656677246,16.889999389648438,15.020000457763672,16.489999771118164,,3251700
2024-10-31,16.3700008392334,17.09000015258789,15.770000457763672,16.030000686645508,,2318400
2024-11-01,16.229999542236328,16.489999771118164,15.699999809265137,16.329999923706055,,1899000
2024-11-04,16.350000381469727,17.020000457763672,16.100000381469727,16.780000686645508,,1264600
2024-11-05,16.469999313354492,17.360000610351562,16.350000381469727,17.34000015258789,,1064200
2024-11-06,18.09000015258789,18.209999084472656,16.06999969482422,16.600000381469727,,3787300
2024-11-07,16.709999084472656,16.969999313354492,16.135000228881836,16.170000076293945,,1846800
2024-11-08,16.049999237060547,16.139999389648438,15.460000038146973,15.640000343322754,,1714700
2024-11-11,15.699999809265137,16.579999923706055,15.649999618530272,15.899999618530272,,3465500
2024-11-12,15.670000076293944,16.34000015258789,15.460000038146973,15.68000030517578,,1792800
2024-11-13,15.600000381469728,15.890000343322754,14.84000015258789,14.90999984741211,,2098900
2024-11-14,14.93000030517578,15.020000457763672,14.100000381469728,14.119999885559082,,2254800
2024-11-15,14.050000190734863,14.06999969482422,13.295000076293944,13.34000015258789,,2890800
2024-11-18,13.34000015258789,13.460000038146973,12.960000038146973,13.18000030517578,,2017500
2024-11-19,13.079999923706056,13.574999809265137,12.949999809265137,13.56999969482422,,1758500
2024-11-20,13.609999656677246,13.800000190734863,13.163999557495115,13.31999969482422,,1406000
2024-11-21,13.300000190734863,13.510000228881836,13.015000343322754,13.289999961853027,,1626000
2024-11-22,13.170000076293944,14.5649995803833,12.979999542236328,14.3100004196167,,5630800
2024-11-25,14.699999809265137,15.670000076293944,14.609000205993652,15.300000190734863,,2394500
2024-11-26,15.050000190734863,15.09000015258789,14.609999656677246,15.010000228881836,,3032400
2024-11-27,15.279999732971191,15.720000267028809,15.220000267028809,15.479999542236328,,1510100
2024-11-29,15.529999732971191,15.899999618530272,15.489999771118164,15.899999618530272,,960900
2024-12-02,15.760000228881836,16.530000686645508,15.6899995803833,16.469999313354492,,1718700
2024-12-03,16.3799991607666,16.459999084472656,15.579999923706056,15.81999969482422,,1253200
2024-12-04,15.81999969482422,16.350000381469727,15.539999961853027,15.989999771118164,,1066800
2024-12-05,15.989999771118164,16.100000381469727,15.100000381469728,15.229999542236328,,1856400
2024-12-06,15.56999969482422,16.18000030517578,15.390000343322754,15.869999885559082,,1301300
2024-12-09,16.059999465942383,16.5,15.890000343322754,16.149999618530273,,1468500
2024-12-10,16.139999389648438,16.729999542236328,15.739999771118164,16.149999618530273,,1266200
2024-12-11,16.399999618530273,16.469999313354492,15.859999656677246,16.079999923706055,,739300
2024-12-12,15.699999809265137,15.835000038146973,14.390000343322754,14.949999809265137,,2678000
2024-12-13,14.899999618530272,15.029999732971191,14.0600004196167,14.204999923706056,,2987200
2024-12-16,14.210000038146973,15.0600004196167,13.81999969482422,14.989999771118164,,3431600
2024-12-17,14.960000038146973,15.3100004196167,14.470000267028809,14.720000267028809,,1278500
2024-12-18,14.729999542236328,14.890000343322754,13.170000076293944,13.420000076293944,,1930900
2024-12-19,13.710000038146973,13.729999542236328,13.199999809265137,13.609999656677246,,1735200
2024-12-20,13.520000457763672,14.4399995803833,13.40999984741211,14.039999961853027,,2024600
2024-12-23,14.029999732971191,14.869999885559082,13.920000076293944,14.729999542236328,,2052700
2024-12-24,14.970000267028809,14.989999771118164,14.59000015258789,14.670000076293944,,902300
2024-12-26,14.420000076293944,14.979999542236328,14.199999809265137,14.670000076293944,,1224400
2024-12-27,14.529999732971191,14.739999771118164,14.25,14.59000015258789,,1252000
2024-12-30,14.3100004196167,14.619999885559082,13.920000076293944,14.350000381469728,,1148200
2024-12-31,14.43000030517578,14.539999961853027,14.170000076293944,14.359999656677246,,906400
2025-01-02,14.5,14.84000015258789,14.114999771118164,14.1899995803833,,1139900
2025-01-03,14.279999732971191,15.93000030517578,14.029999732971191,15.600000381469728,,2284900
2025-01-06,15.899999618530272,16.3799991607666,15.649999618530272,15.920000076293944,,2126600
2025-01-07,16.040000915527344,16.940000534057617,15.489999771118164,15.529999732971191,,1739600
2025-01-08,15.15999984741211,16.030000686645508,14.71500015258789,15.829999923706056,,1345100
2025-01-10,15.279999732971191,15.649999618530272,14.880000114440918,15.579999923706056,,1491000
2025-01-13,16.399999618530273,17.25,15.369999885559082,15.710000038146973,,2992700
2025-01-14,15.970000267028809,16.469999313354492,15.0600004196167,15.4399995803833,,1893100
2025-01-15,16.110000610351562,16.6299991607666,14.960000038146973,14.979999542236328,,2778700
2025-01-16,14.970000267028809,15.1899995803833,14.0600004196167,15.09000015258789,,2728700
2025-01-17,15.460000038146973,15.5,14.899999618530272,15.079999923706056,,1324800
2025-01-21,15.380000114440918,16.219999313354492,15.199999809265137,16.15999984741211,,1723400
2025-01-22,16.100000381469727,16.75,15.989999771118164,16.309999465942383,,1397700
2025-01-23,16.100000381469727,16.1299991607666,14.1850004196167,14.899999618530272,,3457100
2025-01-24,14.949999809265137,15.15999984741211,14.574999809265137,14.8100004196167,,1846400
2025-01-27,14.609999656677246,15.039999961853027,14.4399995803833,14.850000381469728,,1342100
2025-01-28,14.989999771118164,15.0,13.760000228881836,14.84000015258789,,1778800
2025-01-29,14.960000038146973,15.170000076293944,14.539999961853027,14.84000015258789,,1688400
2025-01-30,15.239999771118164,15.600000381469728,14.880000114440918,15.079999923706056,,2276000
2025-01-31,15.18000030517578,15.5,14.800000190734863,15.0,,1822100
2025-02-03,14.5,14.770000457763672,14.149999618530272,14.449999809265137,,1662300
2025-02-04,14.25,14.66800022125244,14.010000228881836,14.40999984741211,,2031700
2025-02-05,14.550000190734863,15.16800022125244,14.279999732971191,14.699999809265137,,3138100
2025-02-06,14.800000190734863,15.079999923706056,14.529999732971191,14.649999618530272,,2158600
2025-02-07,14.68000030517578,15.199999809265137,13.779999732971191,14.25,,2557700
2025-02-10,13.43000030517578,13.460000038146973,11.895999908447266,12.0600004196167,,6636300
2025-02-11,11.979999542236328,12.770000457763672,11.675000190734863,11.81999969482422,,3607300
2025-02-12,11.59000015258789,12.255000114440918,11.550000190734863,12.0,,4211000
2025-02-13,11.149999618530272,12.050000190734863,10.800000190734863,11.9399995803833,,5940000
2025-02-14,12.010000228881836,13.06999969482422,11.864999771118164,12.3149995803833,,4358100
2025-02-18,12.579999923706056,13.119999885559082,11.93000030517578,12.06999969482422,,3594700
2025-02-19,11.81999969482422,12.359999656677246,11.43000030517578,12.100000381469728,,2875000
2025-02-20,12.130000114440918,12.164999961853027,11.489999771118164,11.5600004196167,,2422200
2025-02-21,11.609999656677246,11.850000381469728,10.829999923706056,10.899999618530272,,2849600
2025-02-24,10.890000343322754,11.40999984741211,10.630000114440918,11.289999961853027,,3513000
2025-02-25,11.260000228881836,11.479999542236328,10.93000030517578,11.109999656677246,,3665500
2025-02-26,11.600000381469728,11.895000457763672,11.37399959564209,11.649999618530272,,3013700
2025-02-27,11.4399995803833,11.56999969482422,10.739999771118164,10.779999732971191,,2589800
2025-02-28,10.56999969482422,10.800000190734863,10.399999618530272,10.6899995803833,,2895600
2025-03-03,10.6899995803833,10.729999542236328,9.770000457763672,9.850000381469728,,3352100
2025-03-04,9.489999771118164,10.75,9.270000457763672,10.520000457763672,,5438500
2025-03-05,10.68000030517578,11.505000114440918,10.359999656677246,10.93000030517578,,3842200
2025-03-06,10.609999656677246,11.5600004196167,10.609999656677246,11.470000267028809,,4344300
2025-03-07,11.449999809265137,11.789999961853027,11.0600004196167,11.699999809265137,,3310400
2025-03-10,11.5,11.609999656677246,10.529999732971191,10.59000015258789,,3074700
2025-03-11,10.579999923706056,11.25,10.369999885559082,10.8100004196167,,3800600
2025-03-12,10.890000343322754,10.979999542236328,10.520000457763672,10.850000381469728,,2489100
2025-03-13,10.75,10.84000015258789,9.859999656677246,9.880000114440918,,2257300
2025-03-14,10.05500030517578,10.414999961853027,10.010000228881836,10.34000015258789,,2791700
2025-03-17,10.380000114440918,10.869999885559082,10.279999732971191,10.760000228881836,,2045500
2025-03-18,10.56999969482422,10.640000343322754,10.255000114440918,10.510000228881836,,2697900
2025-03-19,10.479999542236328,10.75,10.260000228881836,10.289999961853027,,2649800
2025-03-20,10.18000030517578,10.32800006866455,9.829999923706056,9.949999809265137,,4056200
2025-03-21,9.829999923706056,10.425000190734863,9.649999618530272,10.390000343322754,,3434900
2025-03-24,10.520000457763672,10.600000381469728,10.31999969482422,10.390000343322754,,2801000
2025-03-25,10.369999885559082,10.489999771118164,9.699999809265137,9.75,,3231200
2025-03-26,9.75,9.829999923706056,9.324999809265137,9.579999923706056,,3843200
2025-03-27,9.510000228881836,9.649999618530272,9.3100004196167,9.40999984741211,,2953000
2025-03-28,9.350000381469728,9.470000267028809,8.920000076293945,9.15999984741211,,2665900
2025-03-31,8.880000114440918,8.989999771118164,8.670000076293945,8.729999542236328,,2397600
2025-04-01,8.664999961853027,9.029999732971191,8.539999961853027,8.670000076293945,,2456200
2025-04-02,8.569999694824219,9.229999542236328,8.529999732971191,8.850000381469727,,3163300
2025-04-03,8.359999656677246,8.520000457763672,7.940000057220459,7.96999979019165,,3207400
2025-04-04,7.679999828338623,7.78000020980835,7.184999942779541,7.46999979019165,,3859600
2025-04-07,7.130000114440918,7.869999885559082,6.78000020980835,7.579999923706055,,4195100
2025-04-08,7.980000019073486,8.149999618530273,6.980000019073486,7.139999866485596,,3338400
2025-04-09,6.940000057220459,8.859999656677246,6.940000057220459,8.670000076293945,,5756300
2025-04-10,8.289999961853027,8.350000381469727,7.519999980926514,7.699999809265137,,3934200
2025-04-11,7.75,8.0600004196167,7.427000045776367,8.010000228881836,,3349000
2025-04-14,8.279999732971191,8.515000343322754,8.109999656677246,8.274999618530273,,3360000
2025-04-15,8.149999618530273,8.414999961853027,7.96999979019165,8.15999984741211,,3053700
2025-04-16,8.069999694824219,8.220000267028809,7.860000133514404,8.029999732971191,,2980800
2025-04-17,7.739999771118164,7.775000095367432,7.329999923706055,7.510000228881836,,6488600
2025-04-21,7.389999866485596,7.699999809265137,7.25,7.679999828338623,,6988500
2025-04-22,7.860000133514404,8.010000228881836,7.735000133514404,7.960000038146973,,4661000
2025-04-23,8.420000076293945,8.670000076293945,7.940000057220459,8.015000343322754,,4434700
2025-04-24,8.270000457763672,8.319999694824219,7.860000133514404,8.3100004196167,,5770500
2025-04-25,8.260000228881836,8.335000038146973,7.949999809265137,8.300000190734863,,3029700
2025-04-28,8.479999542236328,8.6899995803833,8.270000457763672,8.479999542236328,,3178700
2025-04-29,8.550000190734863,8.59000015258789,8.279999732971191,8.380000114440918,,2564900
2025-04-30,8.119999885559082,8.289999961853027,8.039999961853027,8.270000457763672,,2785900
2025-05-01,8.300000190734863,8.380000114440918,8.074999809265137,8.100000381469727,,2997700
2025-05-02,8.430000305175781,8.59000015258789,8.229999542236328,8.430000305175781,,3188300
2025-05-05,8.390000343322754,8.630000114440918,8.239999771118164,8.609999656677246,,3365200
2025-05-06,8.380000114440918,8.430000305175781,8.0600004196167,8.100000381469727,,3544100
2025-05-07,8.170000076293945,8.359999656677246,7.71999979019165,8.3100004196167,,4168800
2025-05-08,8.395000457763672,8.880000114440918,8.25,8.630000114440918,,4978800
2025-05-09,9.704999923706056,10.149999618530272,8.329999923706055,8.770000457763672,,7830400
2025-05-12,9.300000190734863,9.739999771118164,9.059000015258787,9.489999771118164,,4036700
2025-05-13,9.609999656677246,9.789999961853027,9.4399995803833,9.649999618530272,,4149200
2025-05-14,9.710000038146973,9.779999732971191,9.079999923706056,9.119999885559082,,4666500
2025-05-15,9.010000228881836,9.25,8.699999809265137,9.199999809265137,,3173500
2025-05-16,9.220000267028809,9.420000076293944,8.949999809265137,9.390000343322754,,3013300
2025-05-19,9.119999885559082,9.199999809265137,8.760000228881836,8.930000305175781,,4292800
2025-05-20,8.90999984741211,9.170000076293944,8.739999771118164,9.079999923706056,,2045300
2025-05-21,8.84000015258789,8.854999542236328,8.295000076293945,8.319999694824219,,2318100
2025-05-22,8.225000381469727,8.555000305175781,8.119999885559082,8.539999961853027,,2617900
2025-05-23,8.239999771118164,8.380000114440918,8.0649995803833,8.170000076293945,,1800700
2025-05-27,8.470000267028809,8.630000114440918,8.3100004196167,8.59000015258789,,2654800
2025-05-28,8.609999656677246,9.079999923706056,8.41100025177002,8.859999656677246,,2849900
2025-05-29,8.9399995803833,9.385000228881836,8.8100004196167,9.335000038146973,,4306700
2025-05-30,9.220000267028809,9.59000015258789,9.039999961853027,9.529999732971191,,4649200
2025-06-02,9.609999656677246,9.789999961853027,9.420000076293944,9.449999809265137,,5475400
2025-06-03,9.470000267028809,9.475000381469728,8.958999633789062,9.109999656677246,,4363000
2025-06-04,9.039999961853027,9.470000267028809,9.03499984741211,9.34000015258789,,3490000
2025-06-05,9.420000076293944,9.654999732971191,8.944999694824219,9.109999656677246,,3396600
2025-06-06,9.380000114440918,9.829999923706056,9.210000038146973,9.420000076293944,,5025800
2025-06-09,9.630000114440918,10.18000030517578,9.300000190734863,10.09000015258789,,6574700
2025-06-10,10.199999809265137,10.739999771118164,10.119999885559082,10.649999618530272,,5382600
2025-06-11,10.850000381469728,11.119999885559082,10.69499969482422,10.779999732971191,,4228900
2025-06-12,10.600000381469728,10.8100004196167,10.43000030517578,10.579999923706056,,3272900
2025-06-13,10.350000381469728,10.670000076293944,10.239999771118164,10.414999961853027,,2237800
2025-06-16,10.529999732971191,11.18000030517578,10.170000076293944,11.010000228881836,,3824900
2025-06-17,10.869999885559082,10.935999870300291,10.539999961853027,10.5600004196167,,2712400
2025-06-18,10.619999885559082,11.100000381469728,10.380000114440918,10.869999885559082,,3862000
2025-06-20,11.020000457763672,11.020000457763672,10.505000114440918,10.8100004196167,,3655200
2025-06-23,10.670000076293944,10.96500015258789,10.475000381469728,10.789999961853027,,3104800
2025-06-24,11.010000228881836,11.154000282287598,10.770000457763672,10.890000343322754,,3084900
2025-06-25,10.960000038146973,12.029999732971191,10.630000114440918,11.65999984741211,,6484500
2025-06-26,11.649999618530272,12.109999656677246,11.369999885559082,11.699999809265137,,4665000
2025-06-27,11.829999923706056,11.829999923706056,11.350000381469728,11.729999542236328,,17909500
2025-06-30,11.75,12.050000190734863,11.5649995803833,11.579999923706056,,3126500
2025-07-01,11.479999542236328,12.40999984741211,11.25,12.0600004196167,,3510400
2025-07-02,12.06999969482422,13.05500030517578,11.899999618530272,13.010000228881836,,4041600
2025-07-03,13.010000228881836,13.140000343322754,12.75,13.010000228881836,,2002800
2025-07-07,12.90999984741211,12.970000267028809,11.725000381469728,11.920000076293944,,4112500
2025-07-08,11.960000038146973,12.34000015258789,11.850000381469728,12.25,,3004900
2025-07-09,12.279999732971191,12.65999984741211,11.890000343322754,12.100000381469728,,2970000
2025-07-10,12.270000457763672,12.739999771118164,12.130000114440918,12.619999885559082,,3019100
2025-07-11,12.369999885559082,12.994999885559082,12.229999542236328,12.800000190734863,,2958800
2025-07-14,12.65999984741211,12.890000343322754,12.359999656677246,12.470000267028809,,3017300
2025-07-15,12.600000381469728,12.770000457763672,12.130000114440918,12.220000267028809,,2541800
2025-07-16,12.449999809265137,12.630000114440918,12.09000015258789,12.369999885559082,,2794700
2025-07-17,12.43000030517578,12.579999923706056,12.300000190734863,12.449999809265137,,2083300
2025-07-18,12.600000381469728,12.654999732971191,12.0600004196167,12.149999618530272,,1892700
2025-07-21,11.979999542236328,12.0649995803833,11.449999809265137,11.539999961853027,,3190800
2025-07-22,11.729999542236328,13.039999961853027,11.600000381469728,12.989999771118164,,3770800
2025-07-23,13.34000015258789,14.154999732971191,13.029999732971191,13.619999885559082,,4027100
2025-07-24,13.470000267028809,13.90999984741211,13.260000228881836,13.729999542236328,,3263100
2025-07-25,13.8100004196167,14.3100004196167,13.350000381469728,14.109999656677246,,3318500
2025-07-28,14.149999618530272,14.9399995803833,13.890000343322754,14.640000343322754,,3780600
2025-07-29,14.670000076293944,14.725000381469728,13.760000228881836,14.0,,3399500
2025-07-30,14.149999618530272,14.31999969482422,13.59000015258789,13.90999984741211,,2610400
2025-07-31,13.69499969482422,14.289999961853027,13.28499984741211,13.449999809265137,,3930200
2025-08-01,13.100000381469728,13.329999923706056,12.75,13.079999923706056,,2652200
2025-08-04,13.109999656677246,13.704999923706056,12.8100004196167,13.68000030517578,,3039100
2025-08-05,13.640000343322754,13.65999984741211,13.19499969482422,13.3100004196167,,2576400
2025-08-06,13.239999771118164,13.31999969482422,12.270000457763672,12.65999984741211,,2915200
2025-08-07,13.010000228881836,13.010000228881836,12.425000190734863,12.800000190734863,,2851100
2025-08-08,14.489999771118164,14.489999771118164,11.880000114440918,12.289999961853027,,4792400
2025-08-11,12.34000015258789,12.600000381469728,12.06999969482422,12.3100004196167,,2578900
2025-08-12,12.5,13.08899974822998,12.265000343322754,12.8100004196167,,3954600
2025-08-13,13.039999961853027,14.21500015258789,12.949999809265137,13.56999969482422,,7681000
2025-08-14,13.699999809265137,13.93000030517578,12.850000381469728,13.239999771118164,,5590200
2025-08-15,13.34000015258789,13.699999809265137,13.125,13.359999656677246,,2481000
2025-08-18,13.369999885559082,13.720000267028809,13.239999771118164,13.460000038146973,,2236400
2025-08-19,13.510000228881836,13.649999618530272,13.149999618530272,13.40999984741211,,2759400
2025-08-20,13.34000015258789,13.59000015258789,12.93000030517578,13.359999656677246,,2766700
2025-08-21,13.229999542236328,13.420000076293944,12.949999809265137,13.100000381469728,,2078700
2025-08-22,13.15999984741211,14.300000190734863,13.109999656677246,14.300000190734863,,3448200
2025-08-25,14.25,14.300000190734863,13.824999809265137,14.06999969482422,,1653600
2025-08-26,14.079999923706056,14.220000267028809,13.850000381469728,14.029999732971191,,1442800
2025-08-27,13.9350004196167,14.15999984741211,13.80500030517578,14.020000457763672,,1690200
2025-08-28,14.295000076293944,14.56999969482422,14.010000228881836,14.279999732971191,,2342900
2025-08-29,14.289999961853027,14.43000030517578,13.970000267028809,14.010000228881836,,1568500
2025-09-02,13.739999771118164,13.8100004196167,13.109999656677246,13.369999885559082,,2277900
2025-09-03,13.369999885559082,13.5600004196167,13.255000114440918,13.34000015258789,,2604900
2025-09-04,13.260000228881836,13.579999923706056,12.970000267028809,13.56999969482422,,1709900
2025-09-05,13.579999923706056,14.100000381469728,13.579999923706056,13.960000038146973,,1875200
2025-09-08,14.0600004196167,14.079999923706056,13.520000457763672,13.93000030517578,,1869300
2025-09-09,13.850000381469728,13.93000030517578,13.270000457763672,13.5,,1932100
2025-09-10,13.479999542236328,13.625,12.579999923706056,12.59000015258789,,2499100
2025-09-11,12.390000343322754,13.130000114440918,12.385000228881836,13.0600004196167,,3687700
2025-09-12,13.0,13.010000228881836,12.545000076293944,12.640000343322754,,2516000
2025-09-15,12.850000381469728,13.385000228881836,12.789999961853027,13.350000381469728,,2633700
2025-09-16,13.34000015258789,13.350000381469728,12.935999870300291,13.130000114440918,,3115100
2025-09-17,13.130000114440918,13.65999984741211,12.800000190734863,12.859999656677246,,2265500
2025-09-18,13.18000030517578,13.5,13.050000190734863,13.270000457763672,,2220100
2025-09-19,13.220000267028809,13.3100004196167,12.850000381469728,13.039999961853027,,3263300
2025-09-22,13.100000381469728,13.359999656677246,12.970000267028809,13.039999961853027,,1918900
2025-09-23,13.039999961853027,13.125,12.4399995803833,12.489999771118164,,1554900
2025-09-24,12.520000457763672,12.649999618530272,11.960000038146973,12.0600004196167,,2781700
2025-09-25,11.720000267028809,12.074999809265137,11.670000076293944,11.949999809265137,,2527000
2025-09-26,11.949999809265137,12.020000457763672,11.609999656677246,11.720000267028809,,3066500
2025-09-29,11.800000190734863,11.880000114440918,11.270000457763672,11.34000015258789,,5161200
2025-09-30,11.390000343322754,11.744999885559082,11.220000267028809,11.6899995803833,,2558600
2025-10-01,11.75,12.529999732971191,11.68000030517578,12.390000343322754,,3122800
2025-10-02,12.460000038146973,12.529999732971191,12.170000076293944,12.3100004196167,,2351000
2025-10-03,12.380000114440918,12.96500015258789,12.359999656677246,12.75,,2426100
2025-10-06,12.770000457763672,13.220000267028809,12.539999961853027,12.640000343322754,,2347300
2025-10-07,12.744999885559082,12.744999885559082,11.545000076293944,11.600000381469728,,2869200
2025-10-08,11.649999618530272,12.09000015258789,11.529999732971191,12.06999969482422,,2993700
2025-10-09,12.0600004196167,12.140000343322754,11.600000381469728,11.710000038146973,,1897200
2025-10-10,11.81999969482422,11.90999984741211,11.18000030517578,11.470000267028809,,3174200
2025-10-13,11.68000030517578,11.725000381469728,11.350000381469728,11.600000381469728,,1543900
2025-10-14,11.329999923706056,11.760000228881836,11.15999984741211,11.539999961853027,,1696000
2025-10-15,11.739999771118164,12.140000343322754,11.619999885559082,11.890000343322754,,2460400
2025-10-16,12.0,12.656000137329102,11.989999771118164,12.380000114440918,,2453100
2025-10-17,12.25,12.489999771118164,11.80500030517578,11.829999923706056,,2230100
2025-10-20,11.90999984741211,13.449999809265137,11.869999885559082,13.140000343322754,,6082000
2025-10-21,13.149999618530272,13.350000381469728,12.755000114440918,13.029999732971191,,2467700
2025-10-22,12.989999771118164,13.06999969482422,12.079999923706056,12.260000228881836,,3152800
2025-10-23,12.279999732971191,13.385000228881836,12.244999885559082,13.359999656677246,,2591300
2025-10-24,13.670000076293944,13.9399995803833,13.5,13.770000457763672,,3430300
2025-10-27,13.81999969482422,13.859999656677246,13.510000228881836,13.59000015258789,,2162200
2025-10-28,13.539999961853027,13.609000205993652,13.114999771118164,13.34000015258789,,1755300
2025-10-29,13.109999656677246,13.5,12.800000190734863,12.899999618530272,,2040200
2025-10-30,12.760000228881836,13.05500030517578,12.34000015258789,12.4399995803833,,1869200
2025-10-31,12.5600004196167,13.850000381469728,12.4399995803833,13.640000343322754,,2613900
2025-11-03,13.670000076293944,13.710000038146973,12.890000343322754,13.699999809265137,,2257900
2025-11-04,13.31999969482422,13.84000015258789,13.0600004196167,13.359999656677246,,2447600
2025-11-05,13.289999961853027,13.649999618530272,13.0,13.489999771118164,,2640400
2025-11-06,13.15999984741211,13.359999656677246,12.800000190734863,13.0,,3454300
2025-11-07,14.3100004196167,15.260000228881836,13.579999923706056,15.25,,7829700
2025-11-10,15.710000038146973,17.280000686645508,15.640000343322754,17.079999923706055,,5046800
2025-11-11,17.0,17.700000762939453,16.479999542236328,16.59000015258789,,4456100
2025-11-12,16.600000381469727,17.25,16.450000762939453,16.690000534057617,,2819100
2025-11-13,16.399999618530273,16.8700008392334,15.899999618530272,16.350000381469727,,3468800
2025-11-14,15.329999923706056,16.299999237060547,15.119999885559082,15.890000343322754,,3272700
2025-11-17,15.699999809265137,16.524999618530273,15.5,15.699999809265137,,2335700
2025-11-18,15.630000114440918,15.760000228881836,15.18000030517578,15.5600004196167,,2341300
2025-11-19,15.529999732971191,16.06999969482422,15.416999816894531,15.649999618530272,,1680100
2025-11-20,16.200000762939453,17.15999984741211,16.110000610351562,16.459999084472656,,3719800
2025-11-21,16.459999084472656,18.6200008392334,16.360000610351562,18.34000015258789,,4086300
2025-11-24,18.420000076293945,20.26499938964844,18.1200008392334,20.1299991607666,,5225700
2025-11-25,20.0,20.34000015258789,18.899999618530277,19.06999969482422,,5161300
2025-11-26,18.582000732421875,19.18000030517578,18.46999931335449,18.75,,3155300
2025-11-28,18.82999992370605,19.285999298095703,18.43000030517578,18.809999465942383,,1570600
2025-12-01,18.40999984741211,18.7450008392334,17.875,18.07999992370605,,2474900
2025-12-02,17.829999923706055,18.170000076293945,17.65999984741211,17.940000534057617,,1852900
2025-12-03,17.940000534057617,18.51000022888184,17.809999465942383,17.8700008392334,,1716500
2025-12-04,17.600000381469727,18.30500030517578,17.059999465942383,18.149999618530277,,1826300
2025-12-05,18.020000457763672,18.200000762939453,17.389999389648438,17.770000457763672,,1913600
2025-12-08,18.1200008392334,18.200000762939453,17.31999969482422,17.469999313354492,,1373400
2025-12-09,17.440000534057617,17.860000610351562,17.350000381469727,17.84000015258789,,2037600
2025-12-10,17.690000534057617,18.37800025939941,17.405000686645508,17.530000686645508,,2952000
2025-12-11,16.979999542236328,17.309999465942383,16.094999313354492,16.540000915527344,,2433600
2025-12-12,16.540000915527344,16.68000030517578,15.420000076293944,15.460000038146973,,2505400
2025-12-15,16.020000457763672,16.030000686645508,15.18000030517578,15.760000228881836,,2773100
2025-12-16,15.739999771118164,15.881999969482422,15.350000381469728,15.710000038146973,,1782600
2025-12-17,15.710000038146973,16.280000686645508,15.600000381469728,15.75,,2182800
2025-12-18,16.18000030517578,16.700000762939453,15.970000267028809,16.0,,2016400
2025-12-19,16.059999465942383,16.299999237060547,15.81999969482422,16.049999237060547,,2048200
2025-12-22,16.049999237060547,16.969999313354492,15.899999618530272,16.940000534057617,,2274600
2025-12-23,16.739999771118164,16.739999771118164,16.110000610351562,16.5,,2336100
2025-12-24,16.469999313354492,16.854999542236328,16.25,16.690000534057617,,939600
2025-12-26,16.639999389648438,16.725000381469727,16.350000381469727,16.489999771118164,,895600
2025-12-29,16.350000381469727,16.469999313354492,15.949999809265137,16.149999618530273,,1469100
2025-12-30,16.209999084472656,16.350000381469727,15.90999984741211,16.290000915527344,,1468100
2025-12-31,16.15999984741211,16.479999542236328,16.0,16.309999465942383,,1581800
2026-01-02,16.309999465942383,17.170000076293945,16.225000381469727,16.6200008392334,,1934800
2026-01-05,16.8799991607666,18.3799991607666,16.780000686645508,18.31999969482422,,2890200
2026-01-06,18.32999992370605,19.40999984741211,18.209999084472656,19.309999465942383,,3404000
2026-01-07,19.149999618530277,20.299999237060547,19.075000762939453,19.989999771118164,,2972400
2026-01-08,20.084999084472656,20.084999084472656,19.040000915527344,19.290000915527344,,2855600
2026-01-09,19.38999938964844,20.71999931335449,19.26499938964844,20.459999084472656,,4061300
2026-01-12,20.940000534057617,21.18000030517578,18.405000686645508,19.799999237060547,,4609200
2026-01-13,19.940000534057617,20.729999542236328,19.5,20.520000457763672,,2896800
2026-01-14,20.440000534057617,20.959999084472656,20.03400039672852,20.920000076293945,,1848300
2026-01-15,20.979999542236328,21.50200080871582,20.01000022888184,21.200000762939453,,1777000
2026-01-16,21.200000762939453,21.350000381469727,20.38999938964844,20.520000457763672,,1632300
2026-01-20,19.6299991607666,22.20499992370605,19.34000015258789,22.049999237060547,,2947000
2026-01-21,22.200000762939453,22.700000762939453,21.347999572753903,22.68000030517578,,2318700
2026-01-22,22.899999618530277,23.530000686645508,22.56399917602539,23.190000534057617,,2707500
2026-01-23,23.065000534057617,23.559999465942383,22.06999969482422,22.3799991607666,,3916800
2026-01-26,21.8700008392334,22.709999084472656,21.709999084472656,22.5,,1664400
2026-01-27,22.059999465942383,22.34000015258789,21.51000022888184,21.6200008392334,,1613100
2026-01-28,21.600000381469727,21.600000381469727,20.9950008392334,21.07999992370605,,1764600
2026-01-29,20.920000076293945,20.920000076293945,19.96999931335449,20.799999237060547,,3390000
2026-01-30,20.57999992370605,20.68000030517578,19.81999969482422,20.200000762939453,,2721100
2026-02-02,20.200000762939453,20.479999542236328,19.6299991607666,19.950000762939453,,2177100
2026-02-03,20.15999984741211,20.48500061035156,19.045000076293945,19.280000686645508,,2755800
2026-02-04,19.38999938964844,19.565000534057617,18.88999938964844,19.059999465942383,,2553100
2026-02-05,18.670000076293945,19.36000061035156,17.3700008392334,17.700000762939453,,4256500
2026-02-06,18.31999969482422,18.709999084472656,17.700000762939453,18.61000061035156,,3236300
2026-02-09,18.440000534057617,18.82999992370605,17.959999084472656,18.540000915527344,,2749300
2026-02-10,18.520000457763672,19.43000030517578,18.36000061035156,19.149999618530277,,3501400
2026-02-11,19.059999465942383,19.190000534057617,18.500999450683597,19.149999618530277,,1810100
2026-02-12,19.00200080871582,19.149999618530277,17.260000228881836,17.510000228881836,,3698600
2026-02-13,19.239999771118164,20.88999938964844,17.639999389648438,18.1200008392334,,4583200
2026-02-17,17.950000762939453,19.520000457763672,17.8799991607666,18.6200008392334,,2907100
2026-02-18,18.604999542236328,19.780000686645508,18.479999542236328,19.56999969482422,,2575400
2026-02-19,19.32999992370605,19.65999984741211,18.63999938964844,19.190000534057617,,2376500
2026-02-20,19.149999618530277,19.88999938964844,18.770000457763672,18.8799991607666,,2304700
2026-02-23,18.479999542236328,18.920000076293945,18.31999969482422,18.88999938964844,,2167700
2026-02-24,18.920000076293945,19.229999542236328,18.517000198364254,19.100000381469727,,2317400
2026-02-25,19.40999984741211,19.799999237060547,19.100000381469727,19.65999984741211,,2444900
2026-02-26,19.65999984741211,22.170000076293945,19.65999984741211,22.1299991607666,,3713700
2026-02-27,21.57999992370605,23.104999542236328,21.208999633789062,23.049999237060547,,3756800
2026-03-02,22.43000030517578,23.26000022888184,21.82999992370605,23.13999938964844,,3050800
2026-03-03,21.631999969482425,23.299999237060547,21.25,22.6200008392334,,2435400
2026-03-04,22.61000061035156,23.09000015258789,22.20499992370605,22.3700008392334,,1974500
2026-03-05,21.82999992370605,22.93000030517578,21.350000381469727,21.63999938964844,,1873600
2026-03-06,21.020000457763672,21.43000030517578,20.56999969482422,20.809999465942383,,1616300
2026-03-09,20.489999771118164,21.25,20.25,20.90999984741211,,1657100
2026-03-10,21.040000915527344,21.229999542236328,20.059999465942383,20.459999084472656,,1712000
2026-03-11,20.34000015258789,20.59000015258789,20.0,20.459999084472656,,1475800
2026-03-12,20.229999542236328,20.290000915527344,18.799999237060547,18.940000534057617,,2168800
2026-03-13,18.979999542236328,19.81999969482422,18.649999618530273,18.790000915527344,,1677114
